timestamp,candidate_id,asset,symbol,strategy_version,candle_close_time,candle_time,open,high,low,close,rsi,ma20,bb_lower,ma200,atr,atr_pct,rsi_prev,planned_reward_r,passed,rejection_reasons
2026-09-16T07:37:24.395516+00:00,SIE_OLD_MR_REGIME_EXHAUSTION_CONFIRM_V1,BTC,BTCUSDT,strategy-lab-v1.0.0:SIE_OLD_MR_REGIME_EXHAUSTION_CONFIRM_V1,1789326000000,2026-09-13T19:00:00+00:00,77312.33,77386.25,77193.06,77253.72,48.80802614693133,77078.716,76625.16198264783,78370.8743,249.63285714285823,0.003231337690183181,53.80977856488413,1.249999999999971,False,TREND_SUPPORT_NOT_CONFIRMED|PLANNED_REWARD_TOO_LOW|RSI_NOT_BELOW_32|CLOSE_NOT_NEAR_OR_BELOW_LOWER_BB|CLOSE_NOT_ABOVE_MA200|RSI_RECOVERY_NOT_CONFIRMED
2026-09-16T07:37:24.395516+00:00,SIE_OLD_MR_REGIME_EXHAUSTION_CONFIRM_V1,BTC,BTCUSDT,strategy-lab-v1.0.0:SIE_OLD_MR_REGIME_EXHAUSTION_CONFIRM_V1,1789329600000,2026-09-13T20:00:00+00:00,77253.73,77344.55,77226.99,77322.58,57.63673749143237,77082.197,76622.32254647567,78358.93355,238.75071428571496,0.003087723072428713,48.80802614693133,1.2499999999999847,False,TREND_SUPPORT_NOT_CONFIRMED|PLANNED_REWARD_TOO_LOW|RSI_NOT_BELOW_32|CLOSE_NOT_NEAR_OR_BELOW_LOWER_BB|CLOSE_NOT_ABOVE_MA200
2026-09-16T07:37:24.395516+00:00,SIE_OLD_MR_REGIME_EXHAUSTION_CONFIRM_V1,BTC,BTCUSDT,strategy-lab-v1.0.0:SIE_OLD_MR_REGIME_EXHAUSTION_CONFIRM_V1,1789333200000,2026-09-13T21:00:00+00:00,77323.31,77425.43,77270.29,77280.56,56.010342667501995,77081.2485,76623.09594487092,78347.2138,243.53142857142873,0.003151263766352479,57.63673749143237,1.2500000000000149,False,TREND_SUPPORT_NOT_CONFIRMED|RSI_NOT_BELOW_32|CLOSE_NOT_NEAR_OR_BELOW_LOWER_BB|CLOSE_NOT_ABOVE_MA200|RSI_RECOVERY_NOT_CONFIRMED
2026-09-16T07:37:24.395516+00:00,SIE_OLD_MR_REGIME_EXHAUSTION_CONFIRM_V1,BTC,BTCUSDT,strategy-lab-v1.0.0:SIE_OLD_MR_REGIME_EXHAUSTION_CONFIRM_V1,1789336800000,2026-09-13T22:00:00+00:00,77280.55,77280.55,76623.13,76676.7,47.16630657425843,77051.6825,76569.85021644554,78331.9813,259.7735714285705,0.0033879075576879352,56.010342667501995,1.249999999999986,False,TREND_SUPPORT_NOT_CONFIRMED|PLANNED_REWARD_TOO_LOW|RSI_NOT_BELOW_32|CLOSE_NOT_NEAR_OR_BELOW_LOWER_BB|CLOSE_NOT_ABOVE_MA200|RSI_RECOVERY_NOT_CONFIRMED
2026-09-16T07:37:24.395516+00:00,SIE_OLD_MR_REGIME_EXHAUSTION_CONFIRM_V1,BTC,BTCUSDT,strategy-lab-v1.0.0:SIE_OLD_MR_REGIME_EXHAUSTION_CONFIRM_V1,1789340400000,2026-09-13T23:00:00+00:00,76676.7,76838.72,76592.32,76799.85,50.891470821230754,77032.8715,76542.63032856364,78316.97050000001,253.37499999999895,0.003299160089505369,47.16630657425843,1.25,False,TREND_SUPPORT_NOT_CONFIRMED|RSI_NOT_BELOW_32|CLOSE_NOT_NEAR_OR_BELOW_LOWER_BB|CLOSE_NOT_ABOVE_MA200
2026-09-16T07:37:24.395516+00:00,SIE_OLD_MR_REGIME_EXHAUSTION_CONFIRM_V1,BTC,BTCUSDT,strategy-lab-v1.0.0:SIE_OLD_MR_REGIME_EXHAUSTION_CONFIRM_V1,1789344000000,2026-09-14T00:00:00+00:00,76799.85,77048.16,76347.27,76767.39,53.466681462575714,77011.81950000001,76514.00421765195,78300.59264999999,290.114999999999,0.003779143722353971,50.891470821230754,1.2499999999999876,False,TREND_SUPPORT_NOT_CONFIRMED|PLANNED_REWARD_TOO_LOW|RSI_NOT_BELOW_32|CLOSE_NOT_NEAR_OR_BELOW_LOWER_BB|CLOSE_NOT_ABOVE_MA200|RSI_RECOVERY_NOT_CONFIRMED
2026-09-16T07:37:24.395516+00:00,SIE_OLD_MR_REGIME_EXHAUSTION_CONFIRM_V1,BTC,BTCUSDT,strategy-lab-v1.0.0:SIE_OLD_MR_REGIME_EXHAUSTION_CONFIRM_V1,1789347600000,2026-09-14T01:00:00+00:00,76767.4,77127.67,76599.09,77076.83,57.962246370999914,77001.0895,76518.83604960355,78285.6533,305.1671428571416,0.003959259129587213,53.466681462575714,1.250000000000012,False,TREND_SUPPORT_NOT_CONFIRMED|RSI_NOT_BELOW_32|CLOSE_NOT_NEAR_OR_BELOW_LOWER_BB|CLOSE_NOT_ABOVE_MA200
2026-09-16T07:37:24.395516+00:00,SIE_OLD_MR_REGIME_EXHAUSTION_CONFIRM_V1,BTC,BTCUSDT,strategy-lab-v1.0.0:SIE_OLD_MR_REGIME_EXHAUSTION_CONFIRM_V1,1789351200000,2026-09-14T02:00:00+00:00,77074.05,77690.0,76973.84,77568.87,67.05951271901813,77024.546,76483.34722334184,78273.49755,342.6421428571422,0.004417263560203239,57.962246370999914,1.2499999999999893,False,TREND_SUPPORT_NOT_CONFIRMED|PLANNED_REWARD_TOO_LOW|RSI_NOT_BELOW_32|CLOSE_NOT_NEAR_OR_BELOW_LOWER_BB|CLOSE_NOT_ABOVE_MA200
2026-09-16T07:37:24.395516+00:00,SIE_OLD_MR_REGIME_EXHAUSTION_CONFIRM_V1,BTC,BTCUSDT,strategy-lab-v1.0.0:SIE_OLD_MR_REGIME_EXHAUSTION_CONFIRM_V1,1789354800000,2026-09-14T03:00:00+00:00,77569.04,77823.52,77461.68,77566.5,65.77214869763131,77047.862,76457.67533489794,78262.564,341.90142857142826,0.004407849117485361,67.05951271901813,1.2500000000000107,False,TREND_SUPPORT_NOT_CONFIRMED|RSI_NOT_BELOW_32|CLOSE_NOT_NEAR_OR_BELOW_LOWER_BB|CLOSE_NOT_ABOVE_MA200|RSI_RECOVERY_NOT_CONFIRMED
2026-09-16T07:37:24.395516+00:00,SIE_OLD_MR_REGIME_EXHAUSTION_CONFIRM_V1,BTC,BTCUSDT,strategy-lab-v1.0.0:SIE_OLD_MR_REGIME_EXHAUSTION_CONFIRM_V1,1789358400000,2026-09-14T04:00:00+00:00,77566.5,77668.01,77491.93,77646.46,61.19248211563568,77091.3005,76460.55648081368,78252.09585,325.2028571428569,0.004188250915017335,65.77214869763131,1.249999999999989,False,TREND_SUPPORT_NOT_CONFIRMED|PLANNED_REWARD_TOO_LOW|RSI_NOT_BELOW_32|CLOSE_NOT_NEAR_OR_BELOW_LOWER_BB|CLOSE_NOT_ABOVE_MA200|RSI_RECOVERY_NOT_CONFIRMED
2026-09-16T07:37:24.395516+00:00,SIE_OLD_MR_REGIME_EXHAUSTION_CONFIRM_V1,BTC,BTCUSDT,strategy-lab-v1.0.0:SIE_OLD_MR_REGIME_EXHAUSTION_CONFIRM_V1,1789362000000,2026-09-14T05:00:00+00:00,77646.45,77656.73,77455.0,77576.64,61.278575086018186,77131.828,76485.89718566745,78240.4191,325.5728571428564,0.004196789873122326,61.19248211563568,1.2500000000000224,False,TREND_SUPPORT_NOT_CONFIRMED|RSI_NOT_BELOW_32|CLOSE_NOT_NEAR_OR_BELOW_LOWER_BB|CLOSE_NOT_ABOVE_MA200|RSI_RECOVERY_NOT_CONFIRMED
2026-09-16T07:37:24.395516+00:00,SIE_OLD_MR_REGIME_EXHAUSTION_CONFIRM_V1,BTC,BTCUSDT,strategy-lab-v1.0.0:SIE_OLD_MR_REGIME_EXHAUSTION_CONFIRM_V1,1789365600000,2026-09-14T06:00:00+00:00,77576.65,77862.41,77334.0,77557.56,57.691777218138235,77177.5845,76547.34688257359,78229.25505,346.43785714285644,0.0044668483271373734,61.278575086018186,1.250000000000021,False,TREND_SUPPORT_NOT_CONFIRMED|RSI_NOT_BELOW_32|CLOSE_NOT_NEAR_OR_BELOW_LOWER_BB|CLOSE_NOT_ABOVE_MA200|RSI_RECOVERY_NOT_CONFIRMED
2026-09-16T07:37:24.395516+00:00,SIE_OLD_MR_REGIME_EXHAUSTION_CONFIRM_V1,BTC,BTCUSDT,strategy-lab-v1.0.0:SIE_OLD_MR_REGIME_EXHAUSTION_CONFIRM_V1,1789369200000,2026-09-14T07:00:00+00:00,77557.57,77855.51,77478.89,77855.5,62.58058977938612,77232.403,76567.51787160238,78219.3747,360.4871428571423,0.0046302077933754494,57.691777218138235,1.2500000000000202,False,TREND_SUPPORT_NOT_CONFIRMED|RSI_NOT_BELOW_32|CLOSE_NOT_NEAR_OR_BELOW_LOWER_BB|CLOSE_NOT_ABOVE_MA200
2026-09-16T07:37:24.395516+00:00,SIE_OLD_MR_REGIME_EXHAUSTION_CONFIRM_V1,BTC,BTCUSDT,strategy-lab-v1.0.0:SIE_OLD_MR_REGIME_EXHAUSTION_CONFIRM_V1,1789372800000,2026-09-14T08:00:00+00:00,77855.51,77954.47,77609.54,77705.03,58.35478641243523,77281.1455,76627.84727053711,78208.5387,378.9257142857147,0.004876463136115059,62.58058977938612,1.2499999999999905,False,TREND_SUPPORT_NOT_CONFIRMED|PLANNED_REWARD_TOO_LOW|RSI_NOT_BELOW_32|CLOSE_NOT_NEAR_OR_BELOW_LOWER_BB|CLOSE_NOT_ABOVE_MA200|RSI_RECOVERY_NOT_CONFIRMED
2026-09-16T07:37:24.395516+00:00,SIE_OLD_MR_REGIME_EXHAUSTION_CONFIRM_V1,BTC,BTCUSDT,strategy-lab-v1.0.0:SIE_OLD_MR_REGIME_EXHAUSTION_CONFIRM_V1,1789376400000,2026-09-14T09:00:00+00:00,77705.03,78343.92,77567.09,78120.42,66.00932445711983,77346.2625,76633.64192236043,78199.36925,420.61428571428615,0.005384178499223202,58.35478641243523,1.25,False,TREND_SUPPORT_NOT_CONFIRMED|RSI_NOT_BELOW_32|CLOSE_NOT_NEAR_OR_BELOW_LOWER_BB|CLOSE_NOT_ABOVE_MA200
2026-09-16T07:37:24.395516+00:00,SIE_OLD_MR_REGIME_EXHAUSTION_CONFIRM_V1,BTC,BTCUSDT,strategy-lab-v1.0.0:SIE_OLD_MR_REGIME_EXHAUSTION_CONFIRM_V1,1789380000000,2026-09-14T10:00:00+00:00,78120.44,78139.74,77855.69,77868.6,59.44730121599269,77380.791,76637.8468053283,78189.17719999999,432.50642857142935,0.005554311090367996,66.00932445711983,1.2499999999999916,False,TREND_SUPPORT_NOT_CONFIRMED|PLANNED_REWARD_TOO_LOW|RSI_NOT_BELOW_32|CLOSE_NOT_NEAR_OR_BELOW_LOWER_BB|CLOSE_NOT_ABOVE_MA200|RSI_RECOVERY_NOT_CONFIRMED
2026-09-16T07:37:24.395516+00:00,SIE_OLD_MR_REGIME_EXHAUSTION_CONFIRM_V1,BTC,BTCUSDT,strategy-lab-v1.0.0:SIE_OLD_MR_REGIME_EXHAUSTION_CONFIRM_V1,1789383600000,2026-09-14T11:00:00+00:00,77868.58,77898.23,77648.26,77745.43,57.82353911348803,77412.799,76664.9500955304,78177.745,439.28000000000094,0.005650235647291436,59.44730121599269,1.2499999999999833,False,TREND_SUPPORT_NOT_CONFIRMED|PLANNED_REWARD_TOO_LOW|RSI_NOT_BELOW_32|CLOSE_NOT_NEAR_OR_BELOW_LOWER_BB|CLOSE_NOT_ABOVE_MA200|RSI_RECOVERY_NOT_CONFIRMED
2026-09-16T07:37:24.395516+00:00,SIE_OLD_MR_REGIME_EXHAUSTION_CONFIRM_V1,BTC,BTCUSDT,strategy-lab-v1.0.0:SIE_OLD_MR_REGIME_EXHAUSTION_CONFIRM_V1,1789387200000,2026-09-14T12:00:00+00:00,77745.42,78046.66,77565.49,77659.24,70.02486446826725,77432.9405,76681.33528896206,78166.70240000001,426.6900000000013,0.005494388047063058,57.82353911348803,1.25,False,TREND_SUPPORT_NOT_CONFIRMED|RSI_NOT_BELOW_32|CLOSE_NOT_NEAR_OR_BELOW_LOWER_BB|CLOSE_NOT_ABOVE_MA200|RSI_RECOVERY_NOT_CONFIRMED
2026-09-16T07:37:24.395516+00:00,SIE_OLD_MR_REGIME_EXHAUSTION_CONFIRM_V1,BTC,BTCUSDT,strategy-lab-v1.0.0:SIE_OLD_MR_REGIME_EXHAUSTION_CONFIRM_V1,1789390800000,2026-09-14T13:00:00+00:00,77659.24,78465.88,77420.04,78148.75,73.91955058411284,77475.4485,76665.17119580631,78157.48625,483.79285714285965,0.006190666608779535,70.02486446826725,1.25,False,TREND_SUPPORT_NOT_CONFIRMED|RSI_NOT_BELOW_32|CLOSE_NOT_NEAR_OR_BELOW_LOWER_BB|CLOSE_NOT_ABOVE_MA200
2026-09-16T07:37:24.395516+00:00,SIE_OLD_MR_REGIME_EXHAUSTION_CONFIRM_V1,BTC,BTCUSDT,strategy-lab-v1.0.0:SIE_OLD_MR_REGIME_EXHAUSTION_CONFIRM_V1,1789394400000,2026-09-14T14:00:00+00:00,78148.76,78687.69,78132.77,78498.28,77.59067563991803,77534.74549999999,76614.74509142432,78151.07515,473.36642857143096,0.006030277715275175,73.91955058411284,1.2500000000000153,False,TREND_SUPPORT_NOT_CONFIRMED|RSI_NOT_BELOW_32|CLOSE_NOT_NEAR_OR_BELOW_LOWER_BB
2026-09-16T07:37:24.395516+00:00,SIE_OLD_MR_REGIME_EXHAUSTION_CONFIRM_V1,BTC,BTCUSDT,strategy-lab-v1.0.0:SIE_OLD_MR_REGIME_EXHAUSTION_CONFIRM_V1,1789398000000,2026-09-14T15:00:00+00:00,78498.28,78666.99,78270.9,78552.45,75.60542225121985,77599.682,76589.29436192023,78144.78705,463.9028571428602,0.005905644663442837,77.59067563991803,1.2499999999999922,False,TREND_SUPPORT_NOT_CONFIRMED|PLANNED_REWARD_TOO_LOW|RSI_NOT_BELOW_32|CLOSE_NOT_NEAR_OR_BELOW_LOWER_BB|RSI_RECOVERY_NOT_CONFIRMED
2026-09-16T07:37:24.395516+00:00,SIE_OLD_MR_REGIME_EXHAUSTION_CONFIRM_V1,BTC,BTCUSDT,strategy-lab-v1.0.0:SIE_OLD_MR_REGIME_EXHAUSTION_CONFIRM_V1,1789401600000,2026-09-14T16:00:00+00:00,78552.45,78894.77,78402.22,78752.83,72.85813576337951,77671.19450000001,76552.70445227521,78139.32855,447.93071428571733,0.0056878046704571415,75.60542225121985,1.2499999999999918,False,TREND_SUPPORT_NOT_CONFIRMED|PLANNED_REWARD_TOO_LOW|RSI_NOT_BELOW_32|CLOSE_NOT_NEAR_OR_BELOW_LOWER_BB|RSI_RECOVERY_NOT_CONFIRMED
2026-09-16T07:37:24.395516+00:00,SIE_OLD_MR_REGIME_EXHAUSTION_CONFIRM_V1,BTC,BTCUSDT,strategy-lab-v1.0.0:SIE_OLD_MR_REGIME_EXHAUSTION_CONFIRM_V1,1789405200000,2026-09-14T17:00:00+00:00,78752.84,79044.28,78691.01,78941.8,74.76768477164671,77754.2565,76523.08169182228,78134.58515,447.318571428574,0.005666434910637634,72.85813576337951,1.2500000000000082,False,TREND_SUPPORT_NOT_CONFIRMED|RSI_NOT_BELOW_32|CLOSE_NOT_NEAR_OR_BELOW_LOWER_BB
2026-09-16T07:37:24.395516+00:00,SIE_OLD_MR_REGIME_EXHAUSTION_CONFIRM_V1,BTC,BTCUSDT,strategy-lab-v1.0.0:SIE_OLD_MR_REGIME_EXHAUSTION_CONFIRM_V1,1789408800000,2026-09-14T18:00:00+00:00,78941.81,79336.77,78838.58,79219.79,76.44758827741771,77881.41100000001,76597.49105444402,78130.681,470.32642857143117,0.005936981511456054,74.76768477164671,1.25,False,TREND_SUPPORT_NOT_CONFIRMED|RSI_NOT_BELOW_32|CLOSE_NOT_NEAR_OR_BELOW_LOWER_BB
2026-09-16T07:37:24.395516+00:00,SIE_OLD_MR_REGIME_EXHAUSTION_CONFIRM_V1,BTC,BTCUSDT,strategy-lab-v1.0.0:SIE_OLD_MR_REGIME_EXHAUSTION_CONFIRM_V1,1789412400000,2026-09-14T19:00:00+00:00,79219.79,79247.94,78956.59,78982.77,72.37898797757876,77990.557,76721.9189431199,78125.97989999999,476.72785714286044,0.006035846262961661,76.44758827741771,1.25,False,TREND_SUPPORT_NOT_CONFIRMED|RSI_NOT_BELOW_32|CLOSE_NOT_NEAR_OR_BELOW_LOWER_BB|RSI_RECOVERY_NOT_CONFIRMED
2026-09-16T07:37:24.395516+00:00,SIE_OLD_MR_REGIME_EXHAUSTION_CONFIRM_V1,BTC,BTCUSDT,strategy-lab-v1.0.0:SIE_OLD_MR_REGIME_EXHAUSTION_CONFIRM_V1,1789416000000,2026-09-14T20:00:00+00:00,78982.77,79591.17,78968.87,79089.64,73.72066810758614,78106.66949999999,76882.78909124287,78121.8258,483.43428571428893,0.0061124856013289345,72.37898797757876,1.25,False,TREND_SUPPORT_NOT_CONFIRMED|RSI_NOT_BELOW_32|CLOSE_NOT_NEAR_OR_BELOW_LOWER_BB
2026-09-16T07:37:24.395516+00:00,SIE_OLD_MR_REGIME_EXHAUSTION_CONFIRM_V1,BTC,BTCUSDT,strategy-lab-v1.0.0:SIE_OLD_MR_REGIME_EXHAUSTION_CONFIRM_V1,1789419600000,2026-09-14T21:00:00+00:00,79089.64,79107.15,78725.01,78742.7,63.530908181380134,78189.963,77032.84368609823,78116.40275,483.82857142857495,0.006144424453677293,73.72066810758614,1.250000000000015,False,RSI_NOT_BELOW_32|CLOSE_NOT_NEAR_OR_BELOW_LOWER_BB|RSI_RECOVERY_NOT_CONFIRMED
2026-09-16T07:37:24.395516+00:00,SIE_OLD_MR_REGIME_EXHAUSTION_CONFIRM_V1,BTC,BTCUSDT,strategy-lab-v1.0.0:SIE_OLD_MR_REGIME_EXHAUSTION_CONFIRM_V1,1789423200000,2026-09-14T22:00:00+00:00,78742.71,78843.54,78469.1,78541.29,62.55887017324654,78238.584,77108.53801452131,78111.4167,485.93642857143067,0.00618701868242081,63.530908181380134,1.2499999999999925,False,PLANNED_REWARD_TOO_LOW|RSI_NOT_BELOW_32|CLOSE_NOT_NEAR_OR_BELOW_LOWER_BB|RSI_RECOVERY_NOT_CONFIRMED
2026-09-16T07:37:24.395516+00:00,SIE_OLD_MR_REGIME_EXHAUSTION_CONFIRM_V1,BTC,BTCUSDT,strategy-lab-v1.0.0:SIE_OLD_MR_REGIME_EXHAUSTION_CONFIRM_V1,1789426800000,2026-09-14T23:00:00+00:00,78541.3,78564.19,78110.0,78175.01,50.83210121179784,78269.0095,77180.99753536932,78103.76,462.89071428571646,0.0059212108100237726,62.55887017324654,1.25,False,RSI_NOT_BELOW_32|CLOSE_NOT_NEAR_OR_BELOW_LOWER_BB|RSI_RECOVERY_NOT_CONFIRMED
2026-09-16T07:37:24.395516+00:00,SIE_OLD_MR_REGIME_EXHAUSTION_CONFIRM_V1,BTC,BTCUSDT,strategy-lab-v1.0.0:SIE_OLD_MR_REGIME_EXHAUSTION_CONFIRM_V1,1789430400000,2026-09-15T00:00:00+00:00,78175.0,78242.76,77919.7,77938.07,51.06373856561434,78283.59,77221.84130760592,78095.05425,465.67714285714464,0.0059749637482316995,50.83210121179784,1.2500000000000078,False,RSI_NOT_BELOW_32|CLOSE_NOT_NEAR_OR_BELOW_LOWER_BB|CLOSE_NOT_ABOVE_MA200|RSI_RECOVERY_NOT_CONFIRMED
2026-09-16T07:37:24.395516+00:00,SIE_OLD_MR_REGIME_EXHAUSTION_CONFIRM_V1,BTC,BTCUSDT,strategy-lab-v1.0.0:SIE_OLD_MR_REGIME_EXHAUSTION_CONFIRM_V1,1789434000000,2026-09-15T01:00:00+00:00,77938.06,78065.0,77721.53,77893.88,52.329438643731834,78299.452,77271.4816745798,78085.81774999999,472.3557142857161,0.00606409276679652,51.06373856561434,1.2499999999999847,False,PLANNED_REWARD_TOO_LOW|RSI_NOT_BELOW_32|CLOSE_NOT_NEAR_OR_BELOW_LOWER_BB|CLOSE_NOT_ABOVE_MA200|RSI_RECOVERY_NOT_CONFIRMED
2026-09-16T07:37:24.395516+00:00,SIE_OLD_MR_REGIME_EXHAUSTION_CONFIRM_V1,BTC,BTCUSDT,strategy-lab-v1.0.0:SIE_OLD_MR_REGIME_EXHAUSTION_CONFIRM_V1,1789437600000,2026-09-15T02:00:00+00:00,77893.87,78001.0,77762.39,77886.8,53.661723436574746,78315.914,77326.15918851561,78075.54235,455.03000000000196,0.005842196623818181,52.329438643731834,1.249999999999984,False,PLANNED_REWARD_TOO_LOW|RSI_NOT_BELOW_32|CLOSE_NOT_NEAR_OR_BELOW_LOWER_BB|CLOSE_NOT_ABOVE_MA200|RSI_RECOVERY_NOT_CONFIRMED
2026-09-16T07:37:24.395516+00:00,SIE_OLD_MR_REGIME_EXHAUSTION_CONFIRM_V1,BTC,BTCUSDT,strategy-lab-v1.0.0:SIE_OLD_MR_REGIME_EXHAUSTION_CONFIRM_V1,1789441200000,2026-09-15T03:00:00+00:00,77886.82,77887.62,77629.99,77660.32,41.413729454161945,78306.155,77294.82017768816,78064.69405,398.72928571428616,0.005134273020176663,53.661723436574746,1.249999999999991,False,PLANNED_REWARD_TOO_LOW|RSI_NOT_BELOW_32|CLOSE_NOT_NEAR_OR_BELOW_LOWER_BB|CLOSE_NOT_ABOVE_MA200|RSI_RECOVERY_NOT_CONFIRMED
2026-09-16T07:37:24.395516+00:00,SIE_OLD_MR_REGIME_EXHAUSTION_CONFIRM_V1,BTC,BTCUSDT,strategy-lab-v1.0.0:SIE_OLD_MR_REGIME_EXHAUSTION_CONFIRM_V1,1789444800000,2026-09-15T04:00:00+00:00,77660.32,77724.43,77513.68,77547.75,31.771686310306748,78298.291,77266.14947457021,78052.88355,374.14571428571486,0.0048247139895833836,41.413729454161945,1.2500000000000098,False,CLOSE_NOT_NEAR_OR_BELOW_LOWER_BB|CLOSE_NOT_ABOVE_MA200|RSI_RECOVERY_NOT_CONFIRMED
2026-09-16T07:37:24.395516+00:00,SIE_OLD_MR_REGIME_EXHAUSTION_CONFIRM_V1,BTC,BTCUSDT,strategy-lab-v1.0.0:SIE_OLD_MR_REGIME_EXHAUSTION_CONFIRM_V1,1789448400000,2026-09-15T05:00:00+00:00,77547.76,77649.15,77281.65,77610.01,31.982732910704925,78272.77050000001,77199.86348012387,78041.2078,372.10357142857123,0.0047945306466082305,31.771686310306748,1.25,False,CLOSE_NOT_NEAR_OR_BELOW_LOWER_BB|CLOSE_NOT_ABOVE_MA200
2026-09-16T07:37:24.395516+00:00,SIE_OLD_MR_REGIME_EXHAUSTION_CONFIRM_V1,BTC,BTCUSDT,strategy-lab-v1.0.0:SIE_OLD_MR_REGIME_EXHAUSTION_CONFIRM_V1,1789452000000,2026-09-15T06:00:00+00:00,77610.09,77711.6,77161.42,77265.01,23.046739130434375,78242.591,77094.57891344493,78027.28915,376.22000000000014,0.004869215703201231,31.982732910704925,1.2500000000000193,False,CLOSE_NOT_NEAR_OR_BELOW_LOWER_BB|CLOSE_NOT_ABOVE_MA200|RSI_RECOVERY_NOT_CONFIRMED
2026-09-16T07:37:24.395516+00:00,SIE_OLD_MR_REGIME_EXHAUSTION_CONFIRM_V1,BTC,BTCUSDT,strategy-lab-v1.0.0:SIE_OLD_MR_REGIME_EXHAUSTION_CONFIRM_V1,1789455600000,2026-09-15T07:00:00+00:00,77265.01,77294.12,76828.02,76878.62,15.11858308931383,78199.2505,76921.33511903789,78009.9866,384.2792857142849,0.004998519558679447,23.046739130434375,1.2499999999999905,False,PLANNED_REWARD_TOO_LOW|CLOSE_NOT_ABOVE_MA200|RSI_RECOVERY_NOT_CONFIRMED
2026-09-16T07:37:24.395516+00:00,SIE_OLD_MR_REGIME_EXHAUSTION_CONFIRM_V1,BTC,BTCUSDT,strategy-lab-v1.0.0:SIE_OLD_MR_REGIME_EXHAUSTION_CONFIRM_V1,1789459200000,2026-09-15T08:00:00+00:00,76877.81,76968.68,76647.52,76955.06,8.910797679135598,78164.0415,76793.13349498599,77994.00325000001,371.634285714284,0.004829237813787475,15.11858308931383,1.2500000000000098,False,CLOSE_NOT_NEAR_OR_BELOW_LOWER_BB|CLOSE_NOT_ABOVE_MA200|RSI_RECOVERY_NOT_CONFIRMED
2026-09-16T07:37:24.395516+00:00,SIE_OLD_MR_REGIME_EXHAUSTION_CONFIRM_V1,BTC,BTCUSDT,strategy-lab-v1.0.0:SIE_OLD_MR_REGIME_EXHAUSTION_CONFIRM_V1,1789462800000,2026-09-15T09:00:00+00:00,76955.06,77026.0,76816.25,76946.72,9.717116639429307,78103.94,76633.8149856286,77979.15179999999,365.8057142857121,0.004754013092250224,8.910797679135598,1.24999999999999,False,PLANNED_REWARD_TOO_LOW|CLOSE_NOT_NEAR_OR_BELOW_LOWER_BB|CLOSE_NOT_ABOVE_MA200|RSI_RECOVERY_NOT_CONFIRMED
2026-09-16T07:37:24.395516+00:00,SIE_OLD_MR_REGIME_EXHAUSTION_CONFIRM_V1,BTC,BTCUSDT,strategy-lab-v1.0.0:SIE_OLD_MR_REGIME_EXHAUSTION_CONFIRM_V1,1789466400000,2026-09-15T10:00:00+00:00,76946.71,77135.0,76827.51,77014.58,8.301650202155713,78029.755,76498.2543843356,77964.91345,343.3192857142837,0.004457847925863956,9.717116639429307,1.2500000000000107,False,CLOSE_NOT_NEAR_OR_BELOW_LOWER_BB|CLOSE_NOT_ABOVE_MA200|RSI_RECOVERY_NOT_CONFIRMED
2026-09-16T07:37:24.395516+00:00,SIE_OLD_MR_REGIME_EXHAUSTION_CONFIRM_V1,BTC,BTCUSDT,strategy-lab-v1.0.0:SIE_OLD_MR_REGIME_EXHAUSTION_CONFIRM_V1,1789470000000,2026-09-15T11:00:00+00:00,77014.58,77182.74,76795.43,76895.19,9.13727589211851,77946.892,76359.17837218658,77951.48675,343.68857142857036,0.004469571782429699,8.301650202155713,1.2500000000000107,False,TREND_SUPPORT_NOT_CONFIRMED|CLOSE_NOT_NEAR_OR_BELOW_LOWER_BB|CLOSE_NOT_ABOVE_MA200|RSI_RECOVERY_NOT_CONFIRMED
2026-09-16T07:37:24.395516+00:00,SIE_OLD_MR_REGIME_EXHAUSTION_CONFIRM_V1,BTC,BTCUSDT,strategy-lab-v1.0.0:SIE_OLD_MR_REGIME_EXHAUSTION_CONFIRM_V1,1789473600000,2026-09-15T12:00:00+00:00,76895.59,77100.0,76818.29,76914.72,10.87624774503901,77854.9865,76251.79696791983,77937.5179,337.0650000000002,0.0043823210953638034,9.13727589211851,1.25,False,TREND_SUPPORT_NOT_CONFIRMED|CLOSE_NOT_NEAR_OR_BELOW_LOWER_BB|CLOSE_NOT_ABOVE_MA200
2026-09-16T07:37:24.395516+00:00,SIE_OLD_MR_REGIME_EXHAUSTION_CONFIRM_V1,BTC,BTCUSDT,strategy-lab-v1.0.0:SIE_OLD_MR_REGIME_EXHAUSTION_CONFIRM_V1,1789477200000,2026-09-15T13:00:00+00:00,76914.71,77099.91,76068.72,76571.36,10.997504657486175,77736.4645,76121.7405299731,77921.67365,378.27928571428595,0.004940218976315504,10.87624774503901,1.2499999999999807,False,TREND_SUPPORT_NOT_CONFIRMED|PLANNED_REWARD_TOO_LOW|CLOSE_NOT_NEAR_OR_BELOW_LOWER_BB|CLOSE_NOT_ABOVE_MA200|RSI_RECOVERY_NOT_CONFIRMED
2026-09-16T07:37:24.395516+00:00,SIE_OLD_MR_REGIME_EXHAUSTION_CONFIRM_V1,BTC,BTCUSDT,strategy-lab-v1.0.0:SIE_OLD_MR_REGIME_EXHAUSTION_CONFIRM_V1,1789480800000,2026-09-15T14:00:00+00:00,76579.01,76649.67,75538.01,75869.26,8.968302135272083,77568.938,75909.92847388376,77902.79234999999,434.6078571428578,0.005728378755016958,10.997504657486175,1.2500000000000084,False,TREND_SUPPORT_NOT_CONFIRMED|CLOSE_NOT_ABOVE_MA200|RSI_RECOVERY_NOT_CONFIRMED
2026-09-16T07:37:24.395516+00:00,SIE_OLD_MR_REGIME_EXHAUSTION_CONFIRM_V1,BTC,BTCUSDT,strategy-lab-v1.0.0:SIE_OLD_MR_REGIME_EXHAUSTION_CONFIRM_V1,1789484400000,2026-09-15T15:00:00+00:00,75869.26,76559.88,75765.8,76466.09,26.773554396592857,77443.10399999999,75851.73779987621,77888.20045,466.79428571428645,0.006104592057921184,8.968302135272083,1.2499999999999922,False,TREND_SUPPORT_NOT_CONFIRMED|PLANNED_REWARD_TOO_LOW|CLOSE_NOT_NEAR_OR_BELOW_LOWER_BB|CLOSE_NOT_ABOVE_MA200
2026-09-16T07:37:24.395516+00:00,SIE_OLD_MR_REGIME_EXHAUSTION_CONFIRM_V1,BTC,BTCUSDT,strategy-lab-v1.0.0:SIE_OLD_MR_REGIME_EXHAUSTION_CONFIRM_V1,1789488000000,2026-09-15T16:00:00+00:00,76464.95,76530.28,76199.77,76330.6,25.699866335211297,77305.152,75834.90024066612,77872.7642,473.35857142857174,0.006201426052311546,26.773554396592857,1.25,False,TREND_SUPPORT_NOT_CONFIRMED|CLOSE_NOT_NEAR_OR_BELOW_LOWER_BB|CLOSE_NOT_ABOVE_MA200|RSI_RECOVERY_NOT_CONFIRMED
2026-09-16T07:37:24.395516+00:00,SIE_OLD_MR_REGIME_EXHAUSTION_CONFIRM_V1,BTC,BTCUSDT,strategy-lab-v1.0.0:SIE_OLD_MR_REGIME_EXHAUSTION_CONFIRM_V1,1789491600000,2026-09-15T17:00:00+00:00,76329.49,77297.04,76133.32,76911.06,39.464907396471176,77213.56999999999,75892.2660851642,77860.81294999999,538.0792857142858,0.0069961236487221185,25.699866335211297,1.2500000000000135,False,TREND_SUPPORT_NOT_CONFIRMED|RSI_NOT_BELOW_32|CLOSE_NOT_NEAR_OR_BELOW_LOWER_BB|CLOSE_NOT_ABOVE_MA200
2026-09-16T07:37:24.395516+00:00,SIE_OLD_MR_REGIME_EXHAUSTION_CONFIRM_V1,BTC,BTCUSDT,strategy-lab-v1.0.0:SIE_OLD_MR_REGIME_EXHAUSTION_CONFIRM_V1,1789495200000,2026-09-15T18:00:00+00:00,76909.14,77170.93,74887.5,75931.01,31.725556685882097,77083.056,75796.92522530546,77843.7148,686.1278571428567,0.009036200850520185,39.464907396471176,1.2499999999999893,False,TREND_SUPPORT_NOT_CONFIRMED|PLANNED_REWARD_TOO_LOW|CLOSE_NOT_NEAR_OR_BELOW_LOWER_BB|CLOSE_NOT_ABOVE_MA200|RSI_RECOVERY_NOT_CONFIRMED
2026-09-16T07:37:24.395516+00:00,SIE_OLD_MR_REGIME_EXHAUSTION_CONFIRM_V1,BTC,BTCUSDT,strategy-lab-v1.0.0:SIE_OLD_MR_REGIME_EXHAUSTION_CONFIRM_V1,1789498800000,2026-09-15T19:00:00+00:00,75930.01,76263.1,75754.58,76126.33,33.71929701353659,76980.622,75732.92264022442,77827.3008,696.2007142857141,0.00914533400317228,31.725556685882097,1.25,False,TREND_SUPPORT_NOT_CONFIRMED|RSI_NOT_BELOW_32|CLOSE_NOT_NEAR_OR_BELOW_LOWER_BB|CLOSE_NOT_ABOVE_MA200
2026-09-16T07:37:24.395516+00:00,SIE_OLD_MR_REGIME_EXHAUSTION_CONFIRM_V1,BTC,BTCUSDT,strategy-lab-v1.0.0:SIE_OLD_MR_REGIME_EXHAUSTION_CONFIRM_V1,1789502400000,2026-09-15T20:00:00+00:00,76126.35,76187.2,75545.08,75874.28,34.421466033098824,76877.4325,75622.19603208036,77808.68340000001,702.7678571428561,0.009262267228669005,33.71929701353659,1.249999999999995,False,TREND_SUPPORT_NOT_CONFIRMED|PLANNED_REWARD_TOO_LOW|RSI_NOT_BELOW_32|CLOSE_NOT_NEAR_OR_BELOW_LOWER_BB|CLOSE_NOT_ABOVE_MA200|RSI_RECOVERY_NOT_CONFIRMED
2026-09-16T07:37:24.395516+00:00,SIE_OLD_MR_REGIME_EXHAUSTION_CONFIRM_V1,BTC,BTCUSDT,strategy-lab-v1.0.0:SIE_OLD_MR_REGIME_EXHAUSTION_CONFIRM_V1,1789506000000,2026-09-15T21:00:00+00:00,75873.92,75901.01,75333.0,75390.09,33.68344437355995,76752.243,75429.8461665327,77788.90965,710.047142857142,0.00941830873072498,34.421466033098824,1.250000000000005,False,TREND_SUPPORT_NOT_CONFIRMED|RSI_NOT_BELOW_32|CLOSE_NOT_ABOVE_MA200|RSI_RECOVERY_NOT_CONFIRMED
2026-09-16T07:37:24.395516+00:00,SIE_OLD_MR_REGIME_EXHAUSTION_CONFIRM_V1,BTC,BTCUSDT,strategy-lab-v1.0.0:SIE_OLD_MR_REGIME_EXHAUSTION_CONFIRM_V1,1789509600000,2026-09-15T22:00:00+00:00,75390.1,75697.71,75064.47,75611.0,35.71935535967772,76638.45300000001,75334.61868210364,77771.04415,732.3385714285718,0.009685608858877303,33.68344437355995,1.2499999999999951,False,TREND_SUPPORT_NOT_CONFIRMED|PLANNED_REWARD_TOO_LOW|RSI_NOT_BELOW_32|CLOSE_NOT_NEAR_OR_BELOW_LOWER_BB|CLOSE_NOT_ABOVE_MA200
2026-09-16T07:37:24.395516+00:00,SIE_OLD_MR_REGIME_EXHAUSTION_CONFIRM_V1,BTC,BTCUSDT,strategy-lab-v1.0.0:SIE_OLD_MR_REGIME_EXHAUSTION_CONFIRM_V1,1789513200000,2026-09-15T23:00:00+00:00,75611.0,75894.96,75507.17,75584.17,35.579558755982276,76534.6455,75242.22914449406,77754.90105,745.0557142857152,0.009857298350775237,35.71935535967772,1.2499999999999951,False,TREND_SUPPORT_NOT_CONFIRMED|PLANNED_REWARD_TOO_LOW|RSI_NOT_BELOW_32|CLOSE_NOT_NEAR_OR_BELOW_LOWER_BB|CLOSE_NOT_ABOVE_MA200|RSI_RECOVERY_NOT_CONFIRMED
2026-09-16T07:37:24.395516+00:00,SIE_OLD_MR_REGIME_EXHAUSTION_CONFIRM_V1,BTC,BTCUSDT,strategy-lab-v1.0.0:SIE_OLD_MR_REGIME_EXHAUSTION_CONFIRM_V1,1789516800000,2026-09-16T00:00:00+00:00,75584.17,75860.78,75523.35,75712.21,36.38983812479762,76442.8685,75191.20886183505,77738.4072,747.1942857142858,0.00986887432970568,35.579558755982276,1.2500000000000049,False,TREND_SUPPORT_NOT_CONFIRMED|RSI_NOT_BELOW_32|CLOSE_NOT_NEAR_OR_BELOW_LOWER_BB|CLOSE_NOT_ABOVE_MA200
2026-09-16T07:37:24.395516+00:00,SIE_OLD_MR_REGIME_EXHAUSTION_CONFIRM_V1,BTC,BTCUSDT,strategy-lab-v1.0.0:SIE_OLD_MR_REGIME_EXHAUSTION_CONFIRM_V1,1789520400000,2026-09-16T01:00:00+00:00,75712.21,75901.02,75394.31,75434.59,35.224913914841466,76334.0975,75129.85143770411,77719.70555,755.7228571428568,0.010018253657146634,36.38983812479762,1.25,False,TREND_SUPPORT_NOT_CONFIRMED|RSI_NOT_BELOW_32|CLOSE_NOT_NEAR_OR_BELOW_LOWER_BB|CLOSE_NOT_ABOVE_MA200|RSI_RECOVERY_NOT_CONFIRMED
2026-09-16T07:37:24.395516+00:00,SIE_OLD_MR_REGIME_EXHAUSTION_CONFIRM_V1,BTC,BTCUSDT,strategy-lab-v1.0.0:SIE_OLD_MR_REGIME_EXHAUSTION_CONFIRM_V1,1789524000000,2026-09-16T02:00:00+00:00,75434.59,76054.53,75420.87,75824.85,39.74434978008899,76262.08949999999,75118.40468458136,77702.85470000001,780.8621428571423,0.01029823524685037,35.224913914841466,1.2500000000000047,False,TREND_SUPPORT_NOT_CONFIRMED|RSI_NOT_BELOW_32|CLOSE_NOT_NEAR_OR_BELOW_LOWER_BB|CLOSE_NOT_ABOVE_MA200
2026-09-16T07:37:24.395516+00:00,SIE_OLD_MR_REGIME_EXHAUSTION_CONFIRM_V1,BTC,BTCUSDT,strategy-lab-v1.0.0:SIE_OLD_MR_REGIME_EXHAUSTION_CONFIRM_V1,1789527600000,2026-09-16T03:00:00+00:00,75824.86,76016.38,75691.95,75755.41,41.904599382092684,76205.929,75078.66603084147,77684.8707,730.3792857142855,0.009641282196404,39.74434978008899,1.2500000000000049,False,TREND_SUPPORT_NOT_CONFIRMED|RSI_NOT_BELOW_32|CLOSE_NOT_NEAR_OR_BELOW_LOWER_BB|CLOSE_NOT_ABOVE_MA200|RSI_RECOVERY_NOT_CONFIRMED
2026-09-16T07:37:24.395516+00:00,SIE_OLD_MR_REGIME_EXHAUSTION_CONFIRM_V1,BTC,BTCUSDT,strategy-lab-v1.0.0:SIE_OLD_MR_REGIME_EXHAUSTION_CONFIRM_V1,1789531200000,2026-09-16T04:00:00+00:00,75755.41,75962.07,75745.58,75796.36,49.167511716501835,76147.99399999999,75062.35785153399,77667.74975,666.4385714285714,0.008792487811137256,41.904599382092684,1.2500000000000056,False,TREND_SUPPORT_NOT_CONFIRMED|RSI_NOT_BELOW_32|CLOSE_NOT_NEAR_OR_BELOW_LOWER_BB|CLOSE_NOT_ABOVE_MA200
2026-09-16T07:37:24.395516+00:00,SIE_OLD_MR_REGIME_EXHAUSTION_CONFIRM_V1,BTC,BTCUSDT,strategy-lab-v1.0.0:SIE_OLD_MR_REGIME_EXHAUSTION_CONFIRM_V1,1789534800000,2026-09-16T05:00:00+00:00,75796.36,75940.24,75610.34,75905.89,42.801595419337346,76095.9525,75070.32937198704,77651.5818,633.2828571428576,0.008343000222286538,49.167511716501835,1.25,False,TREND_SUPPORT_NOT_CONFIRMED|RSI_NOT_BELOW_32|CLOSE_NOT_NEAR_OR_BELOW_LOWER_BB|CLOSE_NOT_ABOVE_MA200|RSI_RECOVERY_NOT_CONFIRMED
2026-09-16T07:37:24.395516+00:00,SIE_OLD_MR_REGIME_EXHAUSTION_CONFIRM_V1,BTC,BTCUSDT,strategy-lab-v1.0.0:SIE_OLD_MR_REGIME_EXHAUSTION_CONFIRM_V1,1789538400000,2026-09-16T06:00:00+00:00,75905.03,75979.27,75749.56,75969.0,45.26547884653654,76043.6735,75108.0354738109,77636.7896,626.0828571428584,0.008241293911238247,42.801595419337346,1.2499999999999942,False,TREND_SUPPORT_NOT_CONFIRMED|PLANNED_REWARD_TOO_LOW|RSI_NOT_BELOW_32|CLOSE_NOT_NEAR_OR_BELOW_LOWER_BB|CLOSE_NOT_ABOVE_MA200
2026-09-16T07:37:24.395516+00:00,SIE_OLD_MR_REGIME_EXHAUSTION_CONFIRM_V1,BTC,BTCUSDT,strategy-lab-v1.0.0:SIE_OLD_MR_REGIME_EXHAUSTION_CONFIRM_V1,1789542000000,2026-09-16T07:00:00+00:00,75969.0,76040.0,75688.46,75750.17,33.210206153659485,75986.4225,75129.38072797543,77620.0806,568.0700000000018,0.0074992570973768345,45.26547884653654,1.25,False,TREND_SUPPORT_NOT_CONFIRMED|RSI_NOT_BELOW_32|CLOSE_NOT_NEAR_OR_BELOW_LOWER_BB|CLOSE_NOT_ABOVE_MA200|RSI_RECOVERY_NOT_CONFIRMED
2026-09-16T07:37:24.395516+00:00,SIE_OLD_MR_REGIME_EXHAUSTION_CONFIRM_V1,SOL,SOLUSDT,strategy-lab-v1.0.0:SIE_OLD_MR_REGIME_EXHAUSTION_CONFIRM_V1,1789326000000,2026-09-13T19:00:00+00:00,101.18,101.35,100.68,100.92,41.586073500967096,100.82000000000001,99.18994478621127,102.73075,0.6257142857142881,0.006200101919483632,44.62151394422307,1.2500000000000058,False,TREND_SUPPORT_NOT_CONFIRMED|RSI_NOT_BELOW_32|CLOSE_NOT_NEAR_OR_BELOW_LOWER_BB|CLOSE_NOT_ABOVE_MA200|RSI_RECOVERY_NOT_CONFIRMED
2026-09-16T07:37:24.395516+00:00,SIE_OLD_MR_REGIME_EXHAUSTION_CONFIRM_V1,SOL,SOLUSDT,strategy-lab-v1.0.0:SIE_OLD_MR_REGIME_EXHAUSTION_CONFIRM_V1,1789329600000,2026-09-13T20:00:00+00:00,100.93,101.48,100.92,101.44,52.148437499999986,100.8065,99.20187823771461,102.7217,0.6121428571428597,0.006034531320414626,41.586073500967096,1.2500000000000115,False,TREND_SUPPORT_NOT_CONFIRMED|RSI_NOT_BELOW_32|CLOSE_NOT_NEAR_OR_BELOW_LOWER_BB|CLOSE_NOT_ABOVE_MA200
2026-09-16T07:37:24.395516+00:00,SIE_OLD_MR_REGIME_EXHAUSTION_CONFIRM_V1,SOL,SOLUSDT,strategy-lab-v1.0.0:SIE_OLD_MR_REGIME_EXHAUSTION_CONFIRM_V1,1789333200000,2026-09-13T21:00:00+00:00,101.43,101.58,101.18,101.3,56.44820295983086,100.75899999999999,99.27651694782034,102.7149,0.5885714285714302,0.005810181920744622,52.148437499999986,1.249999999999994,False,TREND_SUPPORT_NOT_CONFIRMED|PLANNED_REWARD_TOO_LOW|RSI_NOT_BELOW_32|CLOSE_NOT_NEAR_OR_BELOW_LOWER_BB|CLOSE_NOT_ABOVE_MA200|RSI_RECOVERY_NOT_CONFIRMED
2026-09-16T07:37:24.395516+00:00,SIE_OLD_MR_REGIME_EXHAUSTION_CONFIRM_V1,SOL,SOLUSDT,strategy-lab-v1.0.0:SIE_OLD_MR_REGIME_EXHAUSTION_CONFIRM_V1,1789336800000,2026-09-13T22:00:00+00:00,101.3,101.3,99.35,99.69,47.508896797153014,100.6495,99.19106967941562,102.69895000000001,0.6600000000000017,0.006620523623232037,56.44820295983086,1.2499999999999893,False,TREND_SUPPORT_NOT_CONFIRMED|PLANNED_REWARD_TOO_LOW|RSI_NOT_BELOW_32|CLOSE_NOT_NEAR_OR_BELOW_LOWER_BB|CLOSE_NOT_ABOVE_MA200|RSI_RECOVERY_NOT_CONFIRMED
2026-09-16T07:37:24.395516+00:00,SIE_OLD_MR_REGIME_EXHAUSTION_CONFIRM_V1,SOL,SOLUSDT,strategy-lab-v1.0.0:SIE_OLD_MR_REGIME_EXHAUSTION_CONFIRM_V1,1789340400000,2026-09-13T23:00:00+00:00,99.69,99.97,99.14,99.26,45.17766497461934,100.5325,99.02328994172451,102.68045000000001,0.6585714285714295,0.006634811893727881,47.508896797153014,1.2500000000000109,False,TREND_SUPPORT_NOT_CONFIRMED|RSI_NOT_BELOW_32|CLOSE_NOT_NEAR_OR_BELOW_LOWER_BB|CLOSE_NOT_ABOVE_MA200|RSI_RECOVERY_NOT_CONFIRMED
2026-09-16T07:37:24.395516+00:00,SIE_OLD_MR_REGIME_EXHAUSTION_CONFIRM_V1,SOL,SOLUSDT,strategy-lab-v1.0.0:SIE_OLD_MR_REGIME_EXHAUSTION_CONFIRM_V1,1789344000000,2026-09-14T00:00:00+00:00,99.26,99.89,98.94,99.63,50.83612040133776,100.429,98.97120851971212,102.66150000000002,0.691428571428572,0.006939963579529981,45.17766497461934,1.249999999999995,False,TREND_SUPPORT_NOT_CONFIRMED|PLANNED_REWARD_TOO_LOW|RSI_NOT_BELOW_32|CLOSE_NOT_NEAR_OR_BELOW_LOWER_BB|CLOSE_NOT_ABOVE_MA200
2026-09-16T07:37:24.395516+00:00,SIE_OLD_MR_REGIME_EXHAUSTION_CONFIRM_V1,SOL,SOLUSDT,strategy-lab-v1.0.0:SIE_OLD_MR_REGIME_EXHAUSTION_CONFIRM_V1,1789347600000,2026-09-14T01:00:00+00:00,99.59,100.18,99.12,100.12,52.65700483091786,100.34549999999999,99.02417528593462,102.6408,0.7364285714285715,0.007355459163289767,50.83612040133776,1.25,False,TREND_SUPPORT_NOT_CONFIRMED|RSI_NOT_BELOW_32|CLOSE_NOT_NEAR_OR_BELOW_LOWER_BB|CLOSE_NOT_ABOVE_MA200
2026-09-16T07:37:24.395516+00:00,SIE_OLD_MR_REGIME_EXHAUSTION_CONFIRM_V1,SOL,SOLUSDT,strategy-lab-v1.0.0:SIE_OLD_MR_REGIME_EXHAUSTION_CONFIRM_V1,1789351200000,2026-09-14T02:00:00+00:00,100.11,101.05,99.92,100.96,59.13669064748203,100.3325,99.04106862358083,102.626,0.7949999999999997,0.007874405705229792,52.65700483091786,1.2500000000000044,False,TREND_SUPPORT_NOT_CONFIRMED|RSI_NOT_BELOW_32|CLOSE_NOT_NEAR_OR_BELOW_LOWER_BB|CLOSE_NOT_ABOVE_MA200
2026-09-16T07:37:24.395516+00:00,SIE_OLD_MR_REGIME_EXHAUSTION_CONFIRM_V1,SOL,SOLUSDT,strategy-lab-v1.0.0:SIE_OLD_MR_REGIME_EXHAUSTION_CONFIRM_V1,1789354800000,2026-09-14T03:00:00+00:00,100.95,101.29,100.74,100.94,56.60091047040977,100.345,99.03525956770056,102.6136,0.7800000000000001,0.007727362789776106,59.13669064748203,1.250000000000009,False,TREND_SUPPORT_NOT_CONFIRMED|RSI_NOT_BELOW_32|CLOSE_NOT_NEAR_OR_BELOW_LOWER_BB|CLOSE_NOT_ABOVE_MA200|RSI_RECOVERY_NOT_CONFIRMED
2026-09-16T07:37:24.395516+00:00,SIE_OLD_MR_REGIME_EXHAUSTION_CONFIRM_V1,SOL,SOLUSDT,strategy-lab-v1.0.0:SIE_OLD_MR_REGIME_EXHAUSTION_CONFIRM_V1,1789358400000,2026-09-14T04:00:00+00:00,100.93,101.34,100.83,101.13,54.01929260450163,100.40299999999999,99.06244638301933,102.60305,0.7635714285714285,0.0075503948242008154,56.60091047040977,1.25,False,TREND_SUPPORT_NOT_CONFIRMED|RSI_NOT_BELOW_32|CLOSE_NOT_NEAR_OR_BELOW_LOWER_BB|CLOSE_NOT_ABOVE_MA200|RSI_RECOVERY_NOT_CONFIRMED
2026-09-16T07:37:24.395516+00:00,SIE_OLD_MR_REGIME_EXHAUSTION_CONFIRM_V1,SOL,SOLUSDT,strategy-lab-v1.0.0:SIE_OLD_MR_REGIME_EXHAUSTION_CONFIRM_V1,1789362000000,2026-09-14T05:00:00+00:00,101.15,101.19,100.91,101.07,57.3378839590444,100.465,99.12148967253694,102.58974999999998,0.7485714285714289,0.007406465109047481,54.01929260450163,1.2500000000000047,False,TREND_SUPPORT_NOT_CONFIRMED|RSI_NOT_BELOW_32|CLOSE_NOT_NEAR_OR_BELOW_LOWER_BB|CLOSE_NOT_ABOVE_MA200|RSI_RECOVERY_NOT_CONFIRMED
2026-09-16T07:37:24.395516+00:00,SIE_OLD_MR_REGIME_EXHAUSTION_CONFIRM_V1,SOL,SOLUSDT,strategy-lab-v1.0.0:SIE_OLD_MR_REGIME_EXHAUSTION_CONFIRM_V1,1789365600000,2026-09-14T06:00:00+00:00,101.07,101.97,101.04,101.5,56.2171628721541,100.5635,99.21976974433115,102.58035,0.7607142857142851,0.007494722026741726,57.3378839590444,1.2500000000000047,False,TREND_SUPPORT_NOT_CONFIRMED|RSI_NOT_BELOW_32|CLOSE_NOT_NEAR_OR_BELOW_LOWER_BB|CLOSE_NOT_ABOVE_MA200|RSI_RECOVERY_NOT_CONFIRMED
2026-09-16T07:37:24.395516+00:00,SIE_OLD_MR_REGIME_EXHAUSTION_CONFIRM_V1,SOL,SOLUSDT,strategy-lab-v1.0.0:SIE_OLD_MR_REGIME_EXHAUSTION_CONFIRM_V1,1789369200000,2026-09-14T07:00:00+00:00,101.5,101.69,101.38,101.56,55.277280858676264,100.652,99.29066829905423,102.57225,0.7507142857142851,0.0073918303043943,56.2171628721541,1.2500000000000095,False,TREND_SUPPORT_NOT_CONFIRMED|RSI_NOT_BELOW_32|CLOSE_NOT_NEAR_OR_BELOW_LOWER_BB|CLOSE_NOT_ABOVE_MA200|RSI_RECOVERY_NOT_CONFIRMED
2026-09-16T07:37:24.395516+00:00,SIE_OLD_MR_REGIME_EXHAUSTION_CONFIRM_V1,SOL,SOLUSDT,strategy-lab-v1.0.0:SIE_OLD_MR_REGIME_EXHAUSTION_CONFIRM_V1,1789372800000,2026-09-14T08:00:00+00:00,101.56,101.78,101.28,101.46,52.727272727272705,100.7405,99.41107192748163,102.56295,0.759285714285714,0.00748359663202951,55.277280858676264,1.2500000000000093,False,TREND_SUPPORT_NOT_CONFIRMED|RSI_NOT_BELOW_32|CLOSE_NOT_NEAR_OR_BELOW_LOWER_BB|CLOSE_NOT_ABOVE_MA200|RSI_RECOVERY_NOT_CONFIRMED
2026-09-16T07:37:24.395516+00:00,SIE_OLD_MR_REGIME_EXHAUSTION_CONFIRM_V1,SOL,SOLUSDT,strategy-lab-v1.0.0:SIE_OLD_MR_REGIME_EXHAUSTION_CONFIRM_V1,1789376400000,2026-09-14T09:00:00+00:00,101.46,102.31,101.17,101.9,58.59649122807021,100.832,99.44893673318973,102.55215,0.7928571428571435,0.007780737417636344,52.727272727272705,1.25,False,TREND_SUPPORT_NOT_CONFIRMED|RSI_NOT_BELOW_32|CLOSE_NOT_NEAR_OR_BELOW_LOWER_BB|CLOSE_NOT_ABOVE_MA200
2026-09-16T07:37:24.395516+00:00,SIE_OLD_MR_REGIME_EXHAUSTION_CONFIRM_V1,SOL,SOLUSDT,strategy-lab-v1.0.0:SIE_OLD_MR_REGIME_EXHAUSTION_CONFIRM_V1,1789380000000,2026-09-14T10:00:00+00:00,101.91,101.98,101.66,101.73,52.71028037383183,100.887,99.45386218387767,102.5389,0.7757142857142867,0.007625226439735443,58.59649122807021,1.25,False,TREND_SUPPORT_NOT_CONFIRMED|RSI_NOT_BELOW_32|CLOSE_NOT_NEAR_OR_BELOW_LOWER_BB|CLOSE_NOT_ABOVE_MA200|RSI_RECOVERY_NOT_CONFIRMED
2026-09-16T07:37:24.395516+00:00,SIE_OLD_MR_REGIME_EXHAUSTION_CONFIRM_V1,SOL,SOLUSDT,strategy-lab-v1.0.0:SIE_OLD_MR_REGIME_EXHAUSTION_CONFIRM_V1,1789383600000,2026-09-14T11:00:00+00:00,101.74,101.92,101.25,101.33,50.2673796791444,100.94300000000001,99.53270783168882,102.5157,0.7950000000000017,0.007845652817526909,52.71028037383183,1.2500000000000044,False,TREND_SUPPORT_NOT_CONFIRMED|RSI_NOT_BELOW_32|CLOSE_NOT_NEAR_OR_BELOW_LOWER_BB|CLOSE_NOT_ABOVE_MA200|RSI_RECOVERY_NOT_CONFIRMED
2026-09-16T07:37:24.395516+00:00,SIE_OLD_MR_REGIME_EXHAUSTION_CONFIRM_V1,SOL,SOLUSDT,strategy-lab-v1.0.0:SIE_OLD_MR_REGIME_EXHAUSTION_CONFIRM_V1,1789387200000,2026-09-14T12:00:00+00:00,101.34,101.95,101.16,101.33,70.49999999999994,100.97,99.5518039627753,102.4936,0.7121428571428591,0.007027956746697514,50.2673796791444,1.2499999999999951,False,TREND_SUPPORT_NOT_CONFIRMED|PLANNED_REWARD_TOO_LOW|RSI_NOT_BELOW_32|CLOSE_NOT_NEAR_OR_BELOW_LOWER_BB|CLOSE_NOT_ABOVE_MA200
2026-09-16T07:37:24.395516+00:00,SIE_OLD_MR_REGIME_EXHAUSTION_CONFIRM_V1,SOL,SOLUSDT,strategy-lab-v1.0.0:SIE_OLD_MR_REGIME_EXHAUSTION_CONFIRM_V1,1789390800000,2026-09-14T13:00:00+00:00,101.32,101.87,100.63,101.33,78.9915966386552,100.988,99.56114892157595,102.4681,0.7414285714285741,0.00731697001311136,70.49999999999994,1.25,False,TREND_SUPPORT_NOT_CONFIRMED|RSI_NOT_BELOW_32|CLOSE_NOT_NEAR_OR_BELOW_LOWER_BB|CLOSE_NOT_ABOVE_MA200
2026-09-16T07:37:24.395516+00:00,SIE_OLD_MR_REGIME_EXHAUSTION_CONFIRM_V1,SOL,SOLUSDT,strategy-lab-v1.0.0:SIE_OLD_MR_REGIME_EXHAUSTION_CONFIRM_V1,1789394400000,2026-09-14T14:00:00+00:00,101.33,101.99,101.18,101.61,78.44827586206875,101.01050000000001,99.5595213647335,102.44924999999999,0.7314285714285731,0.0071983916093747964,78.9915966386552,1.2500000000000049,False,TREND_SUPPORT_NOT_CONFIRMED|RSI_NOT_BELOW_32|CLOSE_NOT_NEAR_OR_BELOW_LOWER_BB|CLOSE_NOT_ABOVE_MA200|RSI_RECOVERY_NOT_CONFIRMED
2026-09-16T07:37:24.395516+00:00,SIE_OLD_MR_REGIME_EXHAUSTION_CONFIRM_V1,SOL,SOLUSDT,strategy-lab-v1.0.0:SIE_OLD_MR_REGIME_EXHAUSTION_CONFIRM_V1,1789398000000,2026-09-14T15:00:00+00:00,101.59,102.24,101.33,101.95,77.47747747747724,101.06199999999998,99.5554728678182,102.43254999999999,0.720714285714287,0.007069291669585943,78.44827586206875,1.2499999999999951,False,TREND_SUPPORT_NOT_CONFIRMED|PLANNED_REWARD_TOO_LOW|RSI_NOT_BELOW_32|CLOSE_NOT_NEAR_OR_BELOW_LOWER_BB|CLOSE_NOT_ABOVE_MA200|RSI_RECOVERY_NOT_CONFIRMED
2026-09-16T07:37:24.395516+00:00,SIE_OLD_MR_REGIME_EXHAUSTION_CONFIRM_V1,SOL,SOLUSDT,strategy-lab-v1.0.0:SIE_OLD_MR_REGIME_EXHAUSTION_CONFIRM_V1,1789401600000,2026-09-14T16:00:00+00:00,101.94,102.87,101.83,102.59,76.03833865814681,101.1195,99.4779217959537,102.41949999999999,0.7142857142857163,0.006962527676047532,77.47747747747724,1.25,False,TREND_SUPPORT_NOT_CONFIRMED|RSI_NOT_BELOW_32|CLOSE_NOT_NEAR_OR_BELOW_LOWER_BB|RSI_RECOVERY_NOT_CONFIRMED
2026-09-16T07:37:24.395516+00:00,SIE_OLD_MR_REGIME_EXHAUSTION_CONFIRM_V1,SOL,SOLUSDT,strategy-lab-v1.0.0:SIE_OLD_MR_REGIME_EXHAUSTION_CONFIRM_V1,1789405200000,2026-09-14T17:00:00+00:00,102.57,103.29,102.48,103.05,79.551820728291,101.20700000000001,99.36227671451792,102.40224999999998,0.7328571428571442,0.007111665626949483,76.03833865814681,1.25,False,TREND_SUPPORT_NOT_CONFIRMED|RSI_NOT_BELOW_32|CLOSE_NOT_NEAR_OR_BELOW_LOWER_BB
2026-09-16T07:37:24.395516+00:00,SIE_OLD_MR_REGIME_EXHAUSTION_CONFIRM_V1,SOL,SOLUSDT,strategy-lab-v1.0.0:SIE_OLD_MR_REGIME_EXHAUSTION_CONFIRM_V1,1789408800000,2026-09-14T18:00:00+00:00,103.05,103.86,102.91,103.61,81.47208121827384,101.40299999999999,99.41705840972101,102.38705,0.7642857142857155,0.007376563210942143,79.551820728291,1.2500000000000047,False,TREND_SUPPORT_NOT_CONFIRMED|RSI_NOT_BELOW_32|CLOSE_NOT_NEAR_OR_BELOW_LOWER_BB
2026-09-16T07:37:24.395516+00:00,SIE_OLD_MR_REGIME_EXHAUSTION_CONFIRM_V1,SOL,SOLUSDT,strategy-lab-v1.0.0:SIE_OLD_MR_REGIME_EXHAUSTION_CONFIRM_V1,1789412400000,2026-09-14T19:00:00+00:00,103.6,103.62,102.81,103.26,75.88652482269498,101.603,99.71748574654026,102.37105000000001,0.8021428571428585,0.007768185717052668,81.47208121827384,1.2499999999999911,False,TREND_SUPPORT_NOT_CONFIRMED|PLANNED_REWARD_TOO_LOW|RSI_NOT_BELOW_32|CLOSE_NOT_NEAR_OR_BELOW_LOWER_BB|RSI_RECOVERY_NOT_CONFIRMED
2026-09-16T07:37:24.395516+00:00,SIE_OLD_MR_REGIME_EXHAUSTION_CONFIRM_V1,SOL,SOLUSDT,strategy-lab-v1.0.0:SIE_OLD_MR_REGIME_EXHAUSTION_CONFIRM_V1,1789416000000,2026-09-14T20:00:00+00:00,103.27,104.9,103.19,103.98,77.43362831858397,101.8205,99.89243905697982,102.35695,0.8578571428571452,0.008250212953040442,75.88652482269498,1.25,False,TREND_SUPPORT_NOT_CONFIRMED|RSI_NOT_BELOW_32|CLOSE_NOT_NEAR_OR_BELOW_LOWER_BB
2026-09-16T07:37:24.395516+00:00,SIE_OLD_MR_REGIME_EXHAUSTION_CONFIRM_V1,SOL,SOLUSDT,strategy-lab-v1.0.0:SIE_OLD_MR_REGIME_EXHAUSTION_CONFIRM_V1,1789419600000,2026-09-14T21:00:00+00:00,103.99,104.03,103.13,103.18,65.39923954372622,101.9735,100.12550351731942,102.33745,0.9000000000000027,0.008722620662919196,77.43362831858397,1.249999999999992,False,TREND_SUPPORT_NOT_CONFIRMED|PLANNED_REWARD_TOO_LOW|RSI_NOT_BELOW_32|CLOSE_NOT_NEAR_OR_BELOW_LOWER_BB|RSI_RECOVERY_NOT_CONFIRMED
2026-09-16T07:37:24.395516+00:00,SIE_OLD_MR_REGIME_EXHAUSTION_CONFIRM_V1,SOL,SOLUSDT,strategy-lab-v1.0.0:SIE_OLD_MR_REGIME_EXHAUSTION_CONFIRM_V1,1789423200000,2026-09-14T22:00:00+00:00,103.2,103.59,102.78,102.85,62.65938069216753,102.06800000000001,100.24383334094723,102.323,0.9221428571428599,0.008965900409750704,65.39923954372622,1.2499999999999922,False,TREND_SUPPORT_NOT_CONFIRMED|PLANNED_REWARD_TOO_LOW|RSI_NOT_BELOW_32|CLOSE_NOT_NEAR_OR_BELOW_LOWER_BB|RSI_RECOVERY_NOT_CONFIRMED
2026-09-16T07:37:24.395516+00:00,SIE_OLD_MR_REGIME_EXHAUSTION_CONFIRM_V1,SOL,SOLUSDT,strategy-lab-v1.0.0:SIE_OLD_MR_REGIME_EXHAUSTION_CONFIRM_V1,1789426800000,2026-09-14T23:00:00+00:00,102.86,103.0,102.41,102.52,55.76208178438651,102.147,100.38944374201002,102.3069,0.8828571428571459,0.008611560113706066,62.65938069216753,1.249999999999992,False,TREND_SUPPORT_NOT_CONFIRMED|PLANNED_REWARD_TOO_LOW|RSI_NOT_BELOW_32|CLOSE_NOT_NEAR_OR_BELOW_LOWER_BB|RSI_RECOVERY_NOT_CONFIRMED
2026-09-16T07:37:24.395516+00:00,SIE_OLD_MR_REGIME_EXHAUSTION_CONFIRM_V1,SOL,SOLUSDT,strategy-lab-v1.0.0:SIE_OLD_MR_REGIME_EXHAUSTION_CONFIRM_V1,1789430400000,2026-09-15T00:00:00+00:00,102.53,102.85,102.39,102.47,57.03422053231934,102.21400000000001,100.51545474007911,102.28885,0.8928571428571449,0.008713351642989605,55.76208178438651,1.250000000000008,False,TREND_SUPPORT_NOT_CONFIRMED|RSI_NOT_BELOW_32|CLOSE_NOT_NEAR_OR_BELOW_LOWER_BB|RSI_RECOVERY_NOT_CONFIRMED
2026-09-16T07:37:24.395516+00:00,SIE_OLD_MR_REGIME_EXHAUSTION_CONFIRM_V1,SOL,SOLUSDT,strategy-lab-v1.0.0:SIE_OLD_MR_REGIME_EXHAUSTION_CONFIRM_V1,1789434000000,2026-09-15T01:00:00+00:00,102.47,102.59,102.14,102.24,58.93909626719053,102.2725,100.65702638523565,102.2691,0.8771428571428592,0.008579253297563177,57.03422053231934,1.250000000000004,False,RSI_NOT_BELOW_32|CLOSE_NOT_NEAR_OR_BELOW_LOWER_BB|CLOSE_NOT_ABOVE_MA200|RSI_RECOVERY_NOT_CONFIRMED
2026-09-16T07:37:24.395516+00:00,SIE_OLD_MR_REGIME_EXHAUSTION_CONFIRM_V1,SOL,SOLUSDT,strategy-lab-v1.0.0:SIE_OLD_MR_REGIME_EXHAUSTION_CONFIRM_V1,1789437600000,2026-09-15T02:00:00+00:00,102.25,102.41,101.94,101.94,55.658627087198504,102.2945,100.71001932798164,102.24885,0.8542857142857159,0.00838027971635978,58.93909626719053,1.25,False,RSI_NOT_BELOW_32|CLOSE_NOT_NEAR_OR_BELOW_LOWER_BB|CLOSE_NOT_ABOVE_MA200|RSI_RECOVERY_NOT_CONFIRMED
2026-09-16T07:37:24.395516+00:00,SIE_OLD_MR_REGIME_EXHAUSTION_CONFIRM_V1,SOL,SOLUSDT,strategy-lab-v1.0.0:SIE_OLD_MR_REGIME_EXHAUSTION_CONFIRM_V1,1789441200000,2026-09-15T03:00:00+00:00,101.95,101.95,101.22,101.54,51.813471502590744,102.2935,100.70714222194368,102.2291,0.8178571428571441,0.008054531641295489,55.658627087198504,1.2499999999999913,False,PLANNED_REWARD_TOO_LOW|RSI_NOT_BELOW_32|CLOSE_NOT_NEAR_OR_BELOW_LOWER_BB|CLOSE_NOT_ABOVE_MA200|RSI_RECOVERY_NOT_CONFIRMED
2026-09-16T07:37:24.395516+00:00,SIE_OLD_MR_REGIME_EXHAUSTION_CONFIRM_V1,SOL,SOLUSDT,strategy-lab-v1.0.0:SIE_OLD_MR_REGIME_EXHAUSTION_CONFIRM_V1,1789444800000,2026-09-15T04:00:00+00:00,101.54,101.69,101.11,101.25,46.896551724137936,102.28299999999999,100.67212322010657,102.2068,0.8014285714285734,0.007915343915343934,51.813471502590744,1.25,False,RSI_NOT_BELOW_32|CLOSE_NOT_NEAR_OR_BELOW_LOWER_BB|CLOSE_NOT_ABOVE_MA200|RSI_RECOVERY_NOT_CONFIRMED
2026-09-16T07:37:24.395516+00:00,SIE_OLD_MR_REGIME_EXHAUSTION_CONFIRM_V1,SOL,SOLUSDT,strategy-lab-v1.0.0:SIE_OLD_MR_REGIME_EXHAUSTION_CONFIRM_V1,1789448400000,2026-09-15T05:00:00+00:00,101.24,101.4,100.57,101.31,44.202898550724626,102.2535,100.59475016955547,102.18375,0.7957142857142888,0.007854252153926452,46.896551724137936,1.2499999999999956,False,PLANNED_REWARD_TOO_LOW|RSI_NOT_BELOW_32|CLOSE_NOT_NEAR_OR_BELOW_LOWER_BB|CLOSE_NOT_ABOVE_MA200|RSI_RECOVERY_NOT_CONFIRMED
2026-09-16T07:37:24.395516+00:00,SIE_OLD_MR_REGIME_EXHAUSTION_CONFIRM_V1,SOL,SOLUSDT,strategy-lab-v1.0.0:SIE_OLD_MR_REGIME_EXHAUSTION_CONFIRM_V1,1789452000000,2026-09-15T06:00:00+00:00,101.3,101.57,100.71,100.85,33.70786516853924,102.2095,100.45369277823568,102.15875,0.7828571428571455,0.007762589418514086,44.202898550724626,1.2500000000000044,False,RSI_NOT_BELOW_32|CLOSE_NOT_NEAR_OR_BELOW_LOWER_BB|CLOSE_NOT_ABOVE_MA200|RSI_RECOVERY_NOT_CONFIRMED
2026-09-16T07:37:24.395516+00:00,SIE_OLD_MR_REGIME_EXHAUSTION_CONFIRM_V1,SOL,SOLUSDT,strategy-lab-v1.0.0:SIE_OLD_MR_REGIME_EXHAUSTION_CONFIRM_V1,1789455600000,2026-09-15T07:00:00+00:00,100.87,101.03,100.29,100.41,25.18796992481205,102.1635,100.27476206158721,102.12799999999999,0.7778571428571449,0.007746809509582162,33.70786516853924,1.2500000000000047,False,CLOSE_NOT_NEAR_OR_BELOW_LOWER_BB|CLOSE_NOT_ABOVE_MA200|RSI_RECOVERY_NOT_CONFIRMED
2026-09-16T07:37:24.395516+00:00,SIE_OLD_MR_REGIME_EXHAUSTION_CONFIRM_V1,SOL,SOLUSDT,strategy-lab-v1.0.0:SIE_OLD_MR_REGIME_EXHAUSTION_CONFIRM_V1,1789459200000,2026-09-15T08:00:00+00:00,100.4,100.62,100.03,100.62,19.919517102615828,102.128,100.1532027952218,102.1002,0.7521428571428592,0.007475083056478426,25.18796992481205,1.2500000000000047,False,CLOSE_NOT_NEAR_OR_BELOW_LOWER_BB|CLOSE_NOT_ABOVE_MA200|RSI_RECOVERY_NOT_CONFIRMED
2026-09-16T07:37:24.395516+00:00,SIE_OLD_MR_REGIME_EXHAUSTION_CONFIRM_V1,SOL,SOLUSDT,strategy-lab-v1.0.0:SIE_OLD_MR_REGIME_EXHAUSTION_CONFIRM_V1,1789462800000,2026-09-15T09:00:00+00:00,100.61,101.06,100.47,100.79,24.217118997912436,102.101,100.06935140833859,102.0775,0.7364285714285737,0.007306563859793369,19.919517102615828,1.25,False,CLOSE_NOT_NEAR_OR_BELOW_LOWER_BB|CLOSE_NOT_ABOVE_MA200
2026-09-16T07:37:24.395516+00:00,SIE_OLD_MR_REGIME_EXHAUSTION_CONFIRM_V1,SOL,SOLUSDT,strategy-lab-v1.0.0:SIE_OLD_MR_REGIME_EXHAUSTION_CONFIRM_V1,1789466400000,2026-09-15T10:00:00+00:00,100.78,101.07,100.63,100.93,13.7767220902615,102.067,99.98157342493201,102.0532,0.6457142857142871,0.00639764476086681,24.217118997912436,1.25,False,CLOSE_NOT_NEAR_OR_BELOW_LOWER_BB|CLOSE_NOT_ABOVE_MA200|RSI_RECOVERY_NOT_CONFIRMED
2026-09-16T07:37:24.395516+00:00,SIE_OLD_MR_REGIME_EXHAUSTION_CONFIRM_V1,SOL,SOLUSDT,strategy-lab-v1.0.0:SIE_OLD_MR_REGIME_EXHAUSTION_CONFIRM_V1,1789470000000,2026-09-15T11:00:00+00:00,100.93,100.97,100.38,100.82,16.477272727272904,102.01050000000001,99.85539002600802,102.03254999999999,0.6235714285714299,0.0061849973077904175,13.7767220902615,1.2500000000000058,False,TREND_SUPPORT_NOT_CONFIRMED|CLOSE_NOT_NEAR_OR_BELOW_LOWER_BB|CLOSE_NOT_ABOVE_MA200|RSI_RECOVERY_NOT_CONFIRMED
2026-09-16T07:37:24.395516+00:00,SIE_OLD_MR_REGIME_EXHAUSTION_CONFIRM_V1,SOL,SOLUSDT,strategy-lab-v1.0.0:SIE_OLD_MR_REGIME_EXHAUSTION_CONFIRM_V1,1789473600000,2026-09-15T12:00:00+00:00,100.81,101.16,100.77,100.96,21.62162162162184,101.929,99.74462915236452,102.01190000000001,0.5935714285714297,0.005879273262395303,16.477272727272904,1.249999999999988,False,TREND_SUPPORT_NOT_CONFIRMED|PLANNED_REWARD_TOO_LOW|CLOSE_NOT_NEAR_OR_BELOW_LOWER_BB|CLOSE_NOT_ABOVE_MA200
2026-09-16T07:37:24.395516+00:00,SIE_OLD_MR_REGIME_EXHAUSTION_CONFIRM_V1,SOL,SOLUSDT,strategy-lab-v1.0.0:SIE_OLD_MR_REGIME_EXHAUSTION_CONFIRM_V1,1789477200000,2026-09-15T13:00:00+00:00,100.94,101.38,99.69,100.52,20.93023255813975,101.8025,99.59950317748759,101.98900000000002,0.6721428571428579,0.006686657950088121,21.62162162162184,1.2500000000000107,False,TREND_SUPPORT_NOT_CONFIRMED|CLOSE_NOT_NEAR_OR_BELOW_LOWER_BB|CLOSE_NOT_ABOVE_MA200|RSI_RECOVERY_NOT_CONFIRMED
2026-09-16T07:37:24.395516+00:00,SIE_OLD_MR_REGIME_EXHAUSTION_CONFIRM_V1,SOL,SOLUSDT,strategy-lab-v1.0.0:SIE_OLD_MR_REGIME_EXHAUSTION_CONFIRM_V1,1789480800000,2026-09-15T14:00:00+00:00,100.54,100.72,97.89,98.8,14.090019569471806,101.562,99.15962117891459,101.95755000000001,0.8414285714285725,0.008516483516483528,20.93023255813975,1.2500000000000042,False,TREND_SUPPORT_NOT_CONFIRMED|CLOSE_NOT_ABOVE_MA200|RSI_RECOVERY_NOT_CONFIRMED
2026-09-16T07:37:24.395516+00:00,SIE_OLD_MR_REGIME_EXHAUSTION_CONFIRM_V1,SOL,SOLUSDT,strategy-lab-v1.0.0:SIE_OLD_MR_REGIME_EXHAUSTION_CONFIRM_V1,1789484400000,2026-09-15T15:00:00+00:00,98.79,99.71,98.5,99.32,22.962962962963047,101.36500000000001,98.90637030035028,101.93180000000001,0.8957142857142861,0.009018468442552217,14.090019569471806,1.25,False,TREND_SUPPORT_NOT_CONFIRMED|CLOSE_NOT_NEAR_OR_BELOW_LOWER_BB|CLOSE_NOT_ABOVE_MA200
2026-09-16T07:37:24.395516+00:00,SIE_OLD_MR_REGIME_EXHAUSTION_CONFIRM_V1,SOL,SOLUSDT,strategy-lab-v1.0.0:SIE_OLD_MR_REGIME_EXHAUSTION_CONFIRM_V1,1789488000000,2026-09-15T16:00:00+00:00,99.32,99.4,98.83,99.04,23.048327137546593,101.11800000000001,98.76974447727687,101.90350000000001,0.9028571428571439,0.009116085852757914,22.962962962963047,1.250000000000004,False,TREND_SUPPORT_NOT_CONFIRMED|CLOSE_NOT_NEAR_OR_BELOW_LOWER_BB|CLOSE_NOT_ABOVE_MA200|RSI_RECOVERY_NOT_CONFIRMED
2026-09-16T07:37:24.395516+00:00,SIE_OLD_MR_REGIME_EXHAUSTION_CONFIRM_V1,SOL,SOLUSDT,strategy-lab-v1.0.0:SIE_OLD_MR_REGIME_EXHAUSTION_CONFIRM_V1,1789491600000,2026-09-15T17:00:00+00:00,99.04,100.65,98.64,100.15,38.58784893267654,100.9665,98.78486506261939,101.881,0.9942857142857154,0.009927965195064557,23.048327137546593,1.2499999999999964,False,TREND_SUPPORT_NOT_CONFIRMED|PLANNED_REWARD_TOO_LOW|RSI_NOT_BELOW_32|CLOSE_NOT_NEAR_OR_BELOW_LOWER_BB|CLOSE_NOT_ABOVE_MA200
2026-09-16T07:37:24.395516+00:00,SIE_OLD_MR_REGIME_EXHAUSTION_CONFIRM_V1,SOL,SOLUSDT,strategy-lab-v1.0.0:SIE_OLD_MR_REGIME_EXHAUSTION_CONFIRM_V1,1789495200000,2026-09-15T18:00:00+00:00,100.14,100.26,95.71,98.12,30.012771392081802,100.72999999999999,98.39616195934686,101.8466,1.277857142857145,0.013023411566012484,38.58784893267654,1.2500000000000029,False,TREND_SUPPORT_NOT_CONFIRMED|CLOSE_NOT_ABOVE_MA200|RSI_RECOVERY_NOT_CONFIRMED
2026-09-16T07:37:24.395516+00:00,SIE_OLD_MR_REGIME_EXHAUSTION_CONFIRM_V1,SOL,SOLUSDT,strategy-lab-v1.0.0:SIE_OLD_MR_REGIME_EXHAUSTION_CONFIRM_V1,1789498800000,2026-09-15T19:00:00+00:00,98.15,98.59,97.43,97.81,28.34158415841587,100.49449999999999,97.98662859181341,101.81105,1.3014285714285723,0.013305680108665497,30.012771392081802,1.25,False,TREND_SUPPORT_NOT_CONFIRMED|CLOSE_NOT_ABOVE_MA200|RSI_RECOVERY_NOT_CONFIRMED
2026-09-16T07:37:24.395516+00:00,SIE_OLD_MR_REGIME_EXHAUSTION_CONFIRM_V1,SOL,SOLUSDT,strategy-lab-v1.0.0:SIE_OLD_MR_REGIME_EXHAUSTION_CONFIRM_V1,1789502400000,2026-09-15T20:00:00+00:00,97.81,98.01,96.58,97.37,28.411910669975256,100.2395,97.55597638355843,101.76929999999999,1.3421428571428586,0.0137839463607154,28.34158415841587,1.2499999999999973,False,TREND_SUPPORT_NOT_CONFIRMED|PLANNED_REWARD_TOO_LOW|CLOSE_NOT_ABOVE_MA200|RSI_RECOVERY_NOT_CONFIRMED
2026-09-16T07:37:24.395516+00:00,SIE_OLD_MR_REGIME_EXHAUSTION_CONFIRM_V1,SOL,SOLUSDT,strategy-lab-v1.0.0:SIE_OLD_MR_REGIME_EXHAUSTION_CONFIRM_V1,1789506000000,2026-09-15T21:00:00+00:00,97.37,97.37,96.46,96.47,26.877934272300507,99.95100000000001,96.96607186016152,101.7262,1.354285714285717,0.01403841312621247,28.411910669975256,1.2499999999999973,False,TREND_SUPPORT_NOT_CONFIRMED|PLANNED_REWARD_TOO_LOW|CLOSE_NOT_ABOVE_MA200|RSI_RECOVERY_NOT_CONFIRMED
2026-09-16T07:37:24.395516+00:00,SIE_OLD_MR_REGIME_EXHAUSTION_CONFIRM_V1,SOL,SOLUSDT,strategy-lab-v1.0.0:SIE_OLD_MR_REGIME_EXHAUSTION_CONFIRM_V1,1789509600000,2026-09-15T22:00:00+00:00,96.48,97.25,96.23,97.08,30.156950672645706,99.708,96.62078377822354,101.68835000000001,1.385000000000002,0.014266584260403812,26.877934272300507,1.2499999999999973,False,TREND_SUPPORT_NOT_CONFIRMED|PLANNED_REWARD_TOO_LOW|CLOSE_NOT_NEAR_OR_BELOW_LOWER_BB|CLOSE_NOT_ABOVE_MA200
2026-09-16T07:37:24.395516+00:00,SIE_OLD_MR_REGIME_EXHAUSTION_CONFIRM_V1,SOL,SOLUSDT,strategy-lab-v1.0.0:SIE_OLD_MR_REGIME_EXHAUSTION_CONFIRM_V1,1789513200000,2026-09-15T23:00:00+00:00,97.06,97.61,96.81,96.82,27.968923418423913,99.47200000000001,96.26186230824914,101.65635,1.4000000000000017,0.014459822350753994,30.156950672645706,1.249999999999995,False,TREND_SUPPORT_NOT_CONFIRMED|PLANNED_REWARD_TOO_LOW|CLOSE_NOT_NEAR_OR_BELOW_LOWER_BB|CLOSE_NOT_ABOVE_MA200|RSI_RECOVERY_NOT_CONFIRMED
2026-09-16T07:37:24.395516+00:00,SIE_OLD_MR_REGIME_EXHAUSTION_CONFIRM_V1,SOL,SOLUSDT,strategy-lab-v1.0.0:SIE_OLD_MR_REGIME_EXHAUSTION_CONFIRM_V1,1789516800000,2026-09-16T00:00:00+00:00,96.82,97.27,96.76,97.0,28.287292817679543,99.2595,95.98623572713726,101.62205,1.4050000000000011,0.014484536082474238,27.968923418423913,1.250000000000005,False,TREND_SUPPORT_NOT_CONFIRMED|CLOSE_NOT_NEAR_OR_BELOW_LOWER_BB|CLOSE_NOT_ABOVE_MA200
2026-09-16T07:37:24.395516+00:00,SIE_OLD_MR_REGIME_EXHAUSTION_CONFIRM_V1,SOL,SOLUSDT,strategy-lab-v1.0.0:SIE_OLD_MR_REGIME_EXHAUSTION_CONFIRM_V1,1789520400000,2026-09-16T01:00:00+00:00,97.01,97.25,96.32,96.42,26.89075630252104,99.015,95.66137807736179,101.5842,1.4292857142857156,0.014823539870210699,28.287292817679543,1.2499999999999976,False,TREND_SUPPORT_NOT_CONFIRMED|PLANNED_REWARD_TOO_LOW|CLOSE_NOT_NEAR_OR_BELOW_LOWER_BB|CLOSE_NOT_ABOVE_MA200|RSI_RECOVERY_NOT_CONFIRMED
2026-09-16T07:37:24.395516+00:00,SIE_OLD_MR_REGIME_EXHAUSTION_CONFIRM_V1,SOL,SOLUSDT,strategy-lab-v1.0.0:SIE_OLD_MR_REGIME_EXHAUSTION_CONFIRM_V1,1789524000000,2026-09-16T02:00:00+00:00,96.42,97.53,96.37,97.18,31.360946745562188,98.8315,95.49801968657387,101.55055,1.4842857142857153,0.015273571869579288,26.89075630252104,1.2499999999999976,False,TREND_SUPPORT_NOT_CONFIRMED|PLANNED_REWARD_TOO_LOW|CLOSE_NOT_NEAR_OR_BELOW_LOWER_BB|CLOSE_NOT_ABOVE_MA200
2026-09-16T07:37:24.395516+00:00,SIE_OLD_MR_REGIME_EXHAUSTION_CONFIRM_V1,SOL,SOLUSDT,strategy-lab-v1.0.0:SIE_OLD_MR_REGIME_EXHAUSTION_CONFIRM_V1,1789527600000,2026-09-16T03:00:00+00:00,97.17,97.53,96.96,97.19,32.852729145211114,98.67049999999999,95.34649954873655,101.51474999999999,1.4042857142857161,0.014448870401128883,31.360946745562188,1.25,False,TREND_SUPPORT_NOT_CONFIRMED|RSI_NOT_BELOW_32|CLOSE_NOT_NEAR_OR_BELOW_LOWER_BB|CLOSE_NOT_ABOVE_MA200
2026-09-16T07:37:24.395516+00:00,SIE_OLD_MR_REGIME_EXHAUSTION_CONFIRM_V1,SOL,SOLUSDT,strategy-lab-v1.0.0:SIE_OLD_MR_REGIME_EXHAUSTION_CONFIRM_V1,1789531200000,2026-09-16T04:00:00+00:00,97.19,97.65,96.8,97.2,40.00000000000004,98.4995,95.24306345064124,101.48035,1.2628571428571453,0.012992357436801907,32.852729145211114,1.2500000000000056,False,TREND_SUPPORT_NOT_CONFIRMED|RSI_NOT_BELOW_32|CLOSE_NOT_NEAR_OR_BELOW_LOWER_BB|CLOSE_NOT_ABOVE_MA200
2026-09-16T07:37:24.395516+00:00,SIE_OLD_MR_REGIME_EXHAUSTION_CONFIRM_V1,SOL,SOLUSDT,strategy-lab-v1.0.0:SIE_OLD_MR_REGIME_EXHAUSTION_CONFIRM_V1,1789534800000,2026-09-16T05:00:00+00:00,97.18,97.26,96.8,97.16,35.63829787234047,98.31800000000001,95.19035168217407,101.4468,1.2092857142857178,0.012446333000058851,40.00000000000004,1.2500000000000029,False,TREND_SUPPORT_NOT_CONFIRMED|RSI_NOT_BELOW_32|CLOSE_NOT_NEAR_OR_BELOW_LOWER_BB|CLOSE_NOT_ABOVE_MA200|RSI_RECOVERY_NOT_CONFIRMED
2026-09-16T07:37:24.395516+00:00,SIE_OLD_MR_REGIME_EXHAUSTION_CONFIRM_V1,SOL,SOLUSDT,strategy-lab-v1.0.0:SIE_OLD_MR_REGIME_EXHAUSTION_CONFIRM_V1,1789538400000,2026-09-16T06:00:00+00:00,97.17,97.34,96.8,97.3,38.21138211382112,98.1365,95.22219545174163,101.41564999999999,1.2071428571428606,0.012406401409484694,35.63829787234047,1.25,False,TREND_SUPPORT_NOT_CONFIRMED|RSI_NOT_BELOW_32|CLOSE_NOT_NEAR_OR_BELOW_LOWER_BB|CLOSE_NOT_ABOVE_MA200
2026-09-16T07:37:24.395516+00:00,SIE_OLD_MR_REGIME_EXHAUSTION_CONFIRM_V1,SOL,SOLUSDT,strategy-lab-v1.0.0:SIE_OLD_MR_REGIME_EXHAUSTION_CONFIRM_V1,1789542000000,2026-09-16T07:00:00+00:00,97.31,97.47,96.97,97.03,26.146788990825712,97.947,95.27227309805293,101.38185000000001,1.0992857142857173,0.01132933849619414,38.21138211382112,1.25,False,TREND_SUPPORT_NOT_CONFIRMED|CLOSE_NOT_NEAR_OR_BELOW_LOWER_BB|CLOSE_NOT_ABOVE_MA200|RSI_RECOVERY_NOT_CONFIRMED
2026-09-16T07:37:24.395516+00:00,SIE_OLD_MR_REGIME_EXHAUSTION_CONFIRM_V1,XRP,XRPUSDT,strategy-lab-v1.0.0:SIE_OLD_MR_REGIME_EXHAUSTION_CONFIRM_V1,1789326000000,2026-09-13T19:00:00+00:00,1.3582,1.3596,1.3529,1.3549,40.556368960468596,1.354225,1.3345448704272482,1.388737,0.008721428571428562,0.006436953702434543,45.94202898550737,1.25,False,TREND_SUPPORT_NOT_CONFIRMED|RSI_NOT_BELOW_32|CLOSE_NOT_NEAR_OR_BELOW_LOWER_BB|CLOSE_NOT_ABOVE_MA200|RSI_RECOVERY_NOT_CONFIRMED
2026-09-16T07:37:24.395516+00:00,SIE_OLD_MR_REGIME_EXHAUSTION_CONFIRM_V1,XRP,XRPUSDT,strategy-lab-v1.0.0:SIE_OLD_MR_REGIME_EXHAUSTION_CONFIRM_V1,1789329600000,2026-09-13T20:00:00+00:00,1.3548,1.3617,1.3548,1.3606,50.07496251874063,1.3539,1.334877381883655,1.3884645,0.008542857142857138,0.006278742571554563,40.556368960468596,1.2500000000000064,False,TREND_SUPPORT_NOT_CONFIRMED|RSI_NOT_BELOW_32|CLOSE_NOT_NEAR_OR_BELOW_LOWER_BB|CLOSE_NOT_ABOVE_MA200
2026-09-16T07:37:24.395516+00:00,SIE_OLD_MR_REGIME_EXHAUSTION_CONFIRM_V1,XRP,XRPUSDT,strategy-lab-v1.0.0:SIE_OLD_MR_REGIME_EXHAUSTION_CONFIRM_V1,1789333200000,2026-09-13T21:00:00+00:00,1.3606,1.3623,1.3564,1.3569,49.48148148148154,1.353355,1.3353597256203107,1.388187,0.008607142857142844,0.006343240369329239,50.07496251874063,1.2499999999999936,False,TREND_SUPPORT_NOT_CONFIRMED|PLANNED_REWARD_TOO_LOW|RSI_NOT_BELOW_32|CLOSE_NOT_NEAR_OR_BELOW_LOWER_BB|CLOSE_NOT_ABOVE_MA200|RSI_RECOVERY_NOT_CONFIRMED
2026-09-16T07:37:24.395516+00:00,SIE_OLD_MR_REGIME_EXHAUSTION_CONFIRM_V1,XRP,XRPUSDT,strategy-lab-v1.0.0:SIE_OLD_MR_REGIME_EXHAUSTION_CONFIRM_V1,1789336800000,2026-09-13T22:00:00+00:00,1.3569,1.3569,1.3336,1.337,43.264248704663245,1.351825,1.3337313685236953,1.387799,0.009271428571428566,0.00693450154931082,49.48148148148154,1.250000000000012,False,TREND_SUPPORT_NOT_CONFIRMED|RSI_NOT_BELOW_32|CLOSE_NOT_NEAR_OR_BELOW_LOWER_BB|CLOSE_NOT_ABOVE_MA200|RSI_RECOVERY_NOT_CONFIRMED
2026-09-16T07:37:24.395516+00:00,SIE_OLD_MR_REGIME_EXHAUSTION_CONFIRM_V1,XRP,XRPUSDT,strategy-lab-v1.0.0:SIE_OLD_MR_REGIME_EXHAUSTION_CONFIRM_V1,1789340400000,2026-09-13T23:00:00+00:00,1.3369,1.344,1.3368,1.3408,47.99999999999994,1.350695,1.3328124414582156,1.3874389999999999,0.008821428571428567,0.006579227753153764,43.264248704663245,1.2499999999999938,False,TREND_SUPPORT_NOT_CONFIRMED|PLANNED_REWARD_TOO_LOW|RSI_NOT_BELOW_32|CLOSE_NOT_NEAR_OR_BELOW_LOWER_BB|CLOSE_NOT_ABOVE_MA200
2026-09-16T07:37:24.395516+00:00,SIE_OLD_MR_REGIME_EXHAUSTION_CONFIRM_V1,XRP,XRPUSDT,strategy-lab-v1.0.0:SIE_OLD_MR_REGIME_EXHAUSTION_CONFIRM_V1,1789344000000,2026-09-14T00:00:00+00:00,1.3406,1.3496,1.3346,1.3468,54.20326223337509,1.349845,1.3329458313813858,1.3870960000000003,0.009349999999999985,0.006942381942381931,47.99999999999994,1.2499999999999882,False,TREND_SUPPORT_NOT_CONFIRMED|PLANNED_REWARD_TOO_LOW|RSI_NOT_BELOW_32|CLOSE_NOT_NEAR_OR_BELOW_LOWER_BB|CLOSE_NOT_ABOVE_MA200
2026-09-16T07:37:24.395516+00:00,SIE_OLD_MR_REGIME_EXHAUSTION_CONFIRM_V1,XRP,XRPUSDT,strategy-lab-v1.0.0:SIE_OLD_MR_REGIME_EXHAUSTION_CONFIRM_V1,1789347600000,2026-09-14T01:00:00+00:00,1.3468,1.3528,1.3376,1.3512,55.15970515970511,1.349015,1.3342259128070608,1.3867185,0.010050000000000003,0.007437833037300181,54.20326223337509,1.249999999999989,False,TREND_SUPPORT_NOT_CONFIRMED|PLANNED_REWARD_TOO_LOW|RSI_NOT_BELOW_32|CLOSE_NOT_NEAR_OR_BELOW_LOWER_BB|CLOSE_NOT_ABOVE_MA200
2026-09-16T07:37:24.395516+00:00,SIE_OLD_MR_REGIME_EXHAUSTION_CONFIRM_V1,XRP,XRPUSDT,strategy-lab-v1.0.0:SIE_OLD_MR_REGIME_EXHAUSTION_CONFIRM_V1,1789351200000,2026-09-14T02:00:00+00:00,1.3511,1.3732,1.3492,1.3698,65.26207605344283,1.34948,1.3328104349186802,1.3864765,0.011207142857142876,0.008181590638883688,55.15970515970511,1.2499999999999951,False,TREND_SUPPORT_NOT_CONFIRMED|PLANNED_REWARD_TOO_LOW|RSI_NOT_BELOW_32|CLOSE_NOT_NEAR_OR_BELOW_LOWER_BB|CLOSE_NOT_ABOVE_MA200
2026-09-16T07:37:24.395516+00:00,SIE_OLD_MR_REGIME_EXHAUSTION_CONFIRM_V1,XRP,XRPUSDT,strategy-lab-v1.0.0:SIE_OLD_MR_REGIME_EXHAUSTION_CONFIRM_V1,1789354800000,2026-09-14T03:00:00+00:00,1.3698,1.3802,1.3676,1.3717,65.26207605344283,1.3501850000000002,1.3311732904503477,1.3862545,0.011321428571428609,0.008253574813318225,65.26207605344283,1.25,False,TREND_SUPPORT_NOT_CONFIRMED|RSI_NOT_BELOW_32|CLOSE_NOT_NEAR_OR_BELOW_LOWER_BB|CLOSE_NOT_ABOVE_MA200|RSI_RECOVERY_NOT_CONFIRMED
2026-09-16T07:37:24.395516+00:00,SIE_OLD_MR_REGIME_EXHAUSTION_CONFIRM_V1,XRP,XRPUSDT,strategy-lab-v1.0.0:SIE_OLD_MR_REGIME_EXHAUSTION_CONFIRM_V1,1789358400000,2026-09-14T04:00:00+00:00,1.372,1.3798,1.3707,1.3766,64.04255319148928,1.351645,1.3294883328318465,1.3860625,0.011092857142857158,0.008058155704530843,65.26207605344283,1.24999999999999,False,TREND_SUPPORT_NOT_CONFIRMED|PLANNED_REWARD_TOO_LOW|RSI_NOT_BELOW_32|CLOSE_NOT_NEAR_OR_BELOW_LOWER_BB|CLOSE_NOT_ABOVE_MA200|RSI_RECOVERY_NOT_CONFIRMED
2026-09-16T07:37:24.395516+00:00,SIE_OLD_MR_REGIME_EXHAUSTION_CONFIRM_V1,XRP,XRPUSDT,strategy-lab-v1.0.0:SIE_OLD_MR_REGIME_EXHAUSTION_CONFIRM_V1,1789362000000,2026-09-14T05:00:00+00:00,1.3766,1.3811,1.3738,1.3797,70.17738359201766,1.353435,1.3284645955178873,1.3858590000000002,0.01107142857142859,0.008024518787728195,64.04255319148928,1.249999999999995,False,TREND_SUPPORT_NOT_CONFIRMED|PLANNED_REWARD_TOO_LOW|RSI_NOT_BELOW_32|CLOSE_NOT_NEAR_OR_BELOW_LOWER_BB|CLOSE_NOT_ABOVE_MA200
2026-09-16T07:37:24.395516+00:00,SIE_OLD_MR_REGIME_EXHAUSTION_CONFIRM_V1,XRP,XRPUSDT,strategy-lab-v1.0.0:SIE_OLD_MR_REGIME_EXHAUSTION_CONFIRM_V1,1789365600000,2026-09-14T06:00:00+00:00,1.3798,1.3883,1.374,1.3858,69.70720720720712,1.35572,1.3278529872429734,1.3857165,0.011500000000000019,0.00829845576562276,70.17738359201766,1.2499999999999951,False,TREND_SUPPORT_NOT_CONFIRMED|PLANNED_REWARD_TOO_LOW|RSI_NOT_BELOW_32|CLOSE_NOT_NEAR_OR_BELOW_LOWER_BB|RSI_RECOVERY_NOT_CONFIRMED
2026-09-16T07:37:24.395516+00:00,SIE_OLD_MR_REGIME_EXHAUSTION_CONFIRM_V1,XRP,XRPUSDT,strategy-lab-v1.0.0:SIE_OLD_MR_REGIME_EXHAUSTION_CONFIRM_V1,1789369200000,2026-09-14T07:00:00+00:00,1.386,1.3902,1.384,1.3901,69.67305524238999,1.358085,1.3271462039665365,1.3856045000000001,0.011507142857142891,0.008277924506972801,69.70720720720712,1.25,False,TREND_SUPPORT_NOT_CONFIRMED|RSI_NOT_BELOW_32|CLOSE_NOT_NEAR_OR_BELOW_LOWER_BB|RSI_RECOVERY_NOT_CONFIRMED
2026-09-16T07:37:24.395516+00:00,SIE_OLD_MR_REGIME_EXHAUSTION_CONFIRM_V1,XRP,XRPUSDT,strategy-lab-v1.0.0:SIE_OLD_MR_REGIME_EXHAUSTION_CONFIRM_V1,1789372800000,2026-09-14T08:00:00+00:00,1.3901,1.3931,1.3833,1.3847,64.54445664105377,1.360315,1.328466968663664,1.3854570000000002,0.011678571428571458,0.008434008397899515,69.67305524238999,1.2500000000000095,False,TREND_SUPPORT_NOT_CONFIRMED|RSI_NOT_BELOW_32|CLOSE_NOT_NEAR_OR_BELOW_LOWER_BB|CLOSE_NOT_ABOVE_MA200|RSI_RECOVERY_NOT_CONFIRMED
2026-09-16T07:37:24.395516+00:00,SIE_OLD_MR_REGIME_EXHAUSTION_CONFIRM_V1,XRP,XRPUSDT,strategy-lab-v1.0.0:SIE_OLD_MR_REGIME_EXHAUSTION_CONFIRM_V1,1789376400000,2026-09-14T09:00:00+00:00,1.3848,1.4094,1.3807,1.4022,72.4596391263058,1.3633250000000001,1.3278026197306516,1.3853795,0.01325000000000003,0.009449436599629176,64.54445664105377,1.2500000000000042,False,TREND_SUPPORT_NOT_CONFIRMED|RSI_NOT_BELOW_32|CLOSE_NOT_NEAR_OR_BELOW_LOWER_BB
2026-09-16T07:37:24.395516+00:00,SIE_OLD_MR_REGIME_EXHAUSTION_CONFIRM_V1,XRP,XRPUSDT,strategy-lab-v1.0.0:SIE_OLD_MR_REGIME_EXHAUSTION_CONFIRM_V1,1789380000000,2026-09-14T10:00:00+00:00,1.4023,1.4083,1.393,1.3964,66.98292220113862,1.365635,1.3278880385328808,1.3852685,0.013850000000000045,0.00991836150100261,72.4596391263058,1.250000000000008,False,TREND_SUPPORT_NOT_CONFIRMED|RSI_NOT_BELOW_32|CLOSE_NOT_NEAR_OR_BELOW_LOWER_BB|RSI_RECOVERY_NOT_CONFIRMED
2026-09-16T07:37:24.395516+00:00,SIE_OLD_MR_REGIME_EXHAUSTION_CONFIRM_V1,XRP,XRPUSDT,strategy-lab-v1.0.0:SIE_OLD_MR_REGIME_EXHAUSTION_CONFIRM_V1,1789383600000,2026-09-14T11:00:00+00:00,1.3965,1.406,1.3936,1.3982,69.9516908212562,1.36838,1.329559665122514,1.3851384999999998,0.014314285714285755,0.010237652491979513,66.98292220113862,1.25,False,TREND_SUPPORT_NOT_CONFIRMED|RSI_NOT_BELOW_32|CLOSE_NOT_NEAR_OR_BELOW_LOWER_BB
2026-09-16T07:37:24.395516+00:00,SIE_OLD_MR_REGIME_EXHAUSTION_CONFIRM_V1,XRP,XRPUSDT,strategy-lab-v1.0.0:SIE_OLD_MR_REGIME_EXHAUSTION_CONFIRM_V1,1789387200000,2026-09-14T12:00:00+00:00,1.3978,1.4039,1.3915,1.3942,82.6484018264843,1.3705500000000002,1.3310568866762809,1.385008,0.013535714285714318,0.009708588642744454,69.9516908212562,1.25,False,TREND_SUPPORT_NOT_CONFIRMED|RSI_NOT_BELOW_32|CLOSE_NOT_NEAR_OR_BELOW_LOWER_BB|RSI_RECOVERY_NOT_CONFIRMED
2026-09-16T07:37:24.395516+00:00,SIE_OLD_MR_REGIME_EXHAUSTION_CONFIRM_V1,XRP,XRPUSDT,strategy-lab-v1.0.0:SIE_OLD_MR_REGIME_EXHAUSTION_CONFIRM_V1,1789390800000,2026-09-14T13:00:00+00:00,1.3942,1.4029,1.3823,1.3943,81.88319427890374,1.3725049999999999,1.3323788750936485,1.384856,0.014492857142857165,0.010394360713517294,82.6484018264843,1.2499999999999962,False,TREND_SUPPORT_NOT_CONFIRMED|PLANNED_REWARD_TOO_LOW|RSI_NOT_BELOW_32|CLOSE_NOT_NEAR_OR_BELOW_LOWER_BB|RSI_RECOVERY_NOT_CONFIRMED
2026-09-16T07:37:24.395516+00:00,SIE_OLD_MR_REGIME_EXHAUSTION_CONFIRM_V1,XRP,XRPUSDT,strategy-lab-v1.0.0:SIE_OLD_MR_REGIME_EXHAUSTION_CONFIRM_V1,1789394400000,2026-09-14T14:00:00+00:00,1.3938,1.4059,1.3937,1.3996,81.73076923076948,1.374575,1.3333576796115991,1.384762,0.014292857142857171,0.010212101416731331,81.88319427890374,1.2500000000000038,False,TREND_SUPPORT_NOT_CONFIRMED|RSI_NOT_BELOW_32|CLOSE_NOT_NEAR_OR_BELOW_LOWER_BB|RSI_RECOVERY_NOT_CONFIRMED
2026-09-16T07:37:24.395516+00:00,SIE_OLD_MR_REGIME_EXHAUSTION_CONFIRM_V1,XRP,XRPUSDT,strategy-lab-v1.0.0:SIE_OLD_MR_REGIME_EXHAUSTION_CONFIRM_V1,1789398000000,2026-09-14T15:00:00+00:00,1.3993,1.4071,1.3919,1.4031,81.5309842041315,1.376985,1.3350213359559717,1.3846935,0.014292857142857171,0.01018662756956537,81.73076923076948,1.2500000000000038,False,TREND_SUPPORT_NOT_CONFIRMED|RSI_NOT_BELOW_32|CLOSE_NOT_NEAR_OR_BELOW_LOWER_BB|RSI_RECOVERY_NOT_CONFIRMED
2026-09-16T07:37:24.395516+00:00,SIE_OLD_MR_REGIME_EXHAUSTION_CONFIRM_V1,XRP,XRPUSDT,strategy-lab-v1.0.0:SIE_OLD_MR_REGIME_EXHAUSTION_CONFIRM_V1,1789401600000,2026-09-14T16:00:00+00:00,1.403,1.4225,1.4013,1.4191,80.92848180677571,1.37991,1.3348792593887238,1.384711,0.014092857142857176,0.009930841479005833,81.5309842041315,1.249999999999996,False,TREND_SUPPORT_NOT_CONFIRMED|PLANNED_REWARD_TOO_LOW|RSI_NOT_BELOW_32|CLOSE_NOT_NEAR_OR_BELOW_LOWER_BB|RSI_RECOVERY_NOT_CONFIRMED
2026-09-16T07:37:24.395516+00:00,SIE_OLD_MR_REGIME_EXHAUSTION_CONFIRM_V1,XRP,XRPUSDT,strategy-lab-v1.0.0:SIE_OLD_MR_REGIME_EXHAUSTION_CONFIRM_V1,1789405200000,2026-09-14T17:00:00+00:00,1.4189,1.44,1.4165,1.4342,83.63832077502715,1.383775,1.3342613301703459,1.384785,0.014871428571428582,0.010369145566468124,80.92848180677571,1.2499999999999962,False,TREND_SUPPORT_NOT_CONFIRMED|PLANNED_REWARD_TOO_LOW|RSI_NOT_BELOW_32|CLOSE_NOT_NEAR_OR_BELOW_LOWER_BB
2026-09-16T07:37:24.395516+00:00,SIE_OLD_MR_REGIME_EXHAUSTION_CONFIRM_V1,XRP,XRPUSDT,strategy-lab-v1.0.0:SIE_OLD_MR_REGIME_EXHAUSTION_CONFIRM_V1,1789408800000,2026-09-14T18:00:00+00:00,1.4345,1.4806,1.4299,1.4772,88.3969465648857,1.390785,1.331093215808204,1.3850635,0.01784285714285716,0.01207883640864958,83.63832077502715,1.249999999999997,False,PLANNED_REWARD_TOO_LOW|RSI_NOT_BELOW_32|CLOSE_NOT_NEAR_OR_BELOW_LOWER_BB
2026-09-16T07:37:24.395516+00:00,SIE_OLD_MR_REGIME_EXHAUSTION_CONFIRM_V1,XRP,XRPUSDT,strategy-lab-v1.0.0:SIE_OLD_MR_REGIME_EXHAUSTION_CONFIRM_V1,1789412400000,2026-09-14T19:00:00+00:00,1.4772,1.4777,1.4538,1.4641,79.9290780141845,1.39695,1.3338120716209354,1.3852800000000003,0.019028571428571443,0.012996770322089641,88.3969465648857,1.2500000000000029,False,RSI_NOT_BELOW_32|CLOSE_NOT_NEAR_OR_BELOW_LOWER_BB|RSI_RECOVERY_NOT_CONFIRMED
2026-09-16T07:37:24.395516+00:00,SIE_OLD_MR_REGIME_EXHAUSTION_CONFIRM_V1,XRP,XRPUSDT,strategy-lab-v1.0.0:SIE_OLD_MR_REGIME_EXHAUSTION_CONFIRM_V1,1789416000000,2026-09-14T20:00:00+00:00,1.4642,1.4914,1.4626,1.4631,78.44002943340708,1.402765,1.3377780697755326,1.385503,0.02006428571428574,0.01371354364998,79.9290780141845,1.25,False,RSI_NOT_BELOW_32|CLOSE_NOT_NEAR_OR_BELOW_LOWER_BB|RSI_RECOVERY_NOT_CONFIRMED
2026-09-16T07:37:24.395516+00:00,SIE_OLD_MR_REGIME_EXHAUSTION_CONFIRM_V1,XRP,XRPUSDT,strategy-lab-v1.0.0:SIE_OLD_MR_REGIME_EXHAUSTION_CONFIRM_V1,1789419600000,2026-09-14T21:00:00+00:00,1.4631,1.4639,1.4416,1.4426,67.25838264299816,1.407335,1.3446824892761688,1.385634,0.021214285714285724,0.014705591095442758,78.44002943340708,1.25,False,RSI_NOT_BELOW_32|CLOSE_NOT_NEAR_OR_BELOW_LOWER_BB|RSI_RECOVERY_NOT_CONFIRMED
2026-09-16T07:37:24.395516+00:00,SIE_OLD_MR_REGIME_EXHAUSTION_CONFIRM_V1,XRP,XRPUSDT,strategy-lab-v1.0.0:SIE_OLD_MR_REGIME_EXHAUSTION_CONFIRM_V1,1789423200000,2026-09-14T22:00:00+00:00,1.4425,1.4523,1.4344,1.4351,66.3424124513619,1.4106,1.3493211292532268,1.3857590000000002,0.021792857142857152,0.015185601799775034,67.25838264299816,1.249999999999995,False,PLANNED_REWARD_TOO_LOW|RSI_NOT_BELOW_32|CLOSE_NOT_NEAR_OR_BELOW_LOWER_BB|RSI_RECOVERY_NOT_CONFIRMED
2026-09-16T07:37:24.395516+00:00,SIE_OLD_MR_REGIME_EXHAUSTION_CONFIRM_V1,XRP,XRPUSDT,strategy-lab-v1.0.0:SIE_OLD_MR_REGIME_EXHAUSTION_CONFIRM_V1,1789426800000,2026-09-14T23:00:00+00:00,1.4352,1.4377,1.4181,1.4228,56.91275167785242,1.413155,1.354366277442015,1.385817,0.02114285714285716,0.014860034539539753,66.3424124513619,1.2500000000000027,False,RSI_NOT_BELOW_32|CLOSE_NOT_NEAR_OR_BELOW_LOWER_BB|RSI_RECOVERY_NOT_CONFIRMED
2026-09-16T07:37:24.395516+00:00,SIE_OLD_MR_REGIME_EXHAUSTION_CONFIRM_V1,XRP,XRPUSDT,strategy-lab-v1.0.0:SIE_OLD_MR_REGIME_EXHAUSTION_CONFIRM_V1,1789430400000,2026-09-15T00:00:00+00:00,1.4228,1.4269,1.4155,1.4192,57.765667574931854,1.415285,1.3589110600986616,1.3858515,0.02086428571428573,0.01470144145595105,56.91275167785242,1.2499999999999973,False,PLANNED_REWARD_TOO_LOW|RSI_NOT_BELOW_32|CLOSE_NOT_NEAR_OR_BELOW_LOWER_BB|RSI_RECOVERY_NOT_CONFIRMED
2026-09-16T07:37:24.395516+00:00,SIE_OLD_MR_REGIME_EXHAUSTION_CONFIRM_V1,XRP,XRPUSDT,strategy-lab-v1.0.0:SIE_OLD_MR_REGIME_EXHAUSTION_CONFIRM_V1,1789434000000,2026-09-15T01:00:00+00:00,1.4192,1.4258,1.415,1.4221,58.07978363759291,1.417405,1.3634043157450788,1.3859164999999998,0.020750000000000015,0.014591097672456237,57.765667574931854,1.2500000000000053,False,RSI_NOT_BELOW_32|CLOSE_NOT_NEAR_OR_BELOW_LOWER_BB
2026-09-16T07:37:24.395516+00:00,SIE_OLD_MR_REGIME_EXHAUSTION_CONFIRM_V1,XRP,XRPUSDT,strategy-lab-v1.0.0:SIE_OLD_MR_REGIME_EXHAUSTION_CONFIRM_V1,1789437600000,2026-09-15T02:00:00+00:00,1.4221,1.4303,1.4219,1.4231,59.972394755003414,1.41927,1.3672231710860339,1.3859685,0.02046428571428573,0.014380075689892299,58.07978363759291,1.2499999999999973,False,PLANNED_REWARD_TOO_LOW|RSI_NOT_BELOW_32|CLOSE_NOT_NEAR_OR_BELOW_LOWER_BB
2026-09-16T07:37:24.395516+00:00,SIE_OLD_MR_REGIME_EXHAUSTION_CONFIRM_V1,XRP,XRPUSDT,strategy-lab-v1.0.0:SIE_OLD_MR_REGIME_EXHAUSTION_CONFIRM_V1,1789441200000,2026-09-15T03:00:00+00:00,1.4229,1.4229,1.4114,1.4161,57.18050065876146,1.42057,1.3702317004657523,1.385999,0.01982857142857145,0.014002239551282714,59.972394755003414,1.25,False,RSI_NOT_BELOW_32|CLOSE_NOT_NEAR_OR_BELOW_LOWER_BB|RSI_RECOVERY_NOT_CONFIRMED
2026-09-16T07:37:24.395516+00:00,SIE_OLD_MR_REGIME_EXHAUSTION_CONFIRM_V1,XRP,XRPUSDT,strategy-lab-v1.0.0:SIE_OLD_MR_REGIME_EXHAUSTION_CONFIRM_V1,1789444800000,2026-09-15T04:00:00+00:00,1.4156,1.4182,1.4084,1.4134,54.62466487935658,1.422005,1.3742697101192456,1.3859540000000001,0.019657142857142866,0.013907699771574123,57.18050065876146,1.2499999999999971,False,PLANNED_REWARD_TOO_LOW|RSI_NOT_BELOW_32|CLOSE_NOT_NEAR_OR_BELOW_LOWER_BB|RSI_RECOVERY_NOT_CONFIRMED
2026-09-16T07:37:24.395516+00:00,SIE_OLD_MR_REGIME_EXHAUSTION_CONFIRM_V1,XRP,XRPUSDT,strategy-lab-v1.0.0:SIE_OLD_MR_REGIME_EXHAUSTION_CONFIRM_V1,1789448400000,2026-09-15T05:00:00+00:00,1.4132,1.4137,1.4001,1.4081,51.6556291390728,1.4223,1.3749868728575287,1.3858695,0.019542857142857147,0.013878884413647574,54.62466487935658,1.2499999999999942,False,PLANNED_REWARD_TOO_LOW|RSI_NOT_BELOW_32|CLOSE_NOT_NEAR_OR_BELOW_LOWER_BB|RSI_RECOVERY_NOT_CONFIRMED
2026-09-16T07:37:24.395516+00:00,SIE_OLD_MR_REGIME_EXHAUSTION_CONFIRM_V1,XRP,XRPUSDT,strategy-lab-v1.0.0:SIE_OLD_MR_REGIME_EXHAUSTION_CONFIRM_V1,1789452000000,2026-09-15T06:00:00+00:00,1.4081,1.4105,1.3957,1.3995,43.17548746518104,1.422455,1.3754630655856812,1.3857735,0.019085714285714293,0.013637523605369269,51.6556291390728,1.2500000000000029,False,RSI_NOT_BELOW_32|CLOSE_NOT_NEAR_OR_BELOW_LOWER_BB|RSI_RECOVERY_NOT_CONFIRMED
2026-09-16T07:37:24.395516+00:00,SIE_OLD_MR_REGIME_EXHAUSTION_CONFIRM_V1,XRP,XRPUSDT,strategy-lab-v1.0.0:SIE_OLD_MR_REGIME_EXHAUSTION_CONFIRM_V1,1789455600000,2026-09-15T07:00:00+00:00,1.3994,1.4038,1.3914,1.3934,34.84398216939083,1.422215,1.3746840721740081,1.3856229999999998,0.01829285714285716,0.013128216695031692,43.17548746518104,1.249999999999997,False,PLANNED_REWARD_TOO_LOW|RSI_NOT_BELOW_32|CLOSE_NOT_NEAR_OR_BELOW_LOWER_BB|RSI_RECOVERY_NOT_CONFIRMED
2026-09-16T07:37:24.395516+00:00,SIE_OLD_MR_REGIME_EXHAUSTION_CONFIRM_V1,XRP,XRPUSDT,strategy-lab-v1.0.0:SIE_OLD_MR_REGIME_EXHAUSTION_CONFIRM_V1,1789459200000,2026-09-15T08:00:00+00:00,1.3935,1.3976,1.3853,1.3975,8.359456635318693,1.42238,1.3752177439046895,1.3855200000000003,0.015550000000000017,0.011127012522361372,34.84398216939083,1.2500000000000036,False,CLOSE_NOT_NEAR_OR_BELOW_LOWER_BB|RSI_RECOVERY_NOT_CONFIRMED
2026-09-16T07:37:24.395516+00:00,SIE_OLD_MR_REGIME_EXHAUSTION_CONFIRM_V1,XRP,XRPUSDT,strategy-lab-v1.0.0:SIE_OLD_MR_REGIME_EXHAUSTION_CONFIRM_V1,1789462800000,2026-09-15T09:00:00+00:00,1.3973,1.4063,1.3952,1.4017,14.055299539170505,1.4227500000000002,1.3763650239840568,1.3854954999999998,0.014635714285714307,0.010441402786412434,8.359456635318693,1.25,False,CLOSE_NOT_NEAR_OR_BELOW_LOWER_BB
2026-09-16T07:37:24.395516+00:00,SIE_OLD_MR_REGIME_EXHAUSTION_CONFIRM_V1,XRP,XRPUSDT,strategy-lab-v1.0.0:SIE_OLD_MR_REGIME_EXHAUSTION_CONFIRM_V1,1789466400000,2026-09-15T10:00:00+00:00,1.4018,1.4041,1.3967,1.4019,14.418604651162738,1.4228649999999998,1.3766992865321064,1.385436,0.013107142857142857,0.009349556214525186,14.055299539170505,1.25,False,CLOSE_NOT_NEAR_OR_BELOW_LOWER_BB
2026-09-16T07:37:24.395516+00:00,SIE_OLD_MR_REGIME_EXHAUSTION_CONFIRM_V1,XRP,XRPUSDT,strategy-lab-v1.0.0:SIE_OLD_MR_REGIME_EXHAUSTION_CONFIRM_V1,1789470000000,2026-09-15T11:00:00+00:00,1.4019,1.4031,1.3925,1.4005,18.53512705530639,1.4227349999999999,1.3763333502448496,1.3854080000000002,0.012271428571428569,0.008762176773601263,14.418604651162738,1.2499999999999956,False,PLANNED_REWARD_TOO_LOW|CLOSE_NOT_NEAR_OR_BELOW_LOWER_BB|RSI_RECOVERY_NOT_CONFIRMED
2026-09-16T07:37:24.395516+00:00,SIE_OLD_MR_REGIME_EXHAUSTION_CONFIRM_V1,XRP,XRPUSDT,strategy-lab-v1.0.0:SIE_OLD_MR_REGIME_EXHAUSTION_CONFIRM_V1,1789473600000,2026-09-15T12:00:00+00:00,1.4004,1.422,1.399,1.4164,37.58300132802127,1.4225999999999999,1.3761411579997989,1.3854585,0.012635714285714274,0.008921006979465034,18.53512705530639,1.2500000000000044,False,RSI_NOT_BELOW_32|CLOSE_NOT_NEAR_OR_BELOW_LOWER_BB
2026-09-16T07:37:24.395516+00:00,SIE_OLD_MR_REGIME_EXHAUSTION_CONFIRM_V1,XRP,XRPUSDT,strategy-lab-v1.0.0:SIE_OLD_MR_REGIME_EXHAUSTION_CONFIRM_V1,1789477200000,2026-09-15T13:00:00+00:00,1.4164,1.4593,1.3935,1.4145,43.605546995377516,1.4216149999999999,1.375346726853062,1.385492,0.015935714285714275,0.01126596980255516,37.58300132802127,1.2499999999999931,False,PLANNED_REWARD_TOO_LOW|RSI_NOT_BELOW_32|CLOSE_NOT_NEAR_OR_BELOW_LOWER_BB|RSI_RECOVERY_NOT_CONFIRMED
2026-09-16T07:37:24.395516+00:00,SIE_OLD_MR_REGIME_EXHAUSTION_CONFIRM_V1,XRP,XRPUSDT,strategy-lab-v1.0.0:SIE_OLD_MR_REGIME_EXHAUSTION_CONFIRM_V1,1789480800000,2026-09-15T14:00:00+00:00,1.4142,1.4165,1.3715,1.384,30.82788671023961,1.416955,1.3754950205016971,1.3853685000000002,0.01833571428571428,0.01324834847233691,43.605546995377516,1.250000000000003,False,CLOSE_NOT_NEAR_OR_BELOW_LOWER_BB|CLOSE_NOT_ABOVE_MA200|RSI_RECOVERY_NOT_CONFIRMED
2026-09-16T07:37:24.395516+00:00,SIE_OLD_MR_REGIME_EXHAUSTION_CONFIRM_V1,XRP,XRPUSDT,strategy-lab-v1.0.0:SIE_OLD_MR_REGIME_EXHAUSTION_CONFIRM_V1,1789484400000,2026-09-15T15:00:00+00:00,1.3837,1.3971,1.3796,1.3888,32.230522945571096,1.41319,1.3760922965670417,1.385318,0.01881428571428572,0.01354715273206057,30.82788671023961,1.2500000000000029,False,RSI_NOT_BELOW_32|CLOSE_NOT_NEAR_OR_BELOW_LOWER_BB
2026-09-16T07:37:24.395516+00:00,SIE_OLD_MR_REGIME_EXHAUSTION_CONFIRM_V1,XRP,XRPUSDT,strategy-lab-v1.0.0:SIE_OLD_MR_REGIME_EXHAUSTION_CONFIRM_V1,1789488000000,2026-09-15T16:00:00+00:00,1.3892,1.3922,1.3809,1.3867,30.801687763713133,1.40937,1.3783859331268513,1.3852335,0.019021428571428585,0.01371704663692838,32.230522945571096,1.25,False,CLOSE_NOT_NEAR_OR_BELOW_LOWER_BB|RSI_RECOVERY_NOT_CONFIRMED
2026-09-16T07:37:24.395516+00:00,SIE_OLD_MR_REGIME_EXHAUSTION_CONFIRM_V1,XRP,XRPUSDT,strategy-lab-v1.0.0:SIE_OLD_MR_REGIME_EXHAUSTION_CONFIRM_V1,1789491600000,2026-09-15T17:00:00+00:00,1.3866,1.413,1.378,1.4042,44.349477682811,1.40745,1.3804358185391494,1.3852705,0.020685714285714307,0.014731316255315702,30.801687763713133,1.2500000000000027,False,RSI_NOT_BELOW_32|CLOSE_NOT_NEAR_OR_BELOW_LOWER_BB
2026-09-16T07:37:24.395516+00:00,SIE_OLD_MR_REGIME_EXHAUSTION_CONFIRM_V1,XRP,XRPUSDT,strategy-lab-v1.0.0:SIE_OLD_MR_REGIME_EXHAUSTION_CONFIRM_V1,1789495200000,2026-09-15T18:00:00+00:00,1.404,1.4065,1.2864,1.3241,25.56102900930486,1.4019,1.3589687060525795,1.3848965000000002,0.028564285714285757,0.021572604572378036,44.349477682811,1.249999999999996,False,PLANNED_REWARD_TOO_LOW|CLOSE_NOT_ABOVE_MA200|RSI_RECOVERY_NOT_CONFIRMED
2026-09-16T07:37:24.395516+00:00,SIE_OLD_MR_REGIME_EXHAUSTION_CONFIRM_V1,XRP,XRPUSDT,strategy-lab-v1.0.0:SIE_OLD_MR_REGIME_EXHAUSTION_CONFIRM_V1,1789498800000,2026-09-15T19:00:00+00:00,1.3245,1.3281,1.2923,1.2947,22.582205029013537,1.395495,1.3331250881834846,1.3843755,0.03015000000000004,0.0232872480111223,25.56102900930486,1.2499999999999982,False,PLANNED_REWARD_TOO_LOW|CLOSE_NOT_ABOVE_MA200|RSI_RECOVERY_NOT_CONFIRMED
2026-09-16T07:37:24.395516+00:00,SIE_OLD_MR_REGIME_EXHAUSTION_CONFIRM_V1,XRP,XRPUSDT,strategy-lab-v1.0.0:SIE_OLD_MR_REGIME_EXHAUSTION_CONFIRM_V1,1789502400000,2026-09-15T20:00:00+00:00,1.295,1.3017,1.2634,1.2929,23.34999999999998,1.38918,1.313527832813594,1.3837805,0.03182857142857146,0.02461796846513378,22.582205029013537,1.2500000000000036,False,CLOSE_NOT_ABOVE_MA200|RSI_RECOVERY_NOT_CONFIRMED
2026-09-16T07:37:24.395516+00:00,SIE_OLD_MR_REGIME_EXHAUSTION_CONFIRM_V1,XRP,XRPUSDT,strategy-lab-v1.0.0:SIE_OLD_MR_REGIME_EXHAUSTION_CONFIRM_V1,1789506000000,2026-09-15T21:00:00+00:00,1.2926,1.2971,1.2756,1.2765,22.20637184973846,1.3819,1.2933908592291166,1.3831485,0.032478571428571454,0.025443455878238506,23.34999999999998,1.25,False,TREND_SUPPORT_NOT_CONFIRMED|CLOSE_NOT_ABOVE_MA200|RSI_RECOVERY_NOT_CONFIRMED
2026-09-16T07:37:24.395516+00:00,SIE_OLD_MR_REGIME_EXHAUSTION_CONFIRM_V1,XRP,XRPUSDT,strategy-lab-v1.0.0:SIE_OLD_MR_REGIME_EXHAUSTION_CONFIRM_V1,1789509600000,2026-09-15T22:00:00+00:00,1.2764,1.2901,1.2742,1.2882,24.919687930243242,1.375155,1.2799271789601374,1.3825975,0.03273571428571431,0.025411981280635237,22.20637184973846,1.2500000000000033,False,TREND_SUPPORT_NOT_CONFIRMED|CLOSE_NOT_NEAR_OR_BELOW_LOWER_BB|CLOSE_NOT_ABOVE_MA200
2026-09-16T07:37:24.395516+00:00,SIE_OLD_MR_REGIME_EXHAUSTION_CONFIRM_V1,XRP,XRPUSDT,strategy-lab-v1.0.0:SIE_OLD_MR_REGIME_EXHAUSTION_CONFIRM_V1,1789513200000,2026-09-15T23:00:00+00:00,1.2881,1.2974,1.2817,1.2823,22.814207650273232,1.368465,1.2670824319717626,1.382091,0.033064285714285734,0.025785140539878137,24.919687930243242,1.2499999999999982,False,TREND_SUPPORT_NOT_CONFIRMED|PLANNED_REWARD_TOO_LOW|CLOSE_NOT_NEAR_OR_BELOW_LOWER_BB|CLOSE_NOT_ABOVE_MA200|RSI_RECOVERY_NOT_CONFIRMED
2026-09-16T07:37:24.395516+00:00,SIE_OLD_MR_REGIME_EXHAUSTION_CONFIRM_V1,XRP,XRPUSDT,strategy-lab-v1.0.0:SIE_OLD_MR_REGIME_EXHAUSTION_CONFIRM_V1,1789516800000,2026-09-16T00:00:00+00:00,1.2826,1.2899,1.2804,1.286,24.02510085163607,1.3620949999999998,1.2568696138044613,1.3815435,0.03321428571428575,0.025827593868029356,22.814207650273232,1.2499999999999967,False,TREND_SUPPORT_NOT_CONFIRMED|PLANNED_REWARD_TOO_LOW|CLOSE_NOT_NEAR_OR_BELOW_LOWER_BB|CLOSE_NOT_ABOVE_MA200
2026-09-16T07:37:24.395516+00:00,SIE_OLD_MR_REGIME_EXHAUSTION_CONFIRM_V1,XRP,XRPUSDT,strategy-lab-v1.0.0:SIE_OLD_MR_REGIME_EXHAUSTION_CONFIRM_V1,1789520400000,2026-09-16T01:00:00+00:00,1.2859,1.2894,1.2731,1.2745,22.984562607204126,1.355415,1.2458468609266349,1.380925,0.03362142857142863,0.026380093033682724,24.02510085163607,1.2500000000000033,False,TREND_SUPPORT_NOT_CONFIRMED|CLOSE_NOT_NEAR_OR_BELOW_LOWER_BB|CLOSE_NOT_ABOVE_MA200|RSI_RECOVERY_NOT_CONFIRMED
2026-09-16T07:37:24.395516+00:00,SIE_OLD_MR_REGIME_EXHAUSTION_CONFIRM_V1,XRP,XRPUSDT,strategy-lab-v1.0.0:SIE_OLD_MR_REGIME_EXHAUSTION_CONFIRM_V1,1789524000000,2026-09-16T02:00:00+00:00,1.2745,1.2986,1.274,1.2884,22.318339100346037,1.34986,1.238544010133313,1.3803935,0.03373571428571435,0.02618419301902697,22.984562607204126,1.2499999999999984,False,TREND_SUPPORT_NOT_CONFIRMED|PLANNED_REWARD_TOO_LOW|CLOSE_NOT_NEAR_OR_BELOW_LOWER_BB|CLOSE_NOT_ABOVE_MA200|RSI_RECOVERY_NOT_CONFIRMED
2026-09-16T07:37:24.395516+00:00,SIE_OLD_MR_REGIME_EXHAUSTION_CONFIRM_V1,XRP,XRPUSDT,strategy-lab-v1.0.0:SIE_OLD_MR_REGIME_EXHAUSTION_CONFIRM_V1,1789527600000,2026-09-16T03:00:00+00:00,1.2883,1.2993,1.2878,1.2962,25.052720371151437,1.345,1.2332256558954586,1.379866,0.029857142857142898,0.023034364185421152,22.318339100346037,1.25,False,TREND_SUPPORT_NOT_CONFIRMED|CLOSE_NOT_NEAR_OR_BELOW_LOWER_BB|CLOSE_NOT_ABOVE_MA200
2026-09-16T07:37:24.395516+00:00,SIE_OLD_MR_REGIME_EXHAUSTION_CONFIRM_V1,XRP,XRPUSDT,strategy-lab-v1.0.0:SIE_OLD_MR_REGIME_EXHAUSTION_CONFIRM_V1,1789531200000,2026-09-16T04:00:00+00:00,1.2964,1.3119,1.2952,1.3,30.038022813688258,1.340125,1.2294353821489996,1.3793739999999999,0.027835714285714328,0.021412087912087943,25.052720371151437,1.250000000000002,False,TREND_SUPPORT_NOT_CONFIRMED|CLOSE_NOT_NEAR_OR_BELOW_LOWER_BB|CLOSE_NOT_ABOVE_MA200
2026-09-16T07:37:24.395516+00:00,SIE_OLD_MR_REGIME_EXHAUSTION_CONFIRM_V1,XRP,XRPUSDT,strategy-lab-v1.0.0:SIE_OLD_MR_REGIME_EXHAUSTION_CONFIRM_V1,1789534800000,2026-09-16T05:00:00+00:00,1.2999,1.3007,1.2913,1.2966,27.942583732057415,1.33487,1.226415768178459,1.3788745,0.0272571428571429,0.021022013618034012,30.038022813688258,1.249999999999998,False,TREND_SUPPORT_NOT_CONFIRMED|PLANNED_REWARD_TOO_LOW|CLOSE_NOT_NEAR_OR_BELOW_LOWER_BB|CLOSE_NOT_ABOVE_MA200|RSI_RECOVERY_NOT_CONFIRMED
2026-09-16T07:37:24.395516+00:00,SIE_OLD_MR_REGIME_EXHAUSTION_CONFIRM_V1,XRP,XRPUSDT,strategy-lab-v1.0.0:SIE_OLD_MR_REGIME_EXHAUSTION_CONFIRM_V1,1789538400000,2026-09-16T06:00:00+00:00,1.2964,1.2986,1.288,1.2966,28.22619623006281,1.3296050000000001,1.2245062183705224,1.3784165000000002,0.02720714285714289,0.020983451224080588,27.942583732057415,1.249999999999998,False,TREND_SUPPORT_NOT_CONFIRMED|PLANNED_REWARD_TOO_LOW|CLOSE_NOT_NEAR_OR_BELOW_LOWER_BB|CLOSE_NOT_ABOVE_MA200
2026-09-16T07:37:24.395516+00:00,SIE_OLD_MR_REGIME_EXHAUSTION_CONFIRM_V1,XRP,XRPUSDT,strategy-lab-v1.0.0:SIE_OLD_MR_REGIME_EXHAUSTION_CONFIRM_V1,1789542000000,2026-09-16T07:00:00+00:00,1.2968,1.3005,1.2883,1.2891,20.771965464702944,1.3240349999999999,1.2228195609602925,1.3778800000000002,0.02557857142857145,0.0198421933353281,28.22619623006281,1.25,False,TREND_SUPPORT_NOT_CONFIRMED|CLOSE_NOT_NEAR_OR_BELOW_LOWER_BB|CLOSE_NOT_ABOVE_MA200|RSI_RECOVERY_NOT_CONFIRMED
2026-09-16T07:37:24.395516+00:00,SIE_OLD_MR_REGIME_EXHAUSTION_CONFIRM_V1,DOGE,DOGEUSDT,strategy-lab-v1.0.0:SIE_OLD_MR_REGIME_EXHAUSTION_CONFIRM_V1,1789326000000,2026-09-13T19:00:00+00:00,0.08453,0.0846,0.08408,0.08414,41.545893719806834,0.0841315,0.08297596938595281,0.08737925,0.0005099999999999995,0.006061326360827186,47.93814432989699,1.2500000000000069,False,TREND_SUPPORT_NOT_CONFIRMED|RSI_NOT_BELOW_32|CLOSE_NOT_NEAR_OR_BELOW_LOWER_BB|CLOSE_NOT_ABOVE_MA200|RSI_RECOVERY_NOT_CONFIRMED
2026-09-16T07:37:24.395516+00:00,SIE_OLD_MR_REGIME_EXHAUSTION_CONFIRM_V1,DOGE,DOGEUSDT,strategy-lab-v1.0.0:SIE_OLD_MR_REGIME_EXHAUSTION_CONFIRM_V1,1789329600000,2026-09-13T20:00:00+00:00,0.08415,0.08448,0.08415,0.08442,50.25125628140693,0.0841105,0.08299258274009198,0.08736464999999999,0.0004921428571428557,0.005829695062104427,41.545893719806834,1.249999999999986,False,TREND_SUPPORT_NOT_CONFIRMED|PLANNED_REWARD_TOO_LOW|RSI_NOT_BELOW_32|CLOSE_NOT_NEAR_OR_BELOW_LOWER_BB|CLOSE_NOT_ABOVE_MA200
2026-09-16T07:37:24.395516+00:00,SIE_OLD_MR_REGIME_EXHAUSTION_CONFIRM_V1,DOGE,DOGEUSDT,strategy-lab-v1.0.0:SIE_OLD_MR_REGIME_EXHAUSTION_CONFIRM_V1,1789333200000,2026-09-13T21:00:00+00:00,0.08446,0.08446,0.08395,0.08396,47.73269689737474,0.084059,0.08301546945420832,0.0873481,0.0004964285714285693,0.005912679507248324,50.25125628140693,1.25,False,TREND_SUPPORT_NOT_CONFIRMED|RSI_NOT_BELOW_32|CLOSE_NOT_NEAR_OR_BELOW_LOWER_BB|CLOSE_NOT_ABOVE_MA200|RSI_RECOVERY_NOT_CONFIRMED
2026-09-16T07:37:24.395516+00:00,SIE_OLD_MR_REGIME_EXHAUSTION_CONFIRM_V1,DOGE,DOGEUSDT,strategy-lab-v1.0.0:SIE_OLD_MR_REGIME_EXHAUSTION_CONFIRM_V1,1789336800000,2026-09-13T22:00:00+00:00,0.08394,0.08394,0.08206,0.08224,37.80718336483926,0.0839245,0.0826889357564253,0.08732059999999998,0.0005585714285714281,0.0067919677598665875,47.73269689737474,1.2499999999999938,False,TREND_SUPPORT_NOT_CONFIRMED|PLANNED_REWARD_TOO_LOW|RSI_NOT_BELOW_32|CLOSE_NOT_ABOVE_MA200|RSI_RECOVERY_NOT_CONFIRMED
2026-09-16T07:37:24.395516+00:00,SIE_OLD_MR_REGIME_EXHAUSTION_CONFIRM_V1,DOGE,DOGEUSDT,strategy-lab-v1.0.0:SIE_OLD_MR_REGIME_EXHAUSTION_CONFIRM_V1,1789340400000,2026-09-13T23:00:00+00:00,0.08225,0.08272,0.08213,0.08247,39.743589743589745,0.08381350000000001,0.0824781157856256,0.08729490000000001,0.0005592857142857136,0.006781686847165194,37.80718336483926,1.25,False,TREND_SUPPORT_NOT_CONFIRMED|RSI_NOT_BELOW_32|CLOSE_NOT_ABOVE_MA200
2026-09-16T07:37:24.395516+00:00,SIE_OLD_MR_REGIME_EXHAUSTION_CONFIRM_V1,DOGE,DOGEUSDT,strategy-lab-v1.0.0:SIE_OLD_MR_REGIME_EXHAUSTION_CONFIRM_V1,1789344000000,2026-09-14T00:00:00+00:00,0.08245,0.08284,0.08189,0.08264,43.82022471910116,0.0837105,0.08234702686128387,0.08726815,0.0005992857142857129,0.007251763241598655,39.743589743589745,1.2499999999999885,False,TREND_SUPPORT_NOT_CONFIRMED|PLANNED_REWARD_TOO_LOW|RSI_NOT_BELOW_32|CLOSE_NOT_NEAR_OR_BELOW_LOWER_BB|CLOSE_NOT_ABOVE_MA200
2026-09-16T07:37:24.395516+00:00,SIE_OLD_MR_REGIME_EXHAUSTION_CONFIRM_V1,DOGE,DOGEUSDT,strategy-lab-v1.0.0:SIE_OLD_MR_REGIME_EXHAUSTION_CONFIRM_V1,1789347600000,2026-09-14T01:00:00+00:00,0.0826,0.08312,0.0823,0.08309,46.043165467625926,0.083623,0.0823383662000397,0.08721235,0.0006328571428571414,0.007616525970118443,43.82022471910116,1.2500000000000056,False,TREND_SUPPORT_NOT_CONFIRMED|RSI_NOT_BELOW_32|CLOSE_NOT_NEAR_OR_BELOW_LOWER_BB|CLOSE_NOT_ABOVE_MA200
2026-09-16T07:37:24.395516+00:00,SIE_OLD_MR_REGIME_EXHAUSTION_CONFIRM_V1,DOGE,DOGEUSDT,strategy-lab-v1.0.0:SIE_OLD_MR_REGIME_EXHAUSTION_CONFIRM_V1,1789351200000,2026-09-14T02:00:00+00:00,0.08309,0.0842,0.08301,0.08404,54.84375000000008,0.083605,0.08235479201730254,0.08717360000000002,0.0006949999999999982,0.008269871489766756,46.043165467625926,1.25,False,TREND_SUPPORT_NOT_CONFIRMED|RSI_NOT_BELOW_32|CLOSE_NOT_NEAR_OR_BELOW_LOWER_BB|CLOSE_NOT_ABOVE_MA200
2026-09-16T07:37:24.395516+00:00,SIE_OLD_MR_REGIME_EXHAUSTION_CONFIRM_V1,DOGE,DOGEUSDT,strategy-lab-v1.0.0:SIE_OLD_MR_REGIME_EXHAUSTION_CONFIRM_V1,1789354800000,2026-09-14T03:00:00+00:00,0.08405,0.08427,0.08371,0.08389,53.751914241960215,0.083592,0.08235944817553158,0.08713915,0.0006907142857142835,0.008233571173134861,54.84375000000008,1.249999999999995,False,TREND_SUPPORT_NOT_CONFIRMED|PLANNED_REWARD_TOO_LOW|RSI_NOT_BELOW_32|CLOSE_NOT_NEAR_OR_BELOW_LOWER_BB|CLOSE_NOT_ABOVE_MA200|RSI_RECOVERY_NOT_CONFIRMED
2026-09-16T07:37:24.395516+00:00,SIE_OLD_MR_REGIME_EXHAUSTION_CONFIRM_V1,DOGE,DOGEUSDT,strategy-lab-v1.0.0:SIE_OLD_MR_REGIME_EXHAUSTION_CONFIRM_V1,1789358400000,2026-09-14T04:00:00+00:00,0.08388,0.08415,0.08379,0.08401,51.910828025477734,0.083616,0.08237058601260447,0.08710575000000001,0.0006814285714285689,0.008111279269474693,53.751914241960215,1.249999999999995,False,TREND_SUPPORT_NOT_CONFIRMED|PLANNED_REWARD_TOO_LOW|RSI_NOT_BELOW_32|CLOSE_NOT_NEAR_OR_BELOW_LOWER_BB|CLOSE_NOT_ABOVE_MA200|RSI_RECOVERY_NOT_CONFIRMED
2026-09-16T07:37:24.395516+00:00,SIE_OLD_MR_REGIME_EXHAUSTION_CONFIRM_V1,DOGE,DOGEUSDT,strategy-lab-v1.0.0:SIE_OLD_MR_REGIME_EXHAUSTION_CONFIRM_V1,1789362000000,2026-09-14T05:00:00+00:00,0.08402,0.08427,0.08391,0.08419,55.753646677471664,0.083646,0.08237587559664401,0.0870737,0.0006828571428571408,0.008110905604669684,51.910828025477734,1.250000000000005,False,TREND_SUPPORT_NOT_CONFIRMED|RSI_NOT_BELOW_32|CLOSE_NOT_NEAR_OR_BELOW_LOWER_BB|CLOSE_NOT_ABOVE_MA200
2026-09-16T07:37:24.395516+00:00,SIE_OLD_MR_REGIME_EXHAUSTION_CONFIRM_V1,DOGE,DOGEUSDT,strategy-lab-v1.0.0:SIE_OLD_MR_REGIME_EXHAUSTION_CONFIRM_V1,1789365600000,2026-09-14T06:00:00+00:00,0.08421,0.08457,0.08405,0.08428,52.76816608996529,0.08369499999999999,0.08240656684302196,0.08704445,0.0006835714285714273,0.008110719370804785,55.753646677471664,1.2499999999999898,False,TREND_SUPPORT_NOT_CONFIRMED|PLANNED_REWARD_TOO_LOW|RSI_NOT_BELOW_32|CLOSE_NOT_NEAR_OR_BELOW_LOWER_BB|CLOSE_NOT_ABOVE_MA200|RSI_RECOVERY_NOT_CONFIRMED
2026-09-16T07:37:24.395516+00:00,SIE_OLD_MR_REGIME_EXHAUSTION_CONFIRM_V1,DOGE,DOGEUSDT,strategy-lab-v1.0.0:SIE_OLD_MR_REGIME_EXHAUSTION_CONFIRM_V1,1789369200000,2026-09-14T07:00:00+00:00,0.08428,0.08444,0.08414,0.08433,49.067164179104445,0.083735,0.0824201387905941,0.08701755,0.0006571428571428561,0.007792515796784728,52.76816608996529,1.25,False,TREND_SUPPORT_NOT_CONFIRMED|RSI_NOT_BELOW_32|CLOSE_NOT_NEAR_OR_BELOW_LOWER_BB|CLOSE_NOT_ABOVE_MA200|RSI_RECOVERY_NOT_CONFIRMED
2026-09-16T07:37:24.395516+00:00,SIE_OLD_MR_REGIME_EXHAUSTION_CONFIRM_V1,DOGE,DOGEUSDT,strategy-lab-v1.0.0:SIE_OLD_MR_REGIME_EXHAUSTION_CONFIRM_V1,1789372800000,2026-09-14T08:00:00+00:00,0.0843,0.08454,0.08402,0.08412,46.15384615384612,0.08377,0.08245327679446272,0.08698684999999999,0.0006742857142857135,0.008015759798926695,49.067164179104445,1.2500000000000102,False,TREND_SUPPORT_NOT_CONFIRMED|RSI_NOT_BELOW_32|CLOSE_NOT_NEAR_OR_BELOW_LOWER_BB|CLOSE_NOT_ABOVE_MA200|RSI_RECOVERY_NOT_CONFIRMED
2026-09-16T07:37:24.395516+00:00,SIE_OLD_MR_REGIME_EXHAUSTION_CONFIRM_V1,DOGE,DOGEUSDT,strategy-lab-v1.0.0:SIE_OLD_MR_REGIME_EXHAUSTION_CONFIRM_V1,1789376400000,2026-09-14T09:00:00+00:00,0.08414,0.08485,0.08381,0.08437,52.165725047080926,0.0838185,0.08248847330853838,0.08695475,0.0007114285714285712,0.00843224572038131,46.15384615384612,1.2500000000000049,False,TREND_SUPPORT_NOT_CONFIRMED|RSI_NOT_BELOW_32|CLOSE_NOT_NEAR_OR_BELOW_LOWER_BB|CLOSE_NOT_ABOVE_MA200
2026-09-16T07:37:24.395516+00:00,SIE_OLD_MR_REGIME_EXHAUSTION_CONFIRM_V1,DOGE,DOGEUSDT,strategy-lab-v1.0.0:SIE_OLD_MR_REGIME_EXHAUSTION_CONFIRM_V1,1789380000000,2026-09-14T10:00:00+00:00,0.08442,0.08452,0.08421,0.08434,49.209486166007935,0.083847,0.0824980581925078,0.08692175,0.0007092857142857149,0.008409837731630483,52.165725047080926,1.2500000000000098,False,TREND_SUPPORT_NOT_CONFIRMED|RSI_NOT_BELOW_32|CLOSE_NOT_NEAR_OR_BELOW_LOWER_BB|CLOSE_NOT_ABOVE_MA200|RSI_RECOVERY_NOT_CONFIRMED
2026-09-16T07:37:24.395516+00:00,SIE_OLD_MR_REGIME_EXHAUSTION_CONFIRM_V1,DOGE,DOGEUSDT,strategy-lab-v1.0.0:SIE_OLD_MR_REGIME_EXHAUSTION_CONFIRM_V1,1789383600000,2026-09-14T11:00:00+00:00,0.08434,0.08447,0.08394,0.08408,51.23456790123451,0.08387700000000001,0.08253537262997496,0.08688555,0.0007107142857142867,0.008452834035612354,49.209486166007935,1.25,False,TREND_SUPPORT_NOT_CONFIRMED|RSI_NOT_BELOW_32|CLOSE_NOT_NEAR_OR_BELOW_LOWER_BB|CLOSE_NOT_ABOVE_MA200|RSI_RECOVERY_NOT_CONFIRMED
2026-09-16T07:37:24.395516+00:00,SIE_OLD_MR_REGIME_EXHAUSTION_CONFIRM_V1,DOGE,DOGEUSDT,strategy-lab-v1.0.0:SIE_OLD_MR_REGIME_EXHAUSTION_CONFIRM_V1,1789387200000,2026-09-14T12:00:00+00:00,0.08409,0.08438,0.0835,0.08366,69.94382022471912,0.083862,0.082517714316077,0.08685135,0.0006378571428571424,0.0076243980738362705,51.23456790123451,1.2499999999999947,False,TREND_SUPPORT_NOT_CONFIRMED|PLANNED_REWARD_TOO_LOW|RSI_NOT_BELOW_32|CLOSE_NOT_NEAR_OR_BELOW_LOWER_BB|CLOSE_NOT_ABOVE_MA200|RSI_RECOVERY_NOT_CONFIRMED
2026-09-16T07:37:24.395516+00:00,SIE_OLD_MR_REGIME_EXHAUSTION_CONFIRM_V1,DOGE,DOGEUSDT,strategy-lab-v1.0.0:SIE_OLD_MR_REGIME_EXHAUSTION_CONFIRM_V1,1789390800000,2026-09-14T13:00:00+00:00,0.08364,0.08424,0.08308,0.08368,68.05970149253733,0.0838245,0.08250405348461198,0.08681215,0.0006785714285714271,0.008109123190385124,69.94382022471912,1.249999999999995,False,TREND_SUPPORT_NOT_CONFIRMED|PLANNED_REWARD_TOO_LOW|RSI_NOT_BELOW_32|CLOSE_NOT_NEAR_OR_BELOW_LOWER_BB|CLOSE_NOT_ABOVE_MA200|RSI_RECOVERY_NOT_CONFIRMED
2026-09-16T07:37:24.395516+00:00,SIE_OLD_MR_REGIME_EXHAUSTION_CONFIRM_V1,DOGE,DOGEUSDT,strategy-lab-v1.0.0:SIE_OLD_MR_REGIME_EXHAUSTION_CONFIRM_V1,1789394400000,2026-09-14T14:00:00+00:00,0.0837,0.08426,0.0836,0.0838,67.5757575757575,0.08378749999999999,0.08250850234558449,0.0867755,0.0006578571428571425,0.007850323900443228,68.05970149253733,1.2500000000000053,False,TREND_SUPPORT_NOT_CONFIRMED|RSI_NOT_BELOW_32|CLOSE_NOT_NEAR_OR_BELOW_LOWER_BB|CLOSE_NOT_ABOVE_MA200|RSI_RECOVERY_NOT_CONFIRMED
2026-09-16T07:37:24.395516+00:00,SIE_OLD_MR_REGIME_EXHAUSTION_CONFIRM_V1,DOGE,DOGEUSDT,strategy-lab-v1.0.0:SIE_OLD_MR_REGIME_EXHAUSTION_CONFIRM_V1,1789398000000,2026-09-14T15:00:00+00:00,0.08379,0.08431,0.08357,0.08406,65.59485530546621,0.0837835,0.08250844274638337,0.08674145000000001,0.0006521428571428561,0.007758063967914063,67.5757575757575,1.2500000000000107,False,TREND_SUPPORT_NOT_CONFIRMED|RSI_NOT_BELOW_32|CLOSE_NOT_NEAR_OR_BELOW_LOWER_BB|CLOSE_NOT_ABOVE_MA200|RSI_RECOVERY_NOT_CONFIRMED
2026-09-16T07:37:24.395516+00:00,SIE_OLD_MR_REGIME_EXHAUSTION_CONFIRM_V1,DOGE,DOGEUSDT,strategy-lab-v1.0.0:SIE_OLD_MR_REGIME_EXHAUSTION_CONFIRM_V1,1789401600000,2026-09-14T16:00:00+00:00,0.08405,0.08472,0.08388,0.08446,58.203124999999815,0.0837855,0.08250633660152412,0.08671045000000001,0.0006271428571428568,0.007425323906498423,65.59485530546621,1.249999999999989,False,TREND_SUPPORT_NOT_CONFIRMED|PLANNED_REWARD_TOO_LOW|RSI_NOT_BELOW_32|CLOSE_NOT_NEAR_OR_BELOW_LOWER_BB|CLOSE_NOT_ABOVE_MA200|RSI_RECOVERY_NOT_CONFIRMED
2026-09-16T07:37:24.395516+00:00,SIE_OLD_MR_REGIME_EXHAUSTION_CONFIRM_V1,DOGE,DOGEUSDT,strategy-lab-v1.0.0:SIE_OLD_MR_REGIME_EXHAUSTION_CONFIRM_V1,1789405200000,2026-09-14T17:00:00+00:00,0.08446,0.08496,0.08436,0.08481,66.6666666666665,0.083828,0.08247416692313995,0.08668279999999999,0.0006299999999999996,0.007428369296073572,58.203124999999815,1.2500000000000056,False,TREND_SUPPORT_NOT_CONFIRMED|RSI_NOT_BELOW_32|CLOSE_NOT_NEAR_OR_BELOW_LOWER_BB|CLOSE_NOT_ABOVE_MA200
2026-09-16T07:37:24.395516+00:00,SIE_OLD_MR_REGIME_EXHAUSTION_CONFIRM_V1,DOGE,DOGEUSDT,strategy-lab-v1.0.0:SIE_OLD_MR_REGIME_EXHAUSTION_CONFIRM_V1,1789408800000,2026-09-14T18:00:00+00:00,0.08478,0.08536,0.08466,0.08502,67.71929824561394,0.083967,0.08272788580025879,0.08665745,0.0006542857142857143,0.007695668246126963,66.6666666666665,1.25,False,TREND_SUPPORT_NOT_CONFIRMED|RSI_NOT_BELOW_32|CLOSE_NOT_NEAR_OR_BELOW_LOWER_BB|CLOSE_NOT_ABOVE_MA200
2026-09-16T07:37:24.395516+00:00,SIE_OLD_MR_REGIME_EXHAUSTION_CONFIRM_V1,DOGE,DOGEUSDT,strategy-lab-v1.0.0:SIE_OLD_MR_REGIME_EXHAUSTION_CONFIRM_V1,1789412400000,2026-09-14T19:00:00+00:00,0.08503,0.08505,0.08458,0.08471,58.72483221476495,0.08407899999999999,0.08300781560877678,0.08663055,0.0006621428571428571,0.007816584312865743,67.71929824561394,1.2500000000000104,False,TREND_SUPPORT_NOT_CONFIRMED|RSI_NOT_BELOW_32|CLOSE_NOT_NEAR_OR_BELOW_LOWER_BB|CLOSE_NOT_ABOVE_MA200|RSI_RECOVERY_NOT_CONFIRMED
2026-09-16T07:37:24.395516+00:00,SIE_OLD_MR_REGIME_EXHAUSTION_CONFIRM_V1,DOGE,DOGEUSDT,strategy-lab-v1.0.0:SIE_OLD_MR_REGIME_EXHAUSTION_CONFIRM_V1,1789416000000,2026-09-14T20:00:00+00:00,0.08472,0.08614,0.0847,0.08515,63.0630630630631,0.0842045,0.08325597535614503,0.086608,0.0007278571428571422,0.008547940609009303,58.72483221476495,1.2500000000000095,False,TREND_SUPPORT_NOT_CONFIRMED|RSI_NOT_BELOW_32|CLOSE_NOT_NEAR_OR_BELOW_LOWER_BB|CLOSE_NOT_ABOVE_MA200
2026-09-16T07:37:24.395516+00:00,SIE_OLD_MR_REGIME_EXHAUSTION_CONFIRM_V1,DOGE,DOGEUSDT,strategy-lab-v1.0.0:SIE_OLD_MR_REGIME_EXHAUSTION_CONFIRM_V1,1789419600000,2026-09-14T21:00:00+00:00,0.08516,0.08516,0.08431,0.08435,50.245098039215584,0.0842675,0.0834677281575348,0.0865813,0.0007671428571428571,0.009094758235244305,63.0630630630631,1.25,False,TREND_SUPPORT_NOT_CONFIRMED|RSI_NOT_BELOW_32|CLOSE_NOT_NEAR_OR_BELOW_LOWER_BB|CLOSE_NOT_ABOVE_MA200|RSI_RECOVERY_NOT_CONFIRMED
2026-09-16T07:37:24.395516+00:00,SIE_OLD_MR_REGIME_EXHAUSTION_CONFIRM_V1,DOGE,DOGEUSDT,strategy-lab-v1.0.0:SIE_OLD_MR_REGIME_EXHAUSTION_CONFIRM_V1,1789423200000,2026-09-14T22:00:00+00:00,0.08438,0.08469,0.084,0.08408,49.51690821256041,0.08426950000000001,0.08347181647879616,0.086559,0.0007792857142857135,0.009268383852113624,50.245098039215584,1.2499999999999956,False,TREND_SUPPORT_NOT_CONFIRMED|PLANNED_REWARD_TOO_LOW|RSI_NOT_BELOW_32|CLOSE_NOT_NEAR_OR_BELOW_LOWER_BB|CLOSE_NOT_ABOVE_MA200|RSI_RECOVERY_NOT_CONFIRMED
2026-09-16T07:37:24.395516+00:00,SIE_OLD_MR_REGIME_EXHAUSTION_CONFIRM_V1,DOGE,DOGEUSDT,strategy-lab-v1.0.0:SIE_OLD_MR_REGIME_EXHAUSTION_CONFIRM_V1,1789426800000,2026-09-14T23:00:00+00:00,0.08407,0.08419,0.08358,0.08363,41.47465437788018,0.0842565,0.08342667411464802,0.08653219999999999,0.0007485714285714278,0.008950991612715864,49.51690821256041,1.25,False,TREND_SUPPORT_NOT_CONFIRMED|RSI_NOT_BELOW_32|CLOSE_NOT_NEAR_OR_BELOW_LOWER_BB|CLOSE_NOT_ABOVE_MA200|RSI_RECOVERY_NOT_CONFIRMED
2026-09-16T07:37:24.395516+00:00,SIE_OLD_MR_REGIME_EXHAUSTION_CONFIRM_V1,DOGE,DOGEUSDT,strategy-lab-v1.0.0:SIE_OLD_MR_REGIME_EXHAUSTION_CONFIRM_V1,1789430400000,2026-09-15T00:00:00+00:00,0.08364,0.08388,0.08353,0.08372,42.954545454545546,0.084242,0.08338573835774327,0.0865043,0.0007514285714285705,0.008975496553136293,41.47465437788018,1.25,False,TREND_SUPPORT_NOT_CONFIRMED|RSI_NOT_BELOW_32|CLOSE_NOT_NEAR_OR_BELOW_LOWER_BB|CLOSE_NOT_ABOVE_MA200
2026-09-16T07:37:24.395516+00:00,SIE_OLD_MR_REGIME_EXHAUSTION_CONFIRM_V1,DOGE,DOGEUSDT,strategy-lab-v1.0.0:SIE_OLD_MR_REGIME_EXHAUSTION_CONFIRM_V1,1789434000000,2026-09-15T01:00:00+00:00,0.08369,0.08396,0.0835,0.08377,46.300715990453426,0.084221,0.08334041156037557,0.08647735,0.0007464285714285705,0.008910452088200675,42.954545454545546,1.2500000000000093,False,TREND_SUPPORT_NOT_CONFIRMED|RSI_NOT_BELOW_32|CLOSE_NOT_NEAR_OR_BELOW_LOWER_BB|CLOSE_NOT_ABOVE_MA200
2026-09-16T07:37:24.395516+00:00,SIE_OLD_MR_REGIME_EXHAUSTION_CONFIRM_V1,DOGE,DOGEUSDT,strategy-lab-v1.0.0:SIE_OLD_MR_REGIME_EXHAUSTION_CONFIRM_V1,1789437600000,2026-09-15T02:00:00+00:00,0.08377,0.08391,0.08369,0.08379,51.71503957783646,0.0841965,0.08329678282221566,0.08644895,0.0006992857142857138,0.008345694167391261,46.300715990453426,1.25000000000001,False,TREND_SUPPORT_NOT_CONFIRMED|RSI_NOT_BELOW_32|CLOSE_NOT_NEAR_OR_BELOW_LOWER_BB|CLOSE_NOT_ABOVE_MA200
2026-09-16T07:37:24.395516+00:00,SIE_OLD_MR_REGIME_EXHAUSTION_CONFIRM_V1,DOGE,DOGEUSDT,strategy-lab-v1.0.0:SIE_OLD_MR_REGIME_EXHAUSTION_CONFIRM_V1,1789441200000,2026-09-15T03:00:00+00:00,0.08379,0.08379,0.08327,0.0833,45.53990610328635,0.084145,0.08316721679294425,0.08641755,0.0006535714285714289,0.007845995541073576,51.71503957783646,1.2499999999999947,False,TREND_SUPPORT_NOT_CONFIRMED|PLANNED_REWARD_TOO_LOW|RSI_NOT_BELOW_32|CLOSE_NOT_NEAR_OR_BELOW_LOWER_BB|CLOSE_NOT_ABOVE_MA200|RSI_RECOVERY_NOT_CONFIRMED
2026-09-16T07:37:24.395516+00:00,SIE_OLD_MR_REGIME_EXHAUSTION_CONFIRM_V1,DOGE,DOGEUSDT,strategy-lab-v1.0.0:SIE_OLD_MR_REGIME_EXHAUSTION_CONFIRM_V1,1789444800000,2026-09-15T04:00:00+00:00,0.08329,0.0834,0.08306,0.08316,42.52336448598135,0.084097,0.0830289344589398,0.08638200000000001,0.000630714285714286,0.007584346870061159,45.53990610328635,1.249999999999989,False,TREND_SUPPORT_NOT_CONFIRMED|PLANNED_REWARD_TOO_LOW|RSI_NOT_BELOW_32|CLOSE_NOT_NEAR_OR_BELOW_LOWER_BB|CLOSE_NOT_ABOVE_MA200|RSI_RECOVERY_NOT_CONFIRMED
2026-09-16T07:37:24.395516+00:00,SIE_OLD_MR_REGIME_EXHAUSTION_CONFIRM_V1,DOGE,DOGEUSDT,strategy-lab-v1.0.0:SIE_OLD_MR_REGIME_EXHAUSTION_CONFIRM_V1,1789448400000,2026-09-15T05:00:00+00:00,0.08316,0.08333,0.08266,0.0832,39.408866995073986,0.08403849999999999,0.08291018665699626,0.08634565,0.000625714285714287,0.0075206043956044105,42.52336448598135,1.25,False,TREND_SUPPORT_NOT_CONFIRMED|RSI_NOT_BELOW_32|CLOSE_NOT_NEAR_OR_BELOW_LOWER_BB|CLOSE_NOT_ABOVE_MA200|RSI_RECOVERY_NOT_CONFIRMED
2026-09-16T07:37:24.395516+00:00,SIE_OLD_MR_REGIME_EXHAUSTION_CONFIRM_V1,DOGE,DOGEUSDT,strategy-lab-v1.0.0:SIE_OLD_MR_REGIME_EXHAUSTION_CONFIRM_V1,1789452000000,2026-09-15T06:00:00+00:00,0.08319,0.08335,0.08248,0.08267,28.639618138425035,0.08395499999999999,0.0826894645402043,0.08630779999999999,0.0006278571428571433,0.007594739843439499,39.408866995073986,1.2499999999999944,False,TREND_SUPPORT_NOT_CONFIRMED|PLANNED_REWARD_TOO_LOW|CLOSE_NOT_ABOVE_MA200|RSI_RECOVERY_NOT_CONFIRMED
2026-09-16T07:37:24.395516+00:00,SIE_OLD_MR_REGIME_EXHAUSTION_CONFIRM_V1,DOGE,DOGEUSDT,strategy-lab-v1.0.0:SIE_OLD_MR_REGIME_EXHAUSTION_CONFIRM_V1,1789455600000,2026-09-15T07:00:00+00:00,0.0827,0.08295,0.08239,0.08249,21.1442786069654,0.08387549999999999,0.08246043145042356,0.08626565,0.0006250000000000006,0.0075766759607225195,28.639618138425035,1.2499999999999944,False,TREND_SUPPORT_NOT_CONFIRMED|PLANNED_REWARD_TOO_LOW|CLOSE_NOT_ABOVE_MA200|RSI_RECOVERY_NOT_CONFIRMED
2026-09-16T07:37:24.395516+00:00,SIE_OLD_MR_REGIME_EXHAUSTION_CONFIRM_V1,DOGE,DOGEUSDT,strategy-lab-v1.0.0:SIE_OLD_MR_REGIME_EXHAUSTION_CONFIRM_V1,1789459200000,2026-09-15T08:00:00+00:00,0.08248,0.08263,0.0823,0.08256,18.298969072165193,0.08382049999999999,0.08229500368731997,0.08622355000000001,0.0005985714285714285,0.0072501384274640075,21.1442786069654,1.2500000000000058,False,TREND_SUPPORT_NOT_CONFIRMED|CLOSE_NOT_NEAR_OR_BELOW_LOWER_BB|CLOSE_NOT_ABOVE_MA200|RSI_RECOVERY_NOT_CONFIRMED
2026-09-16T07:37:24.395516+00:00,SIE_OLD_MR_REGIME_EXHAUSTION_CONFIRM_V1,DOGE,DOGEUSDT,strategy-lab-v1.0.0:SIE_OLD_MR_REGIME_EXHAUSTION_CONFIRM_V1,1789462800000,2026-09-15T09:00:00+00:00,0.08255,0.08285,0.08251,0.08262,21.21212121212156,0.0837675,0.08215498798454077,0.08618599999999998,0.0005892857142857138,0.007132482622678696,18.298969072165193,1.2499999999999882,False,TREND_SUPPORT_NOT_CONFIRMED|PLANNED_REWARD_TOO_LOW|CLOSE_NOT_NEAR_OR_BELOW_LOWER_BB|CLOSE_NOT_ABOVE_MA200
2026-09-16T07:37:24.395516+00:00,SIE_OLD_MR_REGIME_EXHAUSTION_CONFIRM_V1,DOGE,DOGEUSDT,strategy-lab-v1.0.0:SIE_OLD_MR_REGIME_EXHAUSTION_CONFIRM_V1,1789466400000,2026-09-15T10:00:00+00:00,0.08264,0.08283,0.08251,0.08275,13.855421686747334,0.08371500000000001,0.08204286962230802,0.08614945,0.0005092857142857141,0.006154510142425547,21.21212121212156,1.25,False,TREND_SUPPORT_NOT_CONFIRMED|CLOSE_NOT_NEAR_OR_BELOW_LOWER_BB|CLOSE_NOT_ABOVE_MA200|RSI_RECOVERY_NOT_CONFIRMED
2026-09-16T07:37:24.395516+00:00,SIE_OLD_MR_REGIME_EXHAUSTION_CONFIRM_V1,DOGE,DOGEUSDT,strategy-lab-v1.0.0:SIE_OLD_MR_REGIME_EXHAUSTION_CONFIRM_V1,1789470000000,2026-09-15T11:00:00+00:00,0.08274,0.08289,0.08224,0.08246,16.370106761566277,0.083635,0.0818852514466357,0.086115,0.0004950000000000004,0.00600291050206161,13.855421686747334,1.249999999999986,False,TREND_SUPPORT_NOT_CONFIRMED|PLANNED_REWARD_TOO_LOW|CLOSE_NOT_NEAR_OR_BELOW_LOWER_BB|CLOSE_NOT_ABOVE_MA200|RSI_RECOVERY_NOT_CONFIRMED
2026-09-16T07:37:24.395516+00:00,SIE_OLD_MR_REGIME_EXHAUSTION_CONFIRM_V1,DOGE,DOGEUSDT,strategy-lab-v1.0.0:SIE_OLD_MR_REGIME_EXHAUSTION_CONFIRM_V1,1789473600000,2026-09-15T12:00:00+00:00,0.08249,0.08301,0.08245,0.08281,28.02768166089966,0.0835525,0.08181054850813795,0.08608039999999999,0.00048571428571428675,0.0058654061793779345,16.370106761566277,1.2500000000000142,False,TREND_SUPPORT_NOT_CONFIRMED|CLOSE_NOT_NEAR_OR_BELOW_LOWER_BB|CLOSE_NOT_ABOVE_MA200
2026-09-16T07:37:24.395516+00:00,SIE_OLD_MR_REGIME_EXHAUSTION_CONFIRM_V1,DOGE,DOGEUSDT,strategy-lab-v1.0.0:SIE_OLD_MR_REGIME_EXHAUSTION_CONFIRM_V1,1789477200000,2026-09-15T13:00:00+00:00,0.08281,0.08338,0.08194,0.08282,33.46938775510236,0.083453,0.08178391522084692,0.08604365,0.0005450000000000009,0.006580536102390737,28.02768166089966,1.2500000000000064,False,TREND_SUPPORT_NOT_CONFIRMED|RSI_NOT_BELOW_32|CLOSE_NOT_NEAR_OR_BELOW_LOWER_BB|CLOSE_NOT_ABOVE_MA200
2026-09-16T07:37:24.395516+00:00,SIE_OLD_MR_REGIME_EXHAUSTION_CONFIRM_V1,DOGE,DOGEUSDT,strategy-lab-v1.0.0:SIE_OLD_MR_REGIME_EXHAUSTION_CONFIRM_V1,1789480800000,2026-09-15T14:00:00+00:00,0.08284,0.08293,0.08048,0.08121,18.38790931989938,0.08326249999999999,0.08148604425892436,0.08600055,0.0006950000000000012,0.008558059352296529,33.46938775510236,1.25,False,TREND_SUPPORT_NOT_CONFIRMED|CLOSE_NOT_ABOVE_MA200|RSI_RECOVERY_NOT_CONFIRMED
2026-09-16T07:37:24.395516+00:00,SIE_OLD_MR_REGIME_EXHAUSTION_CONFIRM_V1,DOGE,DOGEUSDT,strategy-lab-v1.0.0:SIE_OLD_MR_REGIME_EXHAUSTION_CONFIRM_V1,1789484400000,2026-09-15T15:00:00+00:00,0.08123,0.08211,0.08107,0.08167,26.0273972602742,0.0831105,0.0813352425538811,0.08596190000000002,0.0007364285714285724,0.00901712466546556,18.38790931989938,1.2500000000000047,False,TREND_SUPPORT_NOT_CONFIRMED|CLOSE_NOT_NEAR_OR_BELOW_LOWER_BB|CLOSE_NOT_ABOVE_MA200
2026-09-16T07:37:24.395516+00:00,SIE_OLD_MR_REGIME_EXHAUSTION_CONFIRM_V1,DOGE,DOGEUSDT,strategy-lab-v1.0.0:SIE_OLD_MR_REGIME_EXHAUSTION_CONFIRM_V1,1789488000000,2026-09-15T16:00:00+00:00,0.08163,0.08176,0.08125,0.08155,25.000000000000085,0.08293049999999999,0.08129432794303267,0.0859218,0.000757142857142858,0.009284400455461165,26.0273972602742,1.2499999999999953,False,TREND_SUPPORT_NOT_CONFIRMED|PLANNED_REWARD_TOO_LOW|CLOSE_NOT_NEAR_OR_BELOW_LOWER_BB|CLOSE_NOT_ABOVE_MA200|RSI_RECOVERY_NOT_CONFIRMED
2026-09-16T07:37:24.395516+00:00,SIE_OLD_MR_REGIME_EXHAUSTION_CONFIRM_V1,DOGE,DOGEUSDT,strategy-lab-v1.0.0:SIE_OLD_MR_REGIME_EXHAUSTION_CONFIRM_V1,1789491600000,2026-09-15T17:00:00+00:00,0.08156,0.08248,0.08118,0.08209,36.64459161147905,0.0828175,0.08127988008597681,0.08588609999999999,0.0008128571428571429,0.009902023911038409,25.000000000000085,1.2499999999999916,False,TREND_SUPPORT_NOT_CONFIRMED|PLANNED_REWARD_TOO_LOW|RSI_NOT_BELOW_32|CLOSE_NOT_NEAR_OR_BELOW_LOWER_BB|CLOSE_NOT_ABOVE_MA200
2026-09-16T07:37:24.395516+00:00,SIE_OLD_MR_REGIME_EXHAUSTION_CONFIRM_V1,DOGE,DOGEUSDT,strategy-lab-v1.0.0:SIE_OLD_MR_REGIME_EXHAUSTION_CONFIRM_V1,1789495200000,2026-09-15T18:00:00+00:00,0.08205,0.0824,0.0784,0.08076,29.020979020979084,0.0826515,0.08098358783204847,0.08584215,0.001074285714285714,0.013302200523597252,36.64459161147905,1.2499999999999967,False,TREND_SUPPORT_NOT_CONFIRMED|PLANNED_REWARD_TOO_LOW|CLOSE_NOT_ABOVE_MA200|RSI_RECOVERY_NOT_CONFIRMED
2026-09-16T07:37:24.395516+00:00,SIE_OLD_MR_REGIME_EXHAUSTION_CONFIRM_V1,DOGE,DOGEUSDT,strategy-lab-v1.0.0:SIE_OLD_MR_REGIME_EXHAUSTION_CONFIRM_V1,1789498800000,2026-09-15T19:00:00+00:00,0.08078,0.08119,0.08041,0.0808,29.020979020979084,0.08251,0.08072227518896201,0.08579729999999999,0.0010821428571428568,0.013392857142857139,29.020979020979084,1.250000000000003,False,TREND_SUPPORT_NOT_CONFIRMED|CLOSE_NOT_ABOVE_MA200|RSI_RECOVERY_NOT_CONFIRMED
2026-09-16T07:37:24.395516+00:00,SIE_OLD_MR_REGIME_EXHAUSTION_CONFIRM_V1,DOGE,DOGEUSDT,strategy-lab-v1.0.0:SIE_OLD_MR_REGIME_EXHAUSTION_CONFIRM_V1,1789502400000,2026-09-15T20:00:00+00:00,0.08086,0.08096,0.07978,0.08044,29.90990990991,0.082346,0.08043483909625566,0.08574275,0.0011042857142857143,0.013728067059742844,29.020979020979084,1.250000000000003,False,TREND_SUPPORT_NOT_CONFIRMED|CLOSE_NOT_ABOVE_MA200|RSI_RECOVERY_NOT_CONFIRMED
2026-09-16T07:37:24.395516+00:00,SIE_OLD_MR_REGIME_EXHAUSTION_CONFIRM_V1,DOGE,DOGEUSDT,strategy-lab-v1.0.0:SIE_OLD_MR_REGIME_EXHAUSTION_CONFIRM_V1,1789506000000,2026-09-15T21:00:00+00:00,0.0804,0.08043,0.07946,0.07952,26.391096979332346,0.0821335,0.07997396046574716,0.08568574999999999,0.0011342857142857146,0.014264156366772066,29.90990990991,1.249999999999997,False,TREND_SUPPORT_NOT_CONFIRMED|PLANNED_REWARD_TOO_LOW|CLOSE_NOT_ABOVE_MA200|RSI_RECOVERY_NOT_CONFIRMED
2026-09-16T07:37:24.395516+00:00,SIE_OLD_MR_REGIME_EXHAUSTION_CONFIRM_V1,DOGE,DOGEUSDT,strategy-lab-v1.0.0:SIE_OLD_MR_REGIME_EXHAUSTION_CONFIRM_V1,1789509600000,2026-09-15T22:00:00+00:00,0.07956,0.08026,0.07932,0.08014,32.30994152046797,0.08195100000000001,0.07976550326012576,0.08563345,0.0011778571428571433,0.01469749367178866,26.391096979332346,1.250000000000006,False,TREND_SUPPORT_NOT_CONFIRMED|RSI_NOT_BELOW_32|CLOSE_NOT_NEAR_OR_BELOW_LOWER_BB|CLOSE_NOT_ABOVE_MA200
2026-09-16T07:37:24.395516+00:00,SIE_OLD_MR_REGIME_EXHAUSTION_CONFIRM_V1,DOGE,DOGEUSDT,strategy-lab-v1.0.0:SIE_OLD_MR_REGIME_EXHAUSTION_CONFIRM_V1,1789513200000,2026-09-15T23:00:00+00:00,0.08015,0.08061,0.07997,0.08003,31.204644412191684,0.08178749999999999,0.07954171394607563,0.0855889,0.0011992857142857152,0.014985451884114896,32.30994152046797,1.2500000000000058,False,TREND_SUPPORT_NOT_CONFIRMED|CLOSE_NOT_NEAR_OR_BELOW_LOWER_BB|CLOSE_NOT_ABOVE_MA200|RSI_RECOVERY_NOT_CONFIRMED
2026-09-16T07:37:24.395516+00:00,SIE_OLD_MR_REGIME_EXHAUSTION_CONFIRM_V1,DOGE,DOGEUSDT,strategy-lab-v1.0.0:SIE_OLD_MR_REGIME_EXHAUSTION_CONFIRM_V1,1789516800000,2026-09-16T00:00:00+00:00,0.08004,0.08024,0.07994,0.08006,30.19145802650965,0.0816325,0.07935927431828664,0.08553875,0.0011978571428571444,0.014961992791120962,31.204644412191684,1.25,False,TREND_SUPPORT_NOT_CONFIRMED|CLOSE_NOT_NEAR_OR_BELOW_LOWER_BB|CLOSE_NOT_ABOVE_MA200|RSI_RECOVERY_NOT_CONFIRMED
2026-09-16T07:37:24.395516+00:00,SIE_OLD_MR_REGIME_EXHAUSTION_CONFIRM_V1,DOGE,DOGEUSDT,strategy-lab-v1.0.0:SIE_OLD_MR_REGIME_EXHAUSTION_CONFIRM_V1,1789520400000,2026-09-16T01:00:00+00:00,0.08008,0.08028,0.07943,0.07944,28.7921348314607,0.0814445,0.07910010690156255,0.08548555000000001,0.001212142857142858,0.015258595885484115,30.19145802650965,1.2499999999999942,False,TREND_SUPPORT_NOT_CONFIRMED|PLANNED_REWARD_TOO_LOW|CLOSE_NOT_NEAR_OR_BELOW_LOWER_BB|CLOSE_NOT_ABOVE_MA200|RSI_RECOVERY_NOT_CONFIRMED
2026-09-16T07:37:24.395516+00:00,SIE_OLD_MR_REGIME_EXHAUSTION_CONFIRM_V1,DOGE,DOGEUSDT,strategy-lab-v1.0.0:SIE_OLD_MR_REGIME_EXHAUSTION_CONFIRM_V1,1789524000000,2026-09-16T02:00:00+00:00,0.07943,0.08037,0.07943,0.08004,31.20759837177762,0.081313,0.07896328427251269,0.0854364,0.0012392857142857147,0.01548332976368959,28.7921348314607,1.25,False,TREND_SUPPORT_NOT_CONFIRMED|CLOSE_NOT_NEAR_OR_BELOW_LOWER_BB|CLOSE_NOT_ABOVE_MA200
2026-09-16T07:37:24.395516+00:00,SIE_OLD_MR_REGIME_EXHAUSTION_CONFIRM_V1,DOGE,DOGEUSDT,strategy-lab-v1.0.0:SIE_OLD_MR_REGIME_EXHAUSTION_CONFIRM_V1,1789527600000,2026-09-16T03:00:00+00:00,0.08005,0.08036,0.07986,0.07999,30.90418353576257,0.081188,0.07883605102096128,0.08538354999999999,0.0011721428571428577,0.014653617416462778,31.20759837177762,1.2499999999999971,False,TREND_SUPPORT_NOT_CONFIRMED|PLANNED_REWARD_TOO_LOW|CLOSE_NOT_NEAR_OR_BELOW_LOWER_BB|CLOSE_NOT_ABOVE_MA200|RSI_RECOVERY_NOT_CONFIRMED
2026-09-16T07:37:24.395516+00:00,SIE_OLD_MR_REGIME_EXHAUSTION_CONFIRM_V1,DOGE,DOGEUSDT,strategy-lab-v1.0.0:SIE_OLD_MR_REGIME_EXHAUSTION_CONFIRM_V1,1789531200000,2026-09-16T04:00:00+00:00,0.07998,0.08071,0.07996,0.08022,41.79104477611939,0.08107099999999999,0.07877147048290278,0.0853317,0.0010507142857142857,0.01309790932079638,30.90418353576257,1.2500000000000033,False,TREND_SUPPORT_NOT_CONFIRMED|RSI_NOT_BELOW_32|CLOSE_NOT_NEAR_OR_BELOW_LOWER_BB|CLOSE_NOT_ABOVE_MA200
2026-09-16T07:37:24.395516+00:00,SIE_OLD_MR_REGIME_EXHAUSTION_CONFIRM_V1,DOGE,DOGEUSDT,strategy-lab-v1.0.0:SIE_OLD_MR_REGIME_EXHAUSTION_CONFIRM_V1,1789534800000,2026-09-16T05:00:00+00:00,0.08022,0.08027,0.07989,0.08008,36.077057793344984,0.080944,0.07872142131747797,0.08528029999999999,0.001003571428571428,0.012532110746396456,41.79104477611939,1.2500000000000036,False,TREND_SUPPORT_NOT_CONFIRMED|RSI_NOT_BELOW_32|CLOSE_NOT_NEAR_OR_BELOW_LOWER_BB|CLOSE_NOT_ABOVE_MA200|RSI_RECOVERY_NOT_CONFIRMED
2026-09-16T07:37:24.395516+00:00,SIE_OLD_MR_REGIME_EXHAUSTION_CONFIRM_V1,DOGE,DOGEUSDT,strategy-lab-v1.0.0:SIE_OLD_MR_REGIME_EXHAUSTION_CONFIRM_V1,1789538400000,2026-09-16T06:00:00+00:00,0.08009,0.0802,0.07986,0.08018,37.96133567662572,0.0808155,0.07873266083194083,0.0852307,0.0009914285714285706,0.012365035812279504,36.077057793344984,1.2500000000000036,False,TREND_SUPPORT_NOT_CONFIRMED|RSI_NOT_BELOW_32|CLOSE_NOT_NEAR_OR_BELOW_LOWER_BB|CLOSE_NOT_ABOVE_MA200
2026-09-16T07:37:24.395516+00:00,SIE_OLD_MR_REGIME_EXHAUSTION_CONFIRM_V1,DOGE,DOGEUSDT,strategy-lab-v1.0.0:SIE_OLD_MR_REGIME_EXHAUSTION_CONFIRM_V1,1789542000000,2026-09-16T07:00:00+00:00,0.08016,0.08038,0.07972,0.07976,29.08438061041302,0.0806805,0.07869372900162061,0.0851771,0.0009457142857142849,0.011856999570138978,37.96133567662572,1.2499999999999962,False,TREND_SUPPORT_NOT_CONFIRMED|PLANNED_REWARD_TOO_LOW|CLOSE_NOT_NEAR_OR_BELOW_LOWER_BB|CLOSE_NOT_ABOVE_MA200|RSI_RECOVERY_NOT_CONFIRMED
2026-09-16T07:37:24.395516+00:00,SIE_OLD_MR_REGIME_EXHAUSTION_CONFIRM_V1,BNB,BNBUSDT,strategy-lab-v1.0.0:SIE_OLD_MR_REGIME_EXHAUSTION_CONFIRM_V1,1789326000000,2026-09-13T19:00:00+00:00,721.99,722.64,720.46,720.79,38.324420677361864,721.246,712.3841573022291,737.68695,2.914285714285719,0.004043182777626936,40.018613308515675,1.2499999999999902,False,TREND_SUPPORT_NOT_CONFIRMED|PLANNED_REWARD_TOO_LOW|RSI_NOT_BELOW_32|CLOSE_NOT_NEAR_OR_BELOW_LOWER_BB|CLOSE_NOT_ABOVE_MA200|RSI_RECOVERY_NOT_CONFIRMED
2026-09-16T07:37:24.395516+00:00,SIE_OLD_MR_REGIME_EXHAUSTION_CONFIRM_V1,BNB,BNBUSDT,strategy-lab-v1.0.0:SIE_OLD_MR_REGIME_EXHAUSTION_CONFIRM_V1,1789329600000,2026-09-13T20:00:00+00:00,720.87,722.44,720.87,722.0,51.334379905808454,720.9504999999999,712.6189395819249,737.4805500000001,2.701428571428583,0.0037415908191531623,38.324420677361864,1.25,False,TREND_SUPPORT_NOT_CONFIRMED|RSI_NOT_BELOW_32|CLOSE_NOT_NEAR_OR_BELOW_LOWER_BB|CLOSE_NOT_ABOVE_MA200
2026-09-16T07:37:24.395516+00:00,SIE_OLD_MR_REGIME_EXHAUSTION_CONFIRM_V1,BNB,BNBUSDT,strategy-lab-v1.0.0:SIE_OLD_MR_REGIME_EXHAUSTION_CONFIRM_V1,1789333200000,2026-09-13T21:00:00+00:00,722.01,722.59,720.97,721.21,47.58441558441573,720.6055,712.9438696904618,737.2815,2.6828571428571553,0.003719938912185293,51.334379905808454,1.2500000000000107,False,TREND_SUPPORT_NOT_CONFIRMED|RSI_NOT_BELOW_32|CLOSE_NOT_NEAR_OR_BELOW_LOWER_BB|CLOSE_NOT_ABOVE_MA200|RSI_RECOVERY_NOT_CONFIRMED
2026-09-16T07:37:24.395516+00:00,SIE_OLD_MR_REGIME_EXHAUSTION_CONFIRM_V1,BNB,BNBUSDT,strategy-lab-v1.0.0:SIE_OLD_MR_REGIME_EXHAUSTION_CONFIRM_V1,1789336800000,2026-09-13T22:00:00+00:00,721.3,721.3,715.05,715.6,45.10093549975384,719.9970000000001,712.7883604612219,737.0112000000001,2.747857142857153,0.0038399345204823267,47.58441558441573,1.2499999999999793,False,TREND_SUPPORT_NOT_CONFIRMED|PLANNED_REWARD_TOO_LOW|RSI_NOT_BELOW_32|CLOSE_NOT_NEAR_OR_BELOW_LOWER_BB|CLOSE_NOT_ABOVE_MA200|RSI_RECOVERY_NOT_CONFIRMED
2026-09-16T07:37:24.395516+00:00,SIE_OLD_MR_REGIME_EXHAUSTION_CONFIRM_V1,BNB,BNBUSDT,strategy-lab-v1.0.0:SIE_OLD_MR_REGIME_EXHAUSTION_CONFIRM_V1,1789340400000,2026-09-13T23:00:00+00:00,715.43,716.79,715.25,716.12,50.1294665976177,719.458,712.8038025277247,736.7416000000001,2.537142857142864,0.0035429018281054347,45.10093549975384,1.250000000000011,False,TREND_SUPPORT_NOT_CONFIRMED|RSI_NOT_BELOW_32|CLOSE_NOT_NEAR_OR_BELOW_LOWER_BB|CLOSE_NOT_ABOVE_MA200
2026-09-16T07:37:24.395516+00:00,SIE_OLD_MR_REGIME_EXHAUSTION_CONFIRM_V1,BNB,BNBUSDT,strategy-lab-v1.0.0:SIE_OLD_MR_REGIME_EXHAUSTION_CONFIRM_V1,1789344000000,2026-09-14T00:00:00+00:00,716.17,720.0,713.67,718.39,59.2464055528012,719.064,713.1814107741543,736.46675,2.8478571428571513,0.003964221582785327,50.1294665976177,1.25000000000001,False,TREND_SUPPORT_NOT_CONFIRMED|RSI_NOT_BELOW_32|CLOSE_NOT_NEAR_OR_BELOW_LOWER_BB|CLOSE_NOT_ABOVE_MA200
2026-09-16T07:37:24.395516+00:00,SIE_OLD_MR_REGIME_EXHAUSTION_CONFIRM_V1,BNB,BNBUSDT,strategy-lab-v1.0.0:SIE_OLD_MR_REGIME_EXHAUSTION_CONFIRM_V1,1789347600000,2026-09-14T01:00:00+00:00,718.61,719.88,714.38,719.2,58.295281582953,718.7225,713.7791170490203,736.1816,3.0435714285714375,0.004231884633720018,59.2464055528012,1.2499999999999907,False,TREND_SUPPORT_NOT_CONFIRMED|PLANNED_REWARD_TOO_LOW|RSI_NOT_BELOW_32|CLOSE_NOT_NEAR_OR_BELOW_LOWER_BB|CLOSE_NOT_ABOVE_MA200|RSI_RECOVERY_NOT_CONFIRMED
2026-09-16T07:37:24.395516+00:00,SIE_OLD_MR_REGIME_EXHAUSTION_CONFIRM_V1,BNB,BNBUSDT,strategy-lab-v1.0.0:SIE_OLD_MR_REGIME_EXHAUSTION_CONFIRM_V1,1789351200000,2026-09-14T02:00:00+00:00,719.24,724.54,718.76,723.27,67.21382289416846,718.8115,713.614434385633,735.9139499999999,3.317857142857146,0.0045873009289160984,58.295281582953,1.2499999999999913,False,TREND_SUPPORT_NOT_CONFIRMED|PLANNED_REWARD_TOO_LOW|RSI_NOT_BELOW_32|CLOSE_NOT_NEAR_OR_BELOW_LOWER_BB|CLOSE_NOT_ABOVE_MA200
2026-09-16T07:37:24.395516+00:00,SIE_OLD_MR_REGIME_EXHAUSTION_CONFIRM_V1,BNB,BNBUSDT,strategy-lab-v1.0.0:SIE_OLD_MR_REGIME_EXHAUSTION_CONFIRM_V1,1789354800000,2026-09-14T03:00:00+00:00,723.15,724.8,721.26,722.49,61.1600928074247,718.829,713.5850743712333,735.65815,3.1878571428571427,0.004412320091429837,67.21382289416846,1.2500000000000178,False,TREND_SUPPORT_NOT_CONFIRMED|RSI_NOT_BELOW_32|CLOSE_NOT_NEAR_OR_BELOW_LOWER_BB|CLOSE_NOT_ABOVE_MA200|RSI_RECOVERY_NOT_CONFIRMED
2026-09-16T07:37:24.395516+00:00,SIE_OLD_MR_REGIME_EXHAUSTION_CONFIRM_V1,BNB,BNBUSDT,strategy-lab-v1.0.0:SIE_OLD_MR_REGIME_EXHAUSTION_CONFIRM_V1,1789358400000,2026-09-14T04:00:00+00:00,721.85,725.29,721.85,724.41,63.46573548668697,719.17,713.4292578876912,735.4265999999999,3.267857142857135,0.004511060232267825,61.1600928074247,1.2499999999999827,False,TREND_SUPPORT_NOT_CONFIRMED|PLANNED_REWARD_TOO_LOW|RSI_NOT_BELOW_32|CLOSE_NOT_NEAR_OR_BELOW_LOWER_BB|CLOSE_NOT_ABOVE_MA200
2026-09-16T07:37:24.395516+00:00,SIE_OLD_MR_REGIME_EXHAUSTION_CONFIRM_V1,BNB,BNBUSDT,strategy-lab-v1.0.0:SIE_OLD_MR_REGIME_EXHAUSTION_CONFIRM_V1,1789362000000,2026-09-14T05:00:00+00:00,724.25,725.51,723.8,724.63,63.401836466987305,719.598,713.5760647628827,735.1925,3.2235714285714203,0.004448575726331259,63.46573548668697,1.2499999999999825,False,TREND_SUPPORT_NOT_CONFIRMED|PLANNED_REWARD_TOO_LOW|RSI_NOT_BELOW_32|CLOSE_NOT_NEAR_OR_BELOW_LOWER_BB|CLOSE_NOT_ABOVE_MA200|RSI_RECOVERY_NOT_CONFIRMED
2026-09-16T07:37:24.395516+00:00,SIE_OLD_MR_REGIME_EXHAUSTION_CONFIRM_V1,BNB,BNBUSDT,strategy-lab-v1.0.0:SIE_OLD_MR_REGIME_EXHAUSTION_CONFIRM_V1,1789365600000,2026-09-14T06:00:00+00:00,724.68,726.27,722.24,723.48,56.22988505747135,720.039,714.2404660473501,734.9579000000001,3.319999999999993,0.004588931276607498,63.401836466987305,1.2500000000000087,False,TREND_SUPPORT_NOT_CONFIRMED|RSI_NOT_BELOW_32|CLOSE_NOT_NEAR_OR_BELOW_LOWER_BB|CLOSE_NOT_ABOVE_MA200|RSI_RECOVERY_NOT_CONFIRMED
2026-09-16T07:37:24.395516+00:00,SIE_OLD_MR_REGIME_EXHAUSTION_CONFIRM_V1,BNB,BNBUSDT,strategy-lab-v1.0.0:SIE_OLD_MR_REGIME_EXHAUSTION_CONFIRM_V1,1789369200000,2026-09-14T07:00:00+00:00,723.1,724.91,722.94,724.52,58.190601668862584,720.4685,714.6784904145128,734.7480499999999,3.368571428571418,0.004649383631330285,56.22988505747135,1.2499999999999831,False,TREND_SUPPORT_NOT_CONFIRMED|PLANNED_REWARD_TOO_LOW|RSI_NOT_BELOW_32|CLOSE_NOT_NEAR_OR_BELOW_LOWER_BB|CLOSE_NOT_ABOVE_MA200
2026-09-16T07:37:24.395516+00:00,SIE_OLD_MR_REGIME_EXHAUSTION_CONFIRM_V1,BNB,BNBUSDT,strategy-lab-v1.0.0:SIE_OLD_MR_REGIME_EXHAUSTION_CONFIRM_V1,1789372800000,2026-09-14T08:00:00+00:00,724.35,725.45,723.23,723.54,53.457446808510525,720.8805,715.4593028074943,734.53055,3.4114285714285626,0.004714913579661888,58.190601668862584,1.25,False,TREND_SUPPORT_NOT_CONFIRMED|RSI_NOT_BELOW_32|CLOSE_NOT_NEAR_OR_BELOW_LOWER_BB|CLOSE_NOT_ABOVE_MA200|RSI_RECOVERY_NOT_CONFIRMED
2026-09-16T07:37:24.395516+00:00,SIE_OLD_MR_REGIME_EXHAUSTION_CONFIRM_V1,BNB,BNBUSDT,strategy-lab-v1.0.0:SIE_OLD_MR_REGIME_EXHAUSTION_CONFIRM_V1,1789376400000,2026-09-14T09:00:00+00:00,723.75,728.0,721.61,724.64,58.566978193146504,721.2284999999999,715.7802809331827,734.3270000000001,3.712142857142851,0.005122740750086734,53.457446808510525,1.2499999999999925,False,TREND_SUPPORT_NOT_CONFIRMED|PLANNED_REWARD_TOO_LOW|RSI_NOT_BELOW_32|CLOSE_NOT_NEAR_OR_BELOW_LOWER_BB|CLOSE_NOT_ABOVE_MA200
2026-09-16T07:37:24.395516+00:00,SIE_OLD_MR_REGIME_EXHAUSTION_CONFIRM_V1,BNB,BNBUSDT,strategy-lab-v1.0.0:SIE_OLD_MR_REGIME_EXHAUSTION_CONFIRM_V1,1789380000000,2026-09-14T10:00:00+00:00,724.78,725.02,722.6,722.73,51.57531290461809,721.4530000000001,716.1477041552776,734.11985,3.7671428571428414,0.005212379252477192,58.566978193146504,1.2500000000000075,False,TREND_SUPPORT_NOT_CONFIRMED|RSI_NOT_BELOW_32|CLOSE_NOT_NEAR_OR_BELOW_LOWER_BB|CLOSE_NOT_ABOVE_MA200|RSI_RECOVERY_NOT_CONFIRMED
2026-09-16T07:37:24.395516+00:00,SIE_OLD_MR_REGIME_EXHAUSTION_CONFIRM_V1,BNB,BNBUSDT,strategy-lab-v1.0.0:SIE_OLD_MR_REGIME_EXHAUSTION_CONFIRM_V1,1789383600000,2026-09-14T11:00:00+00:00,722.64,722.91,720.46,721.69,51.024765157984675,721.6125,716.4830170825871,733.9033499999999,3.8264285714285506,0.005302039063072164,51.57531290461809,1.25,False,TREND_SUPPORT_NOT_CONFIRMED|RSI_NOT_BELOW_32|CLOSE_NOT_NEAR_OR_BELOW_LOWER_BB|CLOSE_NOT_ABOVE_MA200|RSI_RECOVERY_NOT_CONFIRMED
2026-09-16T07:37:24.395516+00:00,SIE_OLD_MR_REGIME_EXHAUSTION_CONFIRM_V1,BNB,BNBUSDT,strategy-lab-v1.0.0:SIE_OLD_MR_REGIME_EXHAUSTION_CONFIRM_V1,1789387200000,2026-09-14T12:00:00+00:00,721.79,723.01,719.72,719.91,61.00051046452262,721.5695,716.3982391286041,733.6876,3.6149999999999767,0.005021461015960296,51.024765157984675,1.2499999999999842,False,TREND_SUPPORT_NOT_CONFIRMED|PLANNED_REWARD_TOO_LOW|RSI_NOT_BELOW_32|CLOSE_NOT_NEAR_OR_BELOW_LOWER_BB|CLOSE_NOT_ABOVE_MA200|RSI_RECOVERY_NOT_CONFIRMED
2026-09-16T07:37:24.395516+00:00,SIE_OLD_MR_REGIME_EXHAUSTION_CONFIRM_V1,BNB,BNBUSDT,strategy-lab-v1.0.0:SIE_OLD_MR_REGIME_EXHAUSTION_CONFIRM_V1,1789390800000,2026-09-14T13:00:00+00:00,719.88,723.19,716.91,721.03,62.159484893511596,721.5815,716.4164200393383,733.48245,3.953571428571414,0.005483227367198888,61.00051046452262,1.2499999999999856,False,TREND_SUPPORT_NOT_CONFIRMED|PLANNED_REWARD_TOO_LOW|RSI_NOT_BELOW_32|CLOSE_NOT_NEAR_OR_BELOW_LOWER_BB|CLOSE_NOT_ABOVE_MA200
2026-09-16T07:37:24.395516+00:00,SIE_OLD_MR_REGIME_EXHAUSTION_CONFIRM_V1,BNB,BNBUSDT,strategy-lab-v1.0.0:SIE_OLD_MR_REGIME_EXHAUSTION_CONFIRM_V1,1789394400000,2026-09-14T14:00:00+00:00,720.96,723.36,719.7,721.68,58.8583737210554,721.5665,716.4043947124231,733.2897,3.762857142857123,0.005214024419212287,62.159484893511596,1.2500000000000075,False,TREND_SUPPORT_NOT_CONFIRMED|RSI_NOT_BELOW_32|CLOSE_NOT_NEAR_OR_BELOW_LOWER_BB|CLOSE_NOT_ABOVE_MA200|RSI_RECOVERY_NOT_CONFIRMED
2026-09-16T07:37:24.395516+00:00,SIE_OLD_MR_REGIME_EXHAUSTION_CONFIRM_V1,BNB,BNBUSDT,strategy-lab-v1.0.0:SIE_OLD_MR_REGIME_EXHAUSTION_CONFIRM_V1,1789398000000,2026-09-14T15:00:00+00:00,721.2,722.8,720.13,722.38,58.61321776814725,721.646,716.4852039373727,733.1188999999999,3.560714285714263,0.004929142952067143,58.8583737210554,1.25,False,TREND_SUPPORT_NOT_CONFIRMED|RSI_NOT_BELOW_32|CLOSE_NOT_NEAR_OR_BELOW_LOWER_BB|CLOSE_NOT_ABOVE_MA200|RSI_RECOVERY_NOT_CONFIRMED
2026-09-16T07:37:24.395516+00:00,SIE_OLD_MR_REGIME_EXHAUSTION_CONFIRM_V1,BNB,BNBUSDT,strategy-lab-v1.0.0:SIE_OLD_MR_REGIME_EXHAUSTION_CONFIRM_V1,1789401600000,2026-09-14T16:00:00+00:00,722.27,726.3,721.84,724.65,54.14165666266507,721.7785,716.4546544913447,732.9572499999999,3.466428571428545,0.004783590107539564,58.61321776814725,1.2499999999999918,False,TREND_SUPPORT_NOT_CONFIRMED|PLANNED_REWARD_TOO_LOW|RSI_NOT_BELOW_32|CLOSE_NOT_NEAR_OR_BELOW_LOWER_BB|CLOSE_NOT_ABOVE_MA200|RSI_RECOVERY_NOT_CONFIRMED
2026-09-16T07:37:24.395516+00:00,SIE_OLD_MR_REGIME_EXHAUSTION_CONFIRM_V1,BNB,BNBUSDT,strategy-lab-v1.0.0:SIE_OLD_MR_REGIME_EXHAUSTION_CONFIRM_V1,1789405200000,2026-09-14T17:00:00+00:00,724.64,726.88,723.84,726.08,60.369728480647076,722.0219999999999,716.3879868654725,732.7995,3.4307142857142594,0.00472498111188059,54.14165666266507,1.25,False,TREND_SUPPORT_NOT_CONFIRMED|RSI_NOT_BELOW_32|CLOSE_NOT_NEAR_OR_BELOW_LOWER_BB|CLOSE_NOT_ABOVE_MA200
2026-09-16T07:37:24.395516+00:00,SIE_OLD_MR_REGIME_EXHAUSTION_CONFIRM_V1,BNB,BNBUSDT,strategy-lab-v1.0.0:SIE_OLD_MR_REGIME_EXHAUSTION_CONFIRM_V1,1789408800000,2026-09-14T18:00:00+00:00,726.17,728.24,725.78,727.3,58.69957856712819,722.607,717.3442778906706,732.64705,3.3607142857142662,0.004620808862524772,60.369728480647076,1.2500000000000169,False,TREND_SUPPORT_NOT_CONFIRMED|RSI_NOT_BELOW_32|CLOSE_NOT_NEAR_OR_BELOW_LOWER_BB|CLOSE_NOT_ABOVE_MA200|RSI_RECOVERY_NOT_CONFIRMED
2026-09-16T07:37:24.395516+00:00,SIE_OLD_MR_REGIME_EXHAUSTION_CONFIRM_V1,BNB,BNBUSDT,strategy-lab-v1.0.0:SIE_OLD_MR_REGIME_EXHAUSTION_CONFIRM_V1,1789412400000,2026-09-14T19:00:00+00:00,726.98,726.98,724.97,725.49,52.362637362637415,723.0755,718.5961720370103,732.4848999999999,3.4049999999999727,0.004693379646859327,58.69957856712819,1.2499999999999833,False,TREND_SUPPORT_NOT_CONFIRMED|PLANNED_REWARD_TOO_LOW|RSI_NOT_BELOW_32|CLOSE_NOT_NEAR_OR_BELOW_LOWER_BB|CLOSE_NOT_ABOVE_MA200|RSI_RECOVERY_NOT_CONFIRMED
2026-09-16T07:37:24.395516+00:00,SIE_OLD_MR_REGIME_EXHAUSTION_CONFIRM_V1,BNB,BNBUSDT,strategy-lab-v1.0.0:SIE_OLD_MR_REGIME_EXHAUSTION_CONFIRM_V1,1789416000000,2026-09-14T20:00:00+00:00,725.28,733.51,725.28,726.73,58.88463641334064,723.4925,719.2914150210904,732.3421,3.704999999999976,0.005098179516464128,52.362637362637415,1.25,False,TREND_SUPPORT_NOT_CONFIRMED|RSI_NOT_BELOW_32|CLOSE_NOT_NEAR_OR_BELOW_LOWER_BB|CLOSE_NOT_ABOVE_MA200
2026-09-16T07:37:24.395516+00:00,SIE_OLD_MR_REGIME_EXHAUSTION_CONFIRM_V1,BNB,BNBUSDT,strategy-lab-v1.0.0:SIE_OLD_MR_REGIME_EXHAUSTION_CONFIRM_V1,1789419600000,2026-09-14T21:00:00+00:00,727.01,727.01,723.14,723.54,47.60273972602736,723.7095,719.9978832363755,732.2078,3.840714285714268,0.005308226615963552,58.88463641334064,1.2499999999999851,False,TREND_SUPPORT_NOT_CONFIRMED|PLANNED_REWARD_TOO_LOW|RSI_NOT_BELOW_32|CLOSE_NOT_NEAR_OR_BELOW_LOWER_BB|CLOSE_NOT_ABOVE_MA200|RSI_RECOVERY_NOT_CONFIRMED
2026-09-16T07:37:24.395516+00:00,SIE_OLD_MR_REGIME_EXHAUSTION_CONFIRM_V1,BNB,BNBUSDT,strategy-lab-v1.0.0:SIE_OLD_MR_REGIME_EXHAUSTION_CONFIRM_V1,1789423200000,2026-09-14T22:00:00+00:00,723.6,724.77,717.0,722.42,47.278911564625844,723.667,719.9169594668832,732.1114499999999,4.237142857142836,0.0058652070224285546,47.60273972602736,1.2499999999999933,False,TREND_SUPPORT_NOT_CONFIRMED|PLANNED_REWARD_TOO_LOW|RSI_NOT_BELOW_32|CLOSE_NOT_NEAR_OR_BELOW_LOWER_BB|CLOSE_NOT_ABOVE_MA200|RSI_RECOVERY_NOT_CONFIRMED
2026-09-16T07:37:24.395516+00:00,SIE_OLD_MR_REGIME_EXHAUSTION_CONFIRM_V1,BNB,BNBUSDT,strategy-lab-v1.0.0:SIE_OLD_MR_REGIME_EXHAUSTION_CONFIRM_V1,1789426800000,2026-09-14T23:00:00+00:00,722.26,722.55,719.36,720.52,40.364826941066404,723.5685,719.6026897423075,731.9833,4.008571428571405,0.0055634422758166395,47.278911564625844,1.250000000000007,False,TREND_SUPPORT_NOT_CONFIRMED|RSI_NOT_BELOW_32|CLOSE_NOT_NEAR_OR_BELOW_LOWER_BB|CLOSE_NOT_ABOVE_MA200|RSI_RECOVERY_NOT_CONFIRMED
2026-09-16T07:37:24.395516+00:00,SIE_OLD_MR_REGIME_EXHAUSTION_CONFIRM_V1,BNB,BNBUSDT,strategy-lab-v1.0.0:SIE_OLD_MR_REGIME_EXHAUSTION_CONFIRM_V1,1789430400000,2026-09-15T00:00:00+00:00,720.42,720.6,718.76,718.76,40.6500235515779,723.286,718.8260520182382,731.8391499999999,3.9671428571428384,0.005519426313571761,40.364826941066404,1.25,False,TREND_SUPPORT_NOT_CONFIRMED|RSI_NOT_BELOW_32|CLOSE_NOT_ABOVE_MA200|RSI_RECOVERY_NOT_CONFIRMED
2026-09-16T07:37:24.395516+00:00,SIE_OLD_MR_REGIME_EXHAUSTION_CONFIRM_V1,BNB,BNBUSDT,strategy-lab-v1.0.0:SIE_OLD_MR_REGIME_EXHAUSTION_CONFIRM_V1,1789434000000,2026-09-15T01:00:00+00:00,719.03,721.06,718.23,720.61,47.549909255898285,723.085,718.5242478690437,731.7016500000001,3.994285714285695,0.005542922960111149,40.6500235515779,1.2500000000000142,False,TREND_SUPPORT_NOT_CONFIRMED|RSI_NOT_BELOW_32|CLOSE_NOT_NEAR_OR_BELOW_LOWER_BB|CLOSE_NOT_ABOVE_MA200
2026-09-16T07:37:24.395516+00:00,SIE_OLD_MR_REGIME_EXHAUSTION_CONFIRM_V1,BNB,BNBUSDT,strategy-lab-v1.0.0:SIE_OLD_MR_REGIME_EXHAUSTION_CONFIRM_V1,1789437600000,2026-09-15T02:00:00+00:00,720.39,722.2,719.9,721.36,53.450737743931576,722.979,718.361702522035,731.5603,3.923571428571417,0.005439130848080593,47.549909255898285,1.25,False,TREND_SUPPORT_NOT_CONFIRMED|RSI_NOT_BELOW_32|CLOSE_NOT_NEAR_OR_BELOW_LOWER_BB|CLOSE_NOT_ABOVE_MA200
2026-09-16T07:37:24.395516+00:00,SIE_OLD_MR_REGIME_EXHAUSTION_CONFIRM_V1,BNB,BNBUSDT,strategy-lab-v1.0.0:SIE_OLD_MR_REGIME_EXHAUSTION_CONFIRM_V1,1789441200000,2026-09-15T03:00:00+00:00,721.49,722.26,718.96,721.15,50.29850746268657,722.8105,718.1844888672828,731.4218000000001,3.7107142857142645,0.005145551252463794,53.450737743931576,1.2500000000000075,False,TREND_SUPPORT_NOT_CONFIRMED|RSI_NOT_BELOW_32|CLOSE_NOT_NEAR_OR_BELOW_LOWER_BB|CLOSE_NOT_ABOVE_MA200|RSI_RECOVERY_NOT_CONFIRMED
2026-09-16T07:37:24.395516+00:00,SIE_OLD_MR_REGIME_EXHAUSTION_CONFIRM_V1,BNB,BNBUSDT,strategy-lab-v1.0.0:SIE_OLD_MR_REGIME_EXHAUSTION_CONFIRM_V1,1789444800000,2026-09-15T04:00:00+00:00,721.0,721.54,719.87,720.51,47.08810353409667,722.659,717.9409287839177,731.26825,3.5685714285714067,0.004952840944013833,50.29850746268657,1.25,False,TREND_SUPPORT_NOT_CONFIRMED|RSI_NOT_BELOW_32|CLOSE_NOT_NEAR_OR_BELOW_LOWER_BB|CLOSE_NOT_ABOVE_MA200|RSI_RECOVERY_NOT_CONFIRMED
2026-09-16T07:37:24.395516+00:00,SIE_OLD_MR_REGIME_EXHAUSTION_CONFIRM_V1,BNB,BNBUSDT,strategy-lab-v1.0.0:SIE_OLD_MR_REGIME_EXHAUSTION_CONFIRM_V1,1789448400000,2026-09-15T05:00:00+00:00,720.73,722.05,718.4,722.05,49.211657907309984,722.5295,717.894586947954,731.1215000000001,3.638571428571408,0.005039223639043568,47.08810353409667,1.2499999999999845,False,TREND_SUPPORT_NOT_CONFIRMED|PLANNED_REWARD_TOO_LOW|RSI_NOT_BELOW_32|CLOSE_NOT_NEAR_OR_BELOW_LOWER_BB|CLOSE_NOT_ABOVE_MA200
2026-09-16T07:37:24.395516+00:00,SIE_OLD_MR_REGIME_EXHAUSTION_CONFIRM_V1,BNB,BNBUSDT,strategy-lab-v1.0.0:SIE_OLD_MR_REGIME_EXHAUSTION_CONFIRM_V1,1789452000000,2026-09-15T06:00:00+00:00,721.98,723.27,717.46,718.32,35.86422510049137,722.309,717.3266435294103,730.95795,3.7349999999999812,0.005199632475776786,49.211657907309984,1.2500000000000075,False,TREND_SUPPORT_NOT_CONFIRMED|RSI_NOT_BELOW_32|CLOSE_NOT_NEAR_OR_BELOW_LOWER_BB|CLOSE_NOT_ABOVE_MA200|RSI_RECOVERY_NOT_CONFIRMED
2026-09-16T07:37:24.395516+00:00,SIE_OLD_MR_REGIME_EXHAUSTION_CONFIRM_V1,BNB,BNBUSDT,strategy-lab-v1.0.0:SIE_OLD_MR_REGIME_EXHAUSTION_CONFIRM_V1,1789455600000,2026-09-15T07:00:00+00:00,718.53,719.0,714.43,714.43,26.559356136820654,721.946,715.8932406292643,730.7657,3.8442857142857014,0.005380913055562759,35.86422510049137,1.2499999999999851,False,TREND_SUPPORT_NOT_CONFIRMED|PLANNED_REWARD_TOO_LOW|CLOSE_NOT_ABOVE_MA200|RSI_RECOVERY_NOT_CONFIRMED
2026-09-16T07:37:24.395516+00:00,SIE_OLD_MR_REGIME_EXHAUSTION_CONFIRM_V1,BNB,BNBUSDT,strategy-lab-v1.0.0:SIE_OLD_MR_REGIME_EXHAUSTION_CONFIRM_V1,1789459200000,2026-09-15T08:00:00+00:00,714.49,717.22,713.75,717.13,30.68742878845434,721.807,715.4533928355595,730.5994999999999,3.916428571428558,0.005461253289401584,26.559356136820654,1.2500000000000073,False,TREND_SUPPORT_NOT_CONFIRMED|CLOSE_NOT_NEAR_OR_BELOW_LOWER_BB|CLOSE_NOT_ABOVE_MA200
2026-09-16T07:37:24.395516+00:00,SIE_OLD_MR_REGIME_EXHAUSTION_CONFIRM_V1,BNB,BNBUSDT,strategy-lab-v1.0.0:SIE_OLD_MR_REGIME_EXHAUSTION_CONFIRM_V1,1789462800000,2026-09-15T09:00:00+00:00,716.98,718.29,716.49,717.58,34.16099319183034,721.6345,715.02374671463,730.4453500000001,3.878571428571417,0.005405071808817716,30.68742878845434,1.25,False,TREND_SUPPORT_NOT_CONFIRMED|RSI_NOT_BELOW_32|CLOSE_NOT_NEAR_OR_BELOW_LOWER_BB|CLOSE_NOT_ABOVE_MA200
2026-09-16T07:37:24.395516+00:00,SIE_OLD_MR_REGIME_EXHAUSTION_CONFIRM_V1,BNB,BNBUSDT,strategy-lab-v1.0.0:SIE_OLD_MR_REGIME_EXHAUSTION_CONFIRM_V1,1789466400000,2026-09-15T10:00:00+00:00,717.45,719.96,717.25,719.69,36.37770897832832,721.535,714.8702974559976,730.303,3.484285714285704,0.004841370193118848,34.16099319183034,1.25,False,TREND_SUPPORT_NOT_CONFIRMED|RSI_NOT_BELOW_32|CLOSE_NOT_NEAR_OR_BELOW_LOWER_BB|CLOSE_NOT_ABOVE_MA200
2026-09-16T07:37:24.395516+00:00,SIE_OLD_MR_REGIME_EXHAUSTION_CONFIRM_V1,BNB,BNBUSDT,strategy-lab-v1.0.0:SIE_OLD_MR_REGIME_EXHAUSTION_CONFIRM_V1,1789470000000,2026-09-15T11:00:00+00:00,719.57,720.0,717.16,718.74,39.830508474576426,721.3530000000001,714.5924257640321,730.1668,3.4107142857142776,0.00474540763796961,36.37770897832832,1.25,False,TREND_SUPPORT_NOT_CONFIRMED|RSI_NOT_BELOW_32|CLOSE_NOT_NEAR_OR_BELOW_LOWER_BB|CLOSE_NOT_ABOVE_MA200|RSI_RECOVERY_NOT_CONFIRMED
2026-09-16T07:37:24.395516+00:00,SIE_OLD_MR_REGIME_EXHAUSTION_CONFIRM_V1,BNB,BNBUSDT,strategy-lab-v1.0.0:SIE_OLD_MR_REGIME_EXHAUSTION_CONFIRM_V1,1789473600000,2026-09-15T12:00:00+00:00,718.7,721.29,717.82,720.48,45.99504541701088,721.1445000000001,714.548299654344,730.0364,3.1035714285714158,0.004307644110275672,39.830508474576426,1.249999999999991,False,TREND_SUPPORT_NOT_CONFIRMED|PLANNED_REWARD_TOO_LOW|RSI_NOT_BELOW_32|CLOSE_NOT_NEAR_OR_BELOW_LOWER_BB|CLOSE_NOT_ABOVE_MA200
2026-09-16T07:37:24.395516+00:00,SIE_OLD_MR_REGIME_EXHAUSTION_CONFIRM_V1,BNB,BNBUSDT,strategy-lab-v1.0.0:SIE_OLD_MR_REGIME_EXHAUSTION_CONFIRM_V1,1789477200000,2026-09-15T13:00:00+00:00,720.26,721.9,714.8,720.03,48.924022837066296,720.842,714.6355175823953,729.8947000000001,3.382857142857136,0.004698216939373548,45.99504541701088,1.25,False,TREND_SUPPORT_NOT_CONFIRMED|RSI_NOT_BELOW_32|CLOSE_NOT_NEAR_OR_BELOW_LOWER_BB|CLOSE_NOT_ABOVE_MA200|RSI_RECOVERY_NOT_CONFIRMED
2026-09-16T07:37:24.395516+00:00,SIE_OLD_MR_REGIME_EXHAUSTION_CONFIRM_V1,BNB,BNBUSDT,strategy-lab-v1.0.0:SIE_OLD_MR_REGIME_EXHAUSTION_CONFIRM_V1,1789480800000,2026-09-15T14:00:00+00:00,720.24,721.09,711.0,715.32,43.312597200622236,720.243,714.3402409840787,729.7451000000001,3.97214285714285,0.005552959314911997,48.924022837066296,1.25,False,TREND_SUPPORT_NOT_CONFIRMED|RSI_NOT_BELOW_32|CLOSE_NOT_NEAR_OR_BELOW_LOWER_BB|CLOSE_NOT_ABOVE_MA200|RSI_RECOVERY_NOT_CONFIRMED
2026-09-16T07:37:24.395516+00:00,SIE_OLD_MR_REGIME_EXHAUSTION_CONFIRM_V1,BNB,BNBUSDT,strategy-lab-v1.0.0:SIE_OLD_MR_REGIME_EXHAUSTION_CONFIRM_V1,1789484400000,2026-09-15T15:00:00+00:00,715.68,719.28,714.24,717.91,44.89795918367339,719.864,714.4004502381655,729.61625,4.1299999999999955,0.005752810240837982,43.312597200622236,1.2500000000000069,False,TREND_SUPPORT_NOT_CONFIRMED|RSI_NOT_BELOW_32|CLOSE_NOT_NEAR_OR_BELOW_LOWER_BB|CLOSE_NOT_ABOVE_MA200
2026-09-16T07:37:24.395516+00:00,SIE_OLD_MR_REGIME_EXHAUSTION_CONFIRM_V1,BNB,BNBUSDT,strategy-lab-v1.0.0:SIE_OLD_MR_REGIME_EXHAUSTION_CONFIRM_V1,1789488000000,2026-09-15T16:00:00+00:00,718.25,720.26,715.63,719.03,45.65784569511734,719.479,715.0104212550248,729.48645,4.296428571428562,0.0059753119778431524,44.89795918367339,1.2500000000000133,False,TREND_SUPPORT_NOT_CONFIRMED|RSI_NOT_BELOW_32|CLOSE_NOT_NEAR_OR_BELOW_LOWER_BB|CLOSE_NOT_ABOVE_MA200
2026-09-16T07:37:24.395516+00:00,SIE_OLD_MR_REGIME_EXHAUSTION_CONFIRM_V1,BNB,BNBUSDT,strategy-lab-v1.0.0:SIE_OLD_MR_REGIME_EXHAUSTION_CONFIRM_V1,1789491600000,2026-09-15T17:00:00+00:00,719.07,724.32,716.99,722.29,51.90763052208834,719.4165,715.1463043370304,729.3847999999999,4.584285714285711,0.006346876897486759,45.65784569511734,1.25,False,TREND_SUPPORT_NOT_CONFIRMED|RSI_NOT_BELOW_32|CLOSE_NOT_NEAR_OR_BELOW_LOWER_BB|CLOSE_NOT_ABOVE_MA200
2026-09-16T07:37:24.395516+00:00,SIE_OLD_MR_REGIME_EXHAUSTION_CONFIRM_V1,BNB,BNBUSDT,strategy-lab-v1.0.0:SIE_OLD_MR_REGIME_EXHAUSTION_CONFIRM_V1,1789495200000,2026-09-15T18:00:00+00:00,722.32,724.54,706.48,718.06,46.34000597550038,719.1985,715.1231728965583,729.25705,5.7549999999999955,0.008014650586301974,51.90763052208834,1.2500000000000049,False,TREND_SUPPORT_NOT_CONFIRMED|RSI_NOT_BELOW_32|CLOSE_NOT_NEAR_OR_BELOW_LOWER_BB|CLOSE_NOT_ABOVE_MA200|RSI_RECOVERY_NOT_CONFIRMED
2026-09-16T07:37:24.395516+00:00,SIE_OLD_MR_REGIME_EXHAUSTION_CONFIRM_V1,BNB,BNBUSDT,strategy-lab-v1.0.0:SIE_OLD_MR_REGIME_EXHAUSTION_CONFIRM_V1,1789498800000,2026-09-15T19:00:00+00:00,717.12,722.0,716.97,718.79,45.009185548071066,719.1120000000001,715.0793254532449,729.1267,5.853571428571423,0.008143646167269194,46.34000597550038,1.2499999999999951,False,TREND_SUPPORT_NOT_CONFIRMED|PLANNED_REWARD_TOO_LOW|RSI_NOT_BELOW_32|CLOSE_NOT_NEAR_OR_BELOW_LOWER_BB|CLOSE_NOT_ABOVE_MA200|RSI_RECOVERY_NOT_CONFIRMED
2026-09-16T07:37:24.395516+00:00,SIE_OLD_MR_REGIME_EXHAUSTION_CONFIRM_V1,BNB,BNBUSDT,strategy-lab-v1.0.0:SIE_OLD_MR_REGIME_EXHAUSTION_CONFIRM_V1,1789502400000,2026-09-15T20:00:00+00:00,719.28,719.99,711.8,714.78,44.62659380692159,718.913,714.4596277945755,728.9657,6.023571428571431,0.008427168399467572,45.009185548071066,1.2499999999999953,False,TREND_SUPPORT_NOT_CONFIRMED|PLANNED_REWARD_TOO_LOW|RSI_NOT_BELOW_32|CLOSE_NOT_ABOVE_MA200|RSI_RECOVERY_NOT_CONFIRMED
2026-09-16T07:37:24.395516+00:00,SIE_OLD_MR_REGIME_EXHAUSTION_CONFIRM_V1,BNB,BNBUSDT,strategy-lab-v1.0.0:SIE_OLD_MR_REGIME_EXHAUSTION_CONFIRM_V1,1789506000000,2026-09-15T21:00:00+00:00,714.77,714.96,710.27,710.86,44.5859872611466,718.4255,712.8329961779137,728.79345,6.03214285714286,0.0084856974047532,44.62659380692159,1.25,False,TREND_SUPPORT_NOT_CONFIRMED|RSI_NOT_BELOW_32|CLOSE_NOT_ABOVE_MA200|RSI_RECOVERY_NOT_CONFIRMED
2026-09-16T07:37:24.395516+00:00,SIE_OLD_MR_REGIME_EXHAUSTION_CONFIRM_V1,BNB,BNBUSDT,strategy-lab-v1.0.0:SIE_OLD_MR_REGIME_EXHAUSTION_CONFIRM_V1,1789509600000,2026-09-15T22:00:00+00:00,710.73,714.0,708.41,712.84,43.34883720930239,717.9995,712.0777182579858,728.64065,6.183571428571432,0.008674557303983267,44.5859872611466,1.249999999999991,False,TREND_SUPPORT_NOT_CONFIRMED|PLANNED_REWARD_TOO_LOW|RSI_NOT_BELOW_32|CLOSE_NOT_NEAR_OR_BELOW_LOWER_BB|CLOSE_NOT_ABOVE_MA200|RSI_RECOVERY_NOT_CONFIRMED
2026-09-16T07:37:24.395516+00:00,SIE_OLD_MR_REGIME_EXHAUSTION_CONFIRM_V1,BNB,BNBUSDT,strategy-lab-v1.0.0:SIE_OLD_MR_REGIME_EXHAUSTION_CONFIRM_V1,1789513200000,2026-09-15T23:00:00+00:00,712.99,714.95,711.5,711.67,41.037306642402065,717.5255,711.1854543376994,728.5268,6.301428571428581,0.008854424903998457,43.34883720930239,1.2499999999999956,False,TREND_SUPPORT_NOT_CONFIRMED|PLANNED_REWARD_TOO_LOW|RSI_NOT_BELOW_32|CLOSE_NOT_ABOVE_MA200|RSI_RECOVERY_NOT_CONFIRMED
2026-09-16T07:37:24.395516+00:00,SIE_OLD_MR_REGIME_EXHAUSTION_CONFIRM_V1,BNB,BNBUSDT,strategy-lab-v1.0.0:SIE_OLD_MR_REGIME_EXHAUSTION_CONFIRM_V1,1789516800000,2026-09-16T00:00:00+00:00,711.6,715.49,711.37,713.66,40.821917808219055,717.183,710.7850375118278,728.3964500000001,6.402142857142865,0.008970858472021502,41.037306642402065,1.2499999999999956,False,TREND_SUPPORT_NOT_CONFIRMED|PLANNED_REWARD_TOO_LOW|RSI_NOT_BELOW_32|CLOSE_NOT_NEAR_OR_BELOW_LOWER_BB|CLOSE_NOT_ABOVE_MA200|RSI_RECOVERY_NOT_CONFIRMED
2026-09-16T07:37:24.395516+00:00,SIE_OLD_MR_REGIME_EXHAUSTION_CONFIRM_V1,BNB,BNBUSDT,strategy-lab-v1.0.0:SIE_OLD_MR_REGIME_EXHAUSTION_CONFIRM_V1,1789520400000,2026-09-16T01:00:00+00:00,713.37,714.46,708.34,708.38,36.06777837547064,716.4995,709.4407282229794,728.23525,6.636428571428577,0.009368458414168352,40.821917808219055,1.2499999999999958,False,TREND_SUPPORT_NOT_CONFIRMED|PLANNED_REWARD_TOO_LOW|RSI_NOT_BELOW_32|CLOSE_NOT_ABOVE_MA200|RSI_RECOVERY_NOT_CONFIRMED
2026-09-16T07:37:24.395516+00:00,SIE_OLD_MR_REGIME_EXHAUSTION_CONFIRM_V1,BNB,BNBUSDT,strategy-lab-v1.0.0:SIE_OLD_MR_REGIME_EXHAUSTION_CONFIRM_V1,1789524000000,2026-09-16T02:00:00+00:00,708.61,714.33,707.95,712.55,39.98990154001505,716.211,709.0033515623982,728.09955,6.844285714285726,0.00960534097857796,36.06777837547064,1.2500000000000042,False,TREND_SUPPORT_NOT_CONFIRMED|RSI_NOT_BELOW_32|CLOSE_NOT_NEAR_OR_BELOW_LOWER_BB|CLOSE_NOT_ABOVE_MA200
2026-09-16T07:37:24.395516+00:00,SIE_OLD_MR_REGIME_EXHAUSTION_CONFIRM_V1,BNB,BNBUSDT,strategy-lab-v1.0.0:SIE_OLD_MR_REGIME_EXHAUSTION_CONFIRM_V1,1789527600000,2026-09-16T03:00:00+00:00,712.56,715.31,712.56,713.86,42.37706943414878,716.1825,708.9424727210413,727.96095,6.534285714285724,0.009153455459453848,39.98990154001505,1.2500000000000087,False,TREND_SUPPORT_NOT_CONFIRMED|RSI_NOT_BELOW_32|CLOSE_NOT_NEAR_OR_BELOW_LOWER_BB|CLOSE_NOT_ABOVE_MA200
2026-09-16T07:37:24.395516+00:00,SIE_OLD_MR_REGIME_EXHAUSTION_CONFIRM_V1,BNB,BNBUSDT,strategy-lab-v1.0.0:SIE_OLD_MR_REGIME_EXHAUSTION_CONFIRM_V1,1789531200000,2026-09-16T04:00:00+00:00,714.0,715.78,713.46,714.89,49.41560206577866,716.0705,708.8232674937211,727.8361499999999,5.979285714285717,0.00836392412019432,42.37706943414878,1.2499999999999953,False,TREND_SUPPORT_NOT_CONFIRMED|PLANNED_REWARD_TOO_LOW|RSI_NOT_BELOW_32|CLOSE_NOT_NEAR_OR_BELOW_LOWER_BB|CLOSE_NOT_ABOVE_MA200
2026-09-16T07:37:24.395516+00:00,SIE_OLD_MR_REGIME_EXHAUSTION_CONFIRM_V1,BNB,BNBUSDT,strategy-lab-v1.0.0:SIE_OLD_MR_REGIME_EXHAUSTION_CONFIRM_V1,1789534800000,2026-09-16T05:00:00+00:00,714.48,715.35,712.77,714.78,45.438647624599255,715.9304999999999,708.697150913991,727.7144499999999,5.803571428571437,0.008119381388079461,49.41560206577866,1.2500000000000049,False,TREND_SUPPORT_NOT_CONFIRMED|RSI_NOT_BELOW_32|CLOSE_NOT_NEAR_OR_BELOW_LOWER_BB|CLOSE_NOT_ABOVE_MA200|RSI_RECOVERY_NOT_CONFIRMED
2026-09-16T07:37:24.395516+00:00,SIE_OLD_MR_REGIME_EXHAUSTION_CONFIRM_V1,BNB,BNBUSDT,strategy-lab-v1.0.0:SIE_OLD_MR_REGIME_EXHAUSTION_CONFIRM_V1,1789538400000,2026-09-16T06:00:00+00:00,714.96,714.96,711.36,713.75,42.28521332554067,715.6335,708.5558838052584,727.5917,5.73000000000001,0.008028021015761836,45.438647624599255,1.25,False,TREND_SUPPORT_NOT_CONFIRMED|RSI_NOT_BELOW_32|CLOSE_NOT_NEAR_OR_BELOW_LOWER_BB|CLOSE_NOT_ABOVE_MA200|RSI_RECOVERY_NOT_CONFIRMED
2026-09-16T07:37:24.395516+00:00,SIE_OLD_MR_REGIME_EXHAUSTION_CONFIRM_V1,BNB,BNBUSDT,strategy-lab-v1.0.0:SIE_OLD_MR_REGIME_EXHAUSTION_CONFIRM_V1,1789542000000,2026-09-16T07:00:00+00:00,713.68,714.27,711.62,711.86,34.12480974124817,715.2895000000001,708.1805550009112,727.4522000000001,5.395714285714291,0.007579740799755979,42.28521332554067,1.2500000000000053,False,TREND_SUPPORT_NOT_CONFIRMED|RSI_NOT_BELOW_32|CLOSE_NOT_NEAR_OR_BELOW_LOWER_BB|CLOSE_NOT_ABOVE_MA200|RSI_RECOVERY_NOT_CONFIRMED
2026-09-16T07:37:24.395516+00:00,SIE_OLD_MR_REGIME_EXHAUSTION_CONFIRM_V1,PAXG,PAXGUSDT,strategy-lab-v1.0.0:SIE_OLD_MR_REGIME_EXHAUSTION_CONFIRM_V1,1789326000000,2026-09-13T19:00:00+00:00,4352.96,4356.38,4347.03,4349.23,39.743231928550436,4352.928,4346.819004665199,4386.5517,4.480000000000018,0.0010300673912393731,44.904358733144804,1.25,False,TREND_SUPPORT_NOT_CONFIRMED|RSI_NOT_BELOW_32|CLOSE_NOT_NEAR_OR_BELOW_LOWER_BB|CLOSE_NOT_ABOVE_MA200|RSI_RECOVERY_NOT_CONFIRMED
2026-09-16T07:37:24.395516+00:00,SIE_OLD_MR_REGIME_EXHAUSTION_CONFIRM_V1,PAXG,PAXGUSDT,strategy-lab-v1.0.0:SIE_OLD_MR_REGIME_EXHAUSTION_CONFIRM_V1,1789329600000,2026-09-13T20:00:00+00:00,4348.18,4349.38,4339.28,4347.98,39.9326977005038,4352.58,4346.182944427267,4386.1256,5.07857142857152,0.0011680300803066069,39.743231928550436,1.2499999999999551,False,TREND_SUPPORT_NOT_CONFIRMED|PLANNED_REWARD_TOO_LOW|RSI_NOT_BELOW_32|CLOSE_NOT_NEAR_OR_BELOW_LOWER_BB|CLOSE_NOT_ABOVE_MA200|RSI_RECOVERY_NOT_CONFIRMED
2026-09-16T07:37:24.395516+00:00,SIE_OLD_MR_REGIME_EXHAUSTION_CONFIRM_V1,PAXG,PAXGUSDT,strategy-lab-v1.0.0:SIE_OLD_MR_REGIME_EXHAUSTION_CONFIRM_V1,1789333200000,2026-09-13T21:00:00+00:00,4347.93,4349.38,4329.6,4332.35,27.537649129668964,4351.5405,4340.659877821069,4385.62995,6.35071428571434,0.0014658820930244186,39.9326977005038,1.2500000000000715,False,TREND_SUPPORT_NOT_CONFIRMED|CLOSE_NOT_ABOVE_MA200|RSI_RECOVERY_NOT_CONFIRMED
2026-09-16T07:37:24.395516+00:00,SIE_OLD_MR_REGIME_EXHAUSTION_CONFIRM_V1,PAXG,PAXGUSDT,strategy-lab-v1.0.0:SIE_OLD_MR_REGIME_EXHAUSTION_CONFIRM_V1,1789336800000,2026-09-13T22:00:00+00:00,4337.58,4344.1,4331.15,4344.1,41.18303571428578,4350.93,4339.820558969927,4385.19605,7.174285714285816,0.0016515010506861754,27.537649129668964,1.25,False,TREND_SUPPORT_NOT_CONFIRMED|RSI_NOT_BELOW_32|CLOSE_NOT_NEAR_OR_BELOW_LOWER_BB|CLOSE_NOT_ABOVE_MA200
2026-09-16T07:37:24.395516+00:00,SIE_OLD_MR_REGIME_EXHAUSTION_CONFIRM_V1,PAXG,PAXGUSDT,strategy-lab-v1.0.0:SIE_OLD_MR_REGIME_EXHAUSTION_CONFIRM_V1,1789340400000,2026-09-13T23:00:00+00:00,4344.48,4344.76,4333.47,4333.47,36.87892632781225,4349.8189999999995,4336.593222291272,4384.6982,7.6971428571429374,0.001776207717404975,41.18303571428578,1.250000000000059,False,TREND_SUPPORT_NOT_CONFIRMED|RSI_NOT_BELOW_32|CLOSE_NOT_ABOVE_MA200|RSI_RECOVERY_NOT_CONFIRMED
2026-09-16T07:37:24.395516+00:00,SIE_OLD_MR_REGIME_EXHAUSTION_CONFIRM_V1,PAXG,PAXGUSDT,strategy-lab-v1.0.0:SIE_OLD_MR_REGIME_EXHAUSTION_CONFIRM_V1,1789344000000,2026-09-14T00:00:00+00:00,4334.87,4348.01,4331.87,4338.71,42.12310195227746,4348.9295,4335.236027869065,4384.21165,8.64928571428579,0.0019935155182728946,36.87892632781225,1.2500000000000526,False,TREND_SUPPORT_NOT_CONFIRMED|RSI_NOT_BELOW_32|CLOSE_NOT_NEAR_OR_BELOW_LOWER_BB|CLOSE_NOT_ABOVE_MA200
2026-09-16T07:37:24.395516+00:00,SIE_OLD_MR_REGIME_EXHAUSTION_CONFIRM_V1,PAXG,PAXGUSDT,strategy-lab-v1.0.0:SIE_OLD_MR_REGIME_EXHAUSTION_CONFIRM_V1,1789347600000,2026-09-14T01:00:00+00:00,4338.59,4356.0,4329.6,4352.17,49.72915685350915,4348.709,4335.378177219664,4383.7962,10.182142857142935,0.0023395554073354064,42.12310195227746,1.2499999999999776,False,TREND_SUPPORT_NOT_CONFIRMED|PLANNED_REWARD_TOO_LOW|RSI_NOT_BELOW_32|CLOSE_NOT_NEAR_OR_BELOW_LOWER_BB|CLOSE_NOT_ABOVE_MA200
2026-09-16T07:37:24.395516+00:00,SIE_OLD_MR_REGIME_EXHAUSTION_CONFIRM_V1,PAXG,PAXGUSDT,strategy-lab-v1.0.0:SIE_OLD_MR_REGIME_EXHAUSTION_CONFIRM_V1,1789351200000,2026-09-14T02:00:00+00:00,4355.18,4357.49,4331.99,4331.99,41.08776026464245,4347.5505,4332.7206564741655,4383.27925,11.624285714285763,0.0026833593139147975,49.72915685350915,1.25,False,TREND_SUPPORT_NOT_CONFIRMED|RSI_NOT_BELOW_32|CLOSE_NOT_ABOVE_MA200|RSI_RECOVERY_NOT_CONFIRMED
2026-09-16T07:37:24.395516+00:00,SIE_OLD_MR_REGIME_EXHAUSTION_CONFIRM_V1,PAXG,PAXGUSDT,strategy-lab-v1.0.0:SIE_OLD_MR_REGIME_EXHAUSTION_CONFIRM_V1,1789354800000,2026-09-14T03:00:00+00:00,4333.12,4338.83,4330.61,4333.62,41.77324742763734,4346.4655,4330.910626197851,4382.77475,12.026428571428628,0.0027751460837426053,41.08776026464245,1.2500000000000189,False,TREND_SUPPORT_NOT_CONFIRMED|RSI_NOT_BELOW_32|CLOSE_NOT_NEAR_OR_BELOW_LOWER_BB|CLOSE_NOT_ABOVE_MA200
2026-09-16T07:37:24.395516+00:00,SIE_OLD_MR_REGIME_EXHAUSTION_CONFIRM_V1,PAXG,PAXGUSDT,strategy-lab-v1.0.0:SIE_OLD_MR_REGIME_EXHAUSTION_CONFIRM_V1,1789358400000,2026-09-14T04:00:00+00:00,4333.73,4334.34,4327.79,4334.01,43.06770168025954,4345.407999999999,4329.489774470727,4382.28045,12.068571428571497,0.0027846201159137836,41.77324742763734,1.25,False,TREND_SUPPORT_NOT_CONFIRMED|RSI_NOT_BELOW_32|CLOSE_NOT_NEAR_OR_BELOW_LOWER_BB|CLOSE_NOT_ABOVE_MA200
2026-09-16T07:37:24.395516+00:00,SIE_OLD_MR_REGIME_EXHAUSTION_CONFIRM_V1,PAXG,PAXGUSDT,strategy-lab-v1.0.0:SIE_OLD_MR_REGIME_EXHAUSTION_CONFIRM_V1,1789362000000,2026-09-14T05:00:00+00:00,4332.75,4340.69,4330.41,4340.69,47.77714718123309,4344.85,4329.092573814204,4381.8085,12.34500000000006,0.0028440178865572203,43.06770168025954,1.2500000000000184,False,TREND_SUPPORT_NOT_CONFIRMED|RSI_NOT_BELOW_32|CLOSE_NOT_NEAR_OR_BELOW_LOWER_BB|CLOSE_NOT_ABOVE_MA200
2026-09-16T07:37:24.395516+00:00,SIE_OLD_MR_REGIME_EXHAUSTION_CONFIRM_V1,PAXG,PAXGUSDT,strategy-lab-v1.0.0:SIE_OLD_MR_REGIME_EXHAUSTION_CONFIRM_V1,1789365600000,2026-09-14T06:00:00+00:00,4341.67,4341.67,4323.76,4325.06,36.197424119607334,4343.586499999999,4325.859867747909,4381.2671,12.887142857142928,0.0029796448736301756,47.77714718123309,1.2500000000000175,False,TREND_SUPPORT_NOT_CONFIRMED|RSI_NOT_BELOW_32|CLOSE_NOT_ABOVE_MA200|RSI_RECOVERY_NOT_CONFIRMED
2026-09-16T07:37:24.395516+00:00,SIE_OLD_MR_REGIME_EXHAUSTION_CONFIRM_V1,PAXG,PAXGUSDT,strategy-lab-v1.0.0:SIE_OLD_MR_REGIME_EXHAUSTION_CONFIRM_V1,1789369200000,2026-09-14T07:00:00+00:00,4322.39,4328.01,4312.25,4315.33,34.27426232304266,4341.7215,4320.658509447828,4380.68215,13.730714285714384,0.0031818457188012004,36.197424119607334,1.2499999999999833,False,TREND_SUPPORT_NOT_CONFIRMED|PLANNED_REWARD_TOO_LOW|RSI_NOT_BELOW_32|CLOSE_NOT_ABOVE_MA200|RSI_RECOVERY_NOT_CONFIRMED
2026-09-16T07:37:24.395516+00:00,SIE_OLD_MR_REGIME_EXHAUSTION_CONFIRM_V1,PAXG,PAXGUSDT,strategy-lab-v1.0.0:SIE_OLD_MR_REGIME_EXHAUSTION_CONFIRM_V1,1789372800000,2026-09-14T08:00:00+00:00,4316.06,4321.83,4308.77,4313.89,33.273839877613455,4339.9005,4316.014281818779,4380.0875,14.520714285714348,0.003366037215996316,34.27426232304266,1.25,False,TREND_SUPPORT_NOT_CONFIRMED|RSI_NOT_BELOW_32|CLOSE_NOT_ABOVE_MA200|RSI_RECOVERY_NOT_CONFIRMED
2026-09-16T07:37:24.395516+00:00,SIE_OLD_MR_REGIME_EXHAUSTION_CONFIRM_V1,PAXG,PAXGUSDT,strategy-lab-v1.0.0:SIE_OLD_MR_REGIME_EXHAUSTION_CONFIRM_V1,1789376400000,2026-09-14T09:00:00+00:00,4313.23,4314.15,4285.35,4291.95,28.87594040418935,4336.9615,4305.778251115367,4379.3886,15.909999999999984,0.0037069397360174243,33.273839877613455,1.25,False,TREND_SUPPORT_NOT_CONFIRMED|CLOSE_NOT_ABOVE_MA200|RSI_RECOVERY_NOT_CONFIRMED
2026-09-16T07:37:24.395516+00:00,SIE_OLD_MR_REGIME_EXHAUSTION_CONFIRM_V1,PAXG,PAXGUSDT,strategy-lab-v1.0.0:SIE_OLD_MR_REGIME_EXHAUSTION_CONFIRM_V1,1789380000000,2026-09-14T10:00:00+00:00,4292.43,4302.75,4289.51,4301.96,34.05847304974374,4334.653499999999,4300.430611007382,4378.7413,16.134285714285657,0.0037504499610144346,28.87594040418935,1.249999999999986,False,TREND_SUPPORT_NOT_CONFIRMED|PLANNED_REWARD_TOO_LOW|RSI_NOT_BELOW_32|CLOSE_NOT_ABOVE_MA200
2026-09-16T07:37:24.395516+00:00,SIE_OLD_MR_REGIME_EXHAUSTION_CONFIRM_V1,PAXG,PAXGUSDT,strategy-lab-v1.0.0:SIE_OLD_MR_REGIME_EXHAUSTION_CONFIRM_V1,1789383600000,2026-09-14T11:00:00+00:00,4302.4,4304.53,4292.47,4293.48,35.83351556235854,4332.057999999999,4293.844696243309,4378.0441,15.582857142857067,0.0036294234846458045,34.05847304974374,1.25,False,TREND_SUPPORT_NOT_CONFIRMED|RSI_NOT_BELOW_32|CLOSE_NOT_ABOVE_MA200|RSI_RECOVERY_NOT_CONFIRMED
2026-09-16T07:37:24.395516+00:00,SIE_OLD_MR_REGIME_EXHAUSTION_CONFIRM_V1,PAXG,PAXGUSDT,strategy-lab-v1.0.0:SIE_OLD_MR_REGIME_EXHAUSTION_CONFIRM_V1,1789387200000,2026-09-14T12:00:00+00:00,4296.16,4300.68,4275.0,4279.12,26.759656652360377,4328.2285,4285.214557481311,4377.27995,16.49214285714275,0.003854096836999839,35.83351556235854,1.2500000000000138,False,TREND_SUPPORT_NOT_CONFIRMED|CLOSE_NOT_ABOVE_MA200|RSI_RECOVERY_NOT_CONFIRMED
2026-09-16T07:37:24.395516+00:00,SIE_OLD_MR_REGIME_EXHAUSTION_CONFIRM_V1,PAXG,PAXGUSDT,strategy-lab-v1.0.0:SIE_OLD_MR_REGIME_EXHAUSTION_CONFIRM_V1,1789390800000,2026-09-14T13:00:00+00:00,4278.8,4289.17,4264.5,4279.56,29.202993596173286,4324.596,4278.16194852911,4376.51305,17.447857142857043,0.004077021269209227,26.759656652360377,1.249999999999974,False,TREND_SUPPORT_NOT_CONFIRMED|PLANNED_REWARD_TOO_LOW|CLOSE_NOT_ABOVE_MA200
2026-09-16T07:37:24.395516+00:00,SIE_OLD_MR_REGIME_EXHAUSTION_CONFIRM_V1,PAXG,PAXGUSDT,strategy-lab-v1.0.0:SIE_OLD_MR_REGIME_EXHAUSTION_CONFIRM_V1,1789394400000,2026-09-14T14:00:00+00:00,4279.34,4289.17,4272.15,4285.49,29.577897160399004,4321.2080000000005,4273.7543124298945,4375.78305,17.510714285714194,0.004086047169801865,29.202993596173286,1.249999999999974,False,TREND_SUPPORT_NOT_CONFIRMED|PLANNED_REWARD_TOO_LOW|CLOSE_NOT_NEAR_OR_BELOW_LOWER_BB|CLOSE_NOT_ABOVE_MA200
2026-09-16T07:37:24.395516+00:00,SIE_OLD_MR_REGIME_EXHAUSTION_CONFIRM_V1,PAXG,PAXGUSDT,strategy-lab-v1.0.0:SIE_OLD_MR_REGIME_EXHAUSTION_CONFIRM_V1,1789398000000,2026-09-14T15:00:00+00:00,4283.24,4304.27,4280.6,4295.0,27.376335575781596,4318.496499999999,4271.562835205938,4375.12985,17.315714285714225,0.004031598203891555,29.577897160399004,1.2499999999999738,False,TREND_SUPPORT_NOT_CONFIRMED|PLANNED_REWARD_TOO_LOW|CLOSE_NOT_NEAR_OR_BELOW_LOWER_BB|CLOSE_NOT_ABOVE_MA200|RSI_RECOVERY_NOT_CONFIRMED
2026-09-16T07:37:24.395516+00:00,SIE_OLD_MR_REGIME_EXHAUSTION_CONFIRM_V1,PAXG,PAXGUSDT,strategy-lab-v1.0.0:SIE_OLD_MR_REGIME_EXHAUSTION_CONFIRM_V1,1789401600000,2026-09-14T16:00:00+00:00,4294.6,4323.09,4293.49,4320.41,45.5996352029184,4317.118,4272.150847721906,4374.59965,17.608571428571395,0.004075671389653156,27.376335575781596,1.2500000000000258,False,TREND_SUPPORT_NOT_CONFIRMED|RSI_NOT_BELOW_32|CLOSE_NOT_NEAR_OR_BELOW_LOWER_BB|CLOSE_NOT_ABOVE_MA200
2026-09-16T07:37:24.395516+00:00,SIE_OLD_MR_REGIME_EXHAUSTION_CONFIRM_V1,PAXG,PAXGUSDT,strategy-lab-v1.0.0:SIE_OLD_MR_REGIME_EXHAUSTION_CONFIRM_V1,1789405200000,2026-09-14T17:00:00+00:00,4321.28,4321.28,4313.77,4317.67,43.98975054638636,4316.384,4271.95936791372,4374.04255,17.557857142857042,0.004066512063880992,45.5996352029184,1.2499999999999871,False,TREND_SUPPORT_NOT_CONFIRMED|PLANNED_REWARD_TOO_LOW|RSI_NOT_BELOW_32|CLOSE_NOT_NEAR_OR_BELOW_LOWER_BB|CLOSE_NOT_ABOVE_MA200|RSI_RECOVERY_NOT_CONFIRMED
2026-09-16T07:37:24.395516+00:00,SIE_OLD_MR_REGIME_EXHAUSTION_CONFIRM_V1,PAXG,PAXGUSDT,strategy-lab-v1.0.0:SIE_OLD_MR_REGIME_EXHAUSTION_CONFIRM_V1,1789408800000,2026-09-14T18:00:00+00:00,4318.05,4318.05,4310.25,4313.05,42.34589541338001,4314.831499999999,4272.258096436256,4373.45635,17.647142857142757,0.004091569273980769,43.98975054638636,1.2499999999999871,False,TREND_SUPPORT_NOT_CONFIRMED|PLANNED_REWARD_TOO_LOW|RSI_NOT_BELOW_32|CLOSE_NOT_NEAR_OR_BELOW_LOWER_BB|CLOSE_NOT_ABOVE_MA200|RSI_RECOVERY_NOT_CONFIRMED
2026-09-16T07:37:24.395516+00:00,SIE_OLD_MR_REGIME_EXHAUSTION_CONFIRM_V1,PAXG,PAXGUSDT,strategy-lab-v1.0.0:SIE_OLD_MR_REGIME_EXHAUSTION_CONFIRM_V1,1789412400000,2026-09-14T19:00:00+00:00,4312.74,4312.74,4288.88,4289.78,33.418018370138824,4312.647,4269.6418453787055,4372.7529,18.639285714285638,0.0043450446676252955,42.34589541338001,1.25,False,TREND_SUPPORT_NOT_CONFIRMED|RSI_NOT_BELOW_32|CLOSE_NOT_NEAR_OR_BELOW_LOWER_BB|CLOSE_NOT_ABOVE_MA200|RSI_RECOVERY_NOT_CONFIRMED
2026-09-16T07:37:24.395516+00:00,SIE_OLD_MR_REGIME_EXHAUSTION_CONFIRM_V1,PAXG,PAXGUSDT,strategy-lab-v1.0.0:SIE_OLD_MR_REGIME_EXHAUSTION_CONFIRM_V1,1789416000000,2026-09-14T20:00:00+00:00,4290.51,4306.76,4288.51,4306.76,44.09143742735374,4311.0495,4269.693597652192,4372.1551,18.663571428571363,0.00433355270053854,33.418018370138824,1.2500000000000244,False,TREND_SUPPORT_NOT_CONFIRMED|RSI_NOT_BELOW_32|CLOSE_NOT_NEAR_OR_BELOW_LOWER_BB|CLOSE_NOT_ABOVE_MA200
2026-09-16T07:37:24.395516+00:00,SIE_OLD_MR_REGIME_EXHAUSTION_CONFIRM_V1,PAXG,PAXGUSDT,strategy-lab-v1.0.0:SIE_OLD_MR_REGIME_EXHAUSTION_CONFIRM_V1,1789419600000,2026-09-14T21:00:00+00:00,4306.21,4307.66,4303.05,4303.05,45.87476484815922,4308.5935,4271.704447274273,4371.5351,17.86714285714275,0.004152204333471084,44.09143742735374,1.2500000000000127,False,TREND_SUPPORT_NOT_CONFIRMED|RSI_NOT_BELOW_32|CLOSE_NOT_NEAR_OR_BELOW_LOWER_BB|CLOSE_NOT_ABOVE_MA200|RSI_RECOVERY_NOT_CONFIRMED
2026-09-16T07:37:24.395516+00:00,SIE_OLD_MR_REGIME_EXHAUSTION_CONFIRM_V1,PAXG,PAXGUSDT,strategy-lab-v1.0.0:SIE_OLD_MR_REGIME_EXHAUSTION_CONFIRM_V1,1789423200000,2026-09-14T22:00:00+00:00,4305.36,4305.36,4300.0,4303.01,46.31036353771025,4307.1445,4271.801047155074,4370.92115,17.317142857142763,0.004024425427117939,45.87476484815922,1.250000000000013,False,TREND_SUPPORT_NOT_CONFIRMED|RSI_NOT_BELOW_32|CLOSE_NOT_NEAR_OR_BELOW_LOWER_BB|CLOSE_NOT_ABOVE_MA200|RSI_RECOVERY_NOT_CONFIRMED
2026-09-16T07:37:24.395516+00:00,SIE_OLD_MR_REGIME_EXHAUSTION_CONFIRM_V1,PAXG,PAXGUSDT,strategy-lab-v1.0.0:SIE_OLD_MR_REGIME_EXHAUSTION_CONFIRM_V1,1789426800000,2026-09-14T23:00:00+00:00,4302.37,4303.14,4293.41,4294.06,50.78467831907793,4305.1665,4271.58733784545,4370.259300000001,15.954999999999993,0.0037155978258338242,46.31036353771025,1.2500000000000284,False,TREND_SUPPORT_NOT_CONFIRMED|RSI_NOT_BELOW_32|CLOSE_NOT_NEAR_OR_BELOW_LOWER_BB|CLOSE_NOT_ABOVE_MA200|RSI_RECOVERY_NOT_CONFIRMED
2026-09-16T07:37:24.395516+00:00,SIE_OLD_MR_REGIME_EXHAUSTION_CONFIRM_V1,PAXG,PAXGUSDT,strategy-lab-v1.0.0:SIE_OLD_MR_REGIME_EXHAUSTION_CONFIRM_V1,1789430400000,2026-09-15T00:00:00+00:00,4294.55,4298.13,4283.71,4295.72,47.52577319587638,4303.252,4272.1979074516485,4369.61715,16.03928571428573,0.0037337828616124252,50.78467831907793,1.2500000000000142,False,TREND_SUPPORT_NOT_CONFIRMED|RSI_NOT_BELOW_32|CLOSE_NOT_NEAR_OR_BELOW_LOWER_BB|CLOSE_NOT_ABOVE_MA200|RSI_RECOVERY_NOT_CONFIRMED
2026-09-16T07:37:24.395516+00:00,SIE_OLD_MR_REGIME_EXHAUSTION_CONFIRM_V1,PAXG,PAXGUSDT,strategy-lab-v1.0.0:SIE_OLD_MR_REGIME_EXHAUSTION_CONFIRM_V1,1789434000000,2026-09-15T01:00:00+00:00,4294.0,4309.37,4291.69,4309.37,56.052411061171775,4301.686,4275.576376180388,4369.0707,16.440714285714357,0.0038151085392329636,47.52577319587638,1.2499999999999722,False,TREND_SUPPORT_NOT_CONFIRMED|PLANNED_REWARD_TOO_LOW|RSI_NOT_BELOW_32|CLOSE_NOT_NEAR_OR_BELOW_LOWER_BB|CLOSE_NOT_ABOVE_MA200
2026-09-16T07:37:24.395516+00:00,SIE_OLD_MR_REGIME_EXHAUSTION_CONFIRM_V1,PAXG,PAXGUSDT,strategy-lab-v1.0.0:SIE_OLD_MR_REGIME_EXHAUSTION_CONFIRM_V1,1789437600000,2026-09-15T02:00:00+00:00,4311.28,4319.01,4307.89,4314.2,64.40775423032693,4301.143,4276.595406961137,4368.54165,15.400714285714328,0.0035697729093955607,56.052411061171775,1.2500000000000147,False,TREND_SUPPORT_NOT_CONFIRMED|RSI_NOT_BELOW_32|CLOSE_NOT_NEAR_OR_BELOW_LOWER_BB|CLOSE_NOT_ABOVE_MA200
2026-09-16T07:37:24.395516+00:00,SIE_OLD_MR_REGIME_EXHAUSTION_CONFIRM_V1,PAXG,PAXGUSDT,strategy-lab-v1.0.0:SIE_OLD_MR_REGIME_EXHAUSTION_CONFIRM_V1,1789441200000,2026-09-15T03:00:00+00:00,4314.54,4315.2,4298.62,4305.89,60.15739526271128,4300.671,4276.881384702529,4367.97,14.822857142857174,0.003442460709134969,64.40775423032693,1.2499999999999694,False,TREND_SUPPORT_NOT_CONFIRMED|PLANNED_REWARD_TOO_LOW|RSI_NOT_BELOW_32|CLOSE_NOT_NEAR_OR_BELOW_LOWER_BB|CLOSE_NOT_ABOVE_MA200|RSI_RECOVERY_NOT_CONFIRMED
2026-09-16T07:37:24.395516+00:00,SIE_OLD_MR_REGIME_EXHAUSTION_CONFIRM_V1,PAXG,PAXGUSDT,strategy-lab-v1.0.0:SIE_OLD_MR_REGIME_EXHAUSTION_CONFIRM_V1,1789444800000,2026-09-15T04:00:00+00:00,4305.59,4310.17,4303.28,4305.64,58.12958928427365,4300.258500000001,4277.122921965259,4367.393599999999,14.099285714285738,0.003274608586478604,60.15739526271128,1.2499999999999838,False,TREND_SUPPORT_NOT_CONFIRMED|PLANNED_REWARD_TOO_LOW|RSI_NOT_BELOW_32|CLOSE_NOT_NEAR_OR_BELOW_LOWER_BB|CLOSE_NOT_ABOVE_MA200|RSI_RECOVERY_NOT_CONFIRMED
2026-09-16T07:37:24.395516+00:00,SIE_OLD_MR_REGIME_EXHAUSTION_CONFIRM_V1,PAXG,PAXGUSDT,strategy-lab-v1.0.0:SIE_OLD_MR_REGIME_EXHAUSTION_CONFIRM_V1,1789448400000,2026-09-15T05:00:00+00:00,4305.64,4308.19,4291.61,4292.68,49.089338985712146,4300.295,4277.209720274564,4366.764700000001,13.592857142857156,0.00316652001613378,58.12958928427365,1.2500000000000335,False,TREND_SUPPORT_NOT_CONFIRMED|RSI_NOT_BELOW_32|CLOSE_NOT_NEAR_OR_BELOW_LOWER_BB|CLOSE_NOT_ABOVE_MA200|RSI_RECOVERY_NOT_CONFIRMED
2026-09-16T07:37:24.395516+00:00,SIE_OLD_MR_REGIME_EXHAUSTION_CONFIRM_V1,PAXG,PAXGUSDT,strategy-lab-v1.0.0:SIE_OLD_MR_REGIME_EXHAUSTION_CONFIRM_V1,1789452000000,2026-09-15T06:00:00+00:00,4294.51,4296.26,4287.96,4292.74,36.4402626678426,4299.834000000001,4276.532900970091,4366.0942000000005,12.071428571428571,0.0028120567682712143,49.089338985712146,1.2499999999999811,False,TREND_SUPPORT_NOT_CONFIRMED|PLANNED_REWARD_TOO_LOW|RSI_NOT_BELOW_32|CLOSE_NOT_NEAR_OR_BELOW_LOWER_BB|CLOSE_NOT_ABOVE_MA200|RSI_RECOVERY_NOT_CONFIRMED
2026-09-16T07:37:24.395516+00:00,SIE_OLD_MR_REGIME_EXHAUSTION_CONFIRM_V1,PAXG,PAXGUSDT,strategy-lab-v1.0.0:SIE_OLD_MR_REGIME_EXHAUSTION_CONFIRM_V1,1789455600000,2026-09-15T07:00:00+00:00,4293.54,4294.55,4277.98,4279.15,32.937632884478774,4299.1175,4274.2502799100575,4365.383199999999,12.718571428571522,0.0029722191156121014,36.4402626678426,1.2499999999999643,False,TREND_SUPPORT_NOT_CONFIRMED|PLANNED_REWARD_TOO_LOW|RSI_NOT_BELOW_32|CLOSE_NOT_NEAR_OR_BELOW_LOWER_BB|CLOSE_NOT_ABOVE_MA200|RSI_RECOVERY_NOT_CONFIRMED
2026-09-16T07:37:24.395516+00:00,SIE_OLD_MR_REGIME_EXHAUSTION_CONFIRM_V1,PAXG,PAXGUSDT,strategy-lab-v1.0.0:SIE_OLD_MR_REGIME_EXHAUSTION_CONFIRM_V1,1789459200000,2026-09-15T08:00:00+00:00,4277.0,4277.12,4264.43,4264.98,30.368373764599838,4298.4105,4270.671123312668,4364.65315,13.212857142857176,0.003097988066264596,32.937632884478774,1.2500000000000173,False,TREND_SUPPORT_NOT_CONFIRMED|CLOSE_NOT_ABOVE_MA200|RSI_RECOVERY_NOT_CONFIRMED
2026-09-16T07:37:24.395516+00:00,SIE_OLD_MR_REGIME_EXHAUSTION_CONFIRM_V1,PAXG,PAXGUSDT,strategy-lab-v1.0.0:SIE_OLD_MR_REGIME_EXHAUSTION_CONFIRM_V1,1789462800000,2026-09-15T09:00:00+00:00,4265.44,4275.09,4264.18,4271.83,41.53381756438075,4298.023999999999,4269.056573189844,4363.98175,12.265714285714305,0.002871302061578833,30.368373764599838,1.2499999999999816,False,TREND_SUPPORT_NOT_CONFIRMED|PLANNED_REWARD_TOO_LOW|RSI_NOT_BELOW_32|CLOSE_NOT_NEAR_OR_BELOW_LOWER_BB|CLOSE_NOT_ABOVE_MA200
2026-09-16T07:37:24.395516+00:00,SIE_OLD_MR_REGIME_EXHAUSTION_CONFIRM_V1,PAXG,PAXGUSDT,strategy-lab-v1.0.0:SIE_OLD_MR_REGIME_EXHAUSTION_CONFIRM_V1,1789466400000,2026-09-15T10:00:00+00:00,4272.41,4284.76,4272.26,4283.04,38.168395849959836,4297.9015,4268.703287537562,4363.3639,11.885714285714325,0.0027750649738770418,41.53381756438075,1.2499999999999618,False,TREND_SUPPORT_NOT_CONFIRMED|PLANNED_REWARD_TOO_LOW|RSI_NOT_BELOW_32|CLOSE_NOT_NEAR_OR_BELOW_LOWER_BB|CLOSE_NOT_ABOVE_MA200|RSI_RECOVERY_NOT_CONFIRMED
2026-09-16T07:37:24.395516+00:00,SIE_OLD_MR_REGIME_EXHAUSTION_CONFIRM_V1,PAXG,PAXGUSDT,strategy-lab-v1.0.0:SIE_OLD_MR_REGIME_EXHAUSTION_CONFIRM_V1,1789470000000,2026-09-15T11:00:00+00:00,4283.58,4287.0,4281.03,4286.58,41.7707604676724,4297.4805,4267.886950381853,4362.7845,11.982857142857224,0.0027954353220649617,38.168395849959836,1.250000000000038,False,TREND_SUPPORT_NOT_CONFIRMED|RSI_NOT_BELOW_32|CLOSE_NOT_NEAR_OR_BELOW_LOWER_BB|CLOSE_NOT_ABOVE_MA200
2026-09-16T07:37:24.395516+00:00,SIE_OLD_MR_REGIME_EXHAUSTION_CONFIRM_V1,PAXG,PAXGUSDT,strategy-lab-v1.0.0:SIE_OLD_MR_REGIME_EXHAUSTION_CONFIRM_V1,1789473600000,2026-09-15T12:00:00+00:00,4285.74,4297.11,4274.01,4294.65,46.13320999074899,4296.1925,4268.523160380094,4362.268550000001,13.250000000000066,0.003085233953872857,41.7707604676724,1.25,False,TREND_SUPPORT_NOT_CONFIRMED|RSI_NOT_BELOW_32|CLOSE_NOT_NEAR_OR_BELOW_LOWER_BB|CLOSE_NOT_ABOVE_MA200
2026-09-16T07:37:24.395516+00:00,SIE_OLD_MR_REGIME_EXHAUSTION_CONFIRM_V1,PAXG,PAXGUSDT,strategy-lab-v1.0.0:SIE_OLD_MR_REGIME_EXHAUSTION_CONFIRM_V1,1789477200000,2026-09-15T13:00:00+00:00,4294.53,4298.69,4286.6,4297.18,51.534225019669506,4295.168,4269.296541131167,4361.78965,13.418571428571406,0.0031226458813853283,46.13320999074899,1.2499999999999831,False,TREND_SUPPORT_NOT_CONFIRMED|PLANNED_REWARD_TOO_LOW|RSI_NOT_BELOW_32|CLOSE_NOT_NEAR_OR_BELOW_LOWER_BB|CLOSE_NOT_ABOVE_MA200
2026-09-16T07:37:24.395516+00:00,SIE_OLD_MR_REGIME_EXHAUSTION_CONFIRM_V1,PAXG,PAXGUSDT,strategy-lab-v1.0.0:SIE_OLD_MR_REGIME_EXHAUSTION_CONFIRM_V1,1789480800000,2026-09-15T14:00:00+00:00,4296.04,4300.76,4275.0,4277.7,42.46025104602492,4293.400500000001,4267.828852047596,4361.21155,14.228571428571415,0.003326220031458825,51.534225019669506,1.25,False,TREND_SUPPORT_NOT_CONFIRMED|RSI_NOT_BELOW_32|CLOSE_NOT_NEAR_OR_BELOW_LOWER_BB|CLOSE_NOT_ABOVE_MA200|RSI_RECOVERY_NOT_CONFIRMED
2026-09-16T07:37:24.395516+00:00,SIE_OLD_MR_REGIME_EXHAUSTION_CONFIRM_V1,PAXG,PAXGUSDT,strategy-lab-v1.0.0:SIE_OLD_MR_REGIME_EXHAUSTION_CONFIRM_V1,1789484400000,2026-09-15T15:00:00+00:00,4278.77,4293.24,4278.68,4290.1,41.85200845665988,4293.4165,4267.853534385626,4360.63725,14.07571428571425,0.0032809758014298615,42.46025104602492,1.25,False,TREND_SUPPORT_NOT_CONFIRMED|RSI_NOT_BELOW_32|CLOSE_NOT_NEAR_OR_BELOW_LOWER_BB|CLOSE_NOT_ABOVE_MA200|RSI_RECOVERY_NOT_CONFIRMED
2026-09-16T07:37:24.395516+00:00,SIE_OLD_MR_REGIME_EXHAUSTION_CONFIRM_V1,PAXG,PAXGUSDT,strategy-lab-v1.0.0:SIE_OLD_MR_REGIME_EXHAUSTION_CONFIRM_V1,1789488000000,2026-09-15T16:00:00+00:00,4290.53,4297.88,4286.17,4296.34,42.53718870132059,4292.8955,4268.026261591844,4360.067050000001,14.117857142857117,0.003286019528914638,41.85200845665988,1.25,False,TREND_SUPPORT_NOT_CONFIRMED|RSI_NOT_BELOW_32|CLOSE_NOT_NEAR_OR_BELOW_LOWER_BB|CLOSE_NOT_ABOVE_MA200
2026-09-16T07:37:24.395516+00:00,SIE_OLD_MR_REGIME_EXHAUSTION_CONFIRM_V1,PAXG,PAXGUSDT,strategy-lab-v1.0.0:SIE_OLD_MR_REGIME_EXHAUSTION_CONFIRM_V1,1789491600000,2026-09-15T17:00:00+00:00,4296.33,4298.71,4290.28,4293.88,44.723662244090995,4292.437,4267.999135854341,4359.5066,13.535714285714286,0.0031523270994332133,42.53718870132059,1.2499999999999831,False,TREND_SUPPORT_NOT_CONFIRMED|PLANNED_REWARD_TOO_LOW|RSI_NOT_BELOW_32|CLOSE_NOT_NEAR_OR_BELOW_LOWER_BB|CLOSE_NOT_ABOVE_MA200|RSI_RECOVERY_NOT_CONFIRMED
2026-09-16T07:37:24.395516+00:00,SIE_OLD_MR_REGIME_EXHAUSTION_CONFIRM_V1,PAXG,PAXGUSDT,strategy-lab-v1.0.0:SIE_OLD_MR_REGIME_EXHAUSTION_CONFIRM_V1,1789495200000,2026-09-15T18:00:00+00:00,4295.04,4308.15,4294.93,4307.51,50.73512068558844,4292.661999999999,4267.7604316959405,4359.08585,14.062857142857085,0.0032647300047723826,44.723662244090995,1.25,False,TREND_SUPPORT_NOT_CONFIRMED|RSI_NOT_BELOW_32|CLOSE_NOT_NEAR_OR_BELOW_LOWER_BB|CLOSE_NOT_ABOVE_MA200
2026-09-16T07:37:24.395516+00:00,SIE_OLD_MR_REGIME_EXHAUSTION_CONFIRM_V1,PAXG,PAXGUSDT,strategy-lab-v1.0.0:SIE_OLD_MR_REGIME_EXHAUSTION_CONFIRM_V1,1789498800000,2026-09-15T19:00:00+00:00,4306.98,4309.52,4295.0,4296.11,51.36511979622674,4292.764499999999,4267.823911815241,4358.6274,13.915714285714264,0.003239142918992825,50.73512068558844,1.2500000000000164,False,TREND_SUPPORT_NOT_CONFIRMED|RSI_NOT_BELOW_32|CLOSE_NOT_NEAR_OR_BELOW_LOWER_BB|CLOSE_NOT_ABOVE_MA200|RSI_RECOVERY_NOT_CONFIRMED
2026-09-16T07:37:24.395516+00:00,SIE_OLD_MR_REGIME_EXHAUSTION_CONFIRM_V1,PAXG,PAXGUSDT,strategy-lab-v1.0.0:SIE_OLD_MR_REGIME_EXHAUSTION_CONFIRM_V1,1789502400000,2026-09-15T20:00:00+00:00,4296.62,4297.28,4290.99,4293.67,50.363252870869566,4292.662,4267.754011241337,4358.10485,13.772142857142821,0.0032075457259507184,51.36511979622674,1.2499999999999836,False,TREND_SUPPORT_NOT_CONFIRMED|PLANNED_REWARD_TOO_LOW|RSI_NOT_BELOW_32|CLOSE_NOT_NEAR_OR_BELOW_LOWER_BB|CLOSE_NOT_ABOVE_MA200|RSI_RECOVERY_NOT_CONFIRMED
2026-09-16T07:37:24.395516+00:00,SIE_OLD_MR_REGIME_EXHAUSTION_CONFIRM_V1,PAXG,PAXGUSDT,strategy-lab-v1.0.0:SIE_OLD_MR_REGIME_EXHAUSTION_CONFIRM_V1,1789506000000,2026-09-15T21:00:00+00:00,4294.28,4295.66,4293.23,4295.66,57.091315179108314,4291.9765,4268.217408876775,4357.5661,12.762142857142797,0.0029709387747500495,50.363252870869566,1.2500000000000178,False,TREND_SUPPORT_NOT_CONFIRMED|RSI_NOT_BELOW_32|CLOSE_NOT_NEAR_OR_BELOW_LOWER_BB|CLOSE_NOT_ABOVE_MA200
2026-09-16T07:37:24.395516+00:00,SIE_OLD_MR_REGIME_EXHAUSTION_CONFIRM_V1,PAXG,PAXGUSDT,strategy-lab-v1.0.0:SIE_OLD_MR_REGIME_EXHAUSTION_CONFIRM_V1,1789509600000,2026-09-15T22:00:00+00:00,4296.07,4297.35,4289.28,4289.28,61.18578530657328,4290.7305,4269.2604795295465,4356.9356,12.287142857142888,0.0028646166389563956,57.091315179108314,1.2499999999999816,False,TREND_SUPPORT_NOT_CONFIRMED|PLANNED_REWARD_TOO_LOW|RSI_NOT_BELOW_32|CLOSE_NOT_NEAR_OR_BELOW_LOWER_BB|CLOSE_NOT_ABOVE_MA200|RSI_RECOVERY_NOT_CONFIRMED
2026-09-16T07:37:24.395516+00:00,SIE_OLD_MR_REGIME_EXHAUSTION_CONFIRM_V1,PAXG,PAXGUSDT,strategy-lab-v1.0.0:SIE_OLD_MR_REGIME_EXHAUSTION_CONFIRM_V1,1789513200000,2026-09-15T23:00:00+00:00,4288.58,4288.64,4281.58,4282.36,54.84405189069813,4289.554,4268.975464191987,4356.276449999999,12.057857142857172,0.0028157037574741903,61.18578530657328,1.2499999999999811,False,TREND_SUPPORT_NOT_CONFIRMED|PLANNED_REWARD_TOO_LOW|RSI_NOT_BELOW_32|CLOSE_NOT_NEAR_OR_BELOW_LOWER_BB|CLOSE_NOT_ABOVE_MA200|RSI_RECOVERY_NOT_CONFIRMED
2026-09-16T07:37:24.395516+00:00,SIE_OLD_MR_REGIME_EXHAUSTION_CONFIRM_V1,PAXG,PAXGUSDT,strategy-lab-v1.0.0:SIE_OLD_MR_REGIME_EXHAUSTION_CONFIRM_V1,1789516800000,2026-09-16T00:00:00+00:00,4283.89,4289.86,4279.34,4279.57,48.26967188590794,4288.2505,4268.632552630266,4355.6062,11.88571428571426,0.0027773150773826014,54.84405189069813,1.2500000000000382,False,TREND_SUPPORT_NOT_CONFIRMED|RSI_NOT_BELOW_32|CLOSE_NOT_NEAR_OR_BELOW_LOWER_BB|CLOSE_NOT_ABOVE_MA200|RSI_RECOVERY_NOT_CONFIRMED
2026-09-16T07:37:24.395516+00:00,SIE_OLD_MR_REGIME_EXHAUSTION_CONFIRM_V1,PAXG,PAXGUSDT,strategy-lab-v1.0.0:SIE_OLD_MR_REGIME_EXHAUSTION_CONFIRM_V1,1789520400000,2026-09-16T01:00:00+00:00,4281.61,4295.16,4280.52,4282.23,47.81165107153622,4287.728,4268.053218578047,4354.97825,12.572857142857108,0.002936053678307123,48.26967188590794,1.2499999999999638,False,TREND_SUPPORT_NOT_CONFIRMED|PLANNED_REWARD_TOO_LOW|RSI_NOT_BELOW_32|CLOSE_NOT_NEAR_OR_BELOW_LOWER_BB|CLOSE_NOT_ABOVE_MA200|RSI_RECOVERY_NOT_CONFIRMED
2026-09-16T07:37:24.395516+00:00,SIE_OLD_MR_REGIME_EXHAUSTION_CONFIRM_V1,PAXG,PAXGUSDT,strategy-lab-v1.0.0:SIE_OLD_MR_REGIME_EXHAUSTION_CONFIRM_V1,1789524000000,2026-09-16T02:00:00+00:00,4283.11,4324.27,4283.11,4324.27,61.10527894421126,4289.3045,4264.022191185304,4354.54435,13.925714285714353,0.003220361884367616,47.81165107153622,1.2499999999999836,False,TREND_SUPPORT_NOT_CONFIRMED|PLANNED_REWARD_TOO_LOW|RSI_NOT_BELOW_32|CLOSE_NOT_NEAR_OR_BELOW_LOWER_BB|CLOSE_NOT_ABOVE_MA200
2026-09-16T07:37:24.395516+00:00,SIE_OLD_MR_REGIME_EXHAUSTION_CONFIRM_V1,PAXG,PAXGUSDT,strategy-lab-v1.0.0:SIE_OLD_MR_REGIME_EXHAUSTION_CONFIRM_V1,1789527600000,2026-09-16T03:00:00+00:00,4323.17,4341.07,4323.17,4327.86,61.41199226305578,4291.74,4261.871102464241,4354.1366499999995,14.340714285714382,0.003313580911978295,61.10527894421126,1.25,False,TREND_SUPPORT_NOT_CONFIRMED|RSI_NOT_BELOW_32|CLOSE_NOT_NEAR_OR_BELOW_LOWER_BB|CLOSE_NOT_ABOVE_MA200
2026-09-16T07:37:24.395516+00:00,SIE_OLD_MR_REGIME_EXHAUSTION_CONFIRM_V1,PAXG,PAXGUSDT,strategy-lab-v1.0.0:SIE_OLD_MR_REGIME_EXHAUSTION_CONFIRM_V1,1789531200000,2026-09-16T04:00:00+00:00,4328.08,4329.54,4321.11,4323.56,69.2301241194233,4294.669,4264.385046559246,4353.6927,13.102857142857244,0.0030305713677749916,61.41199226305578,1.2500000000000173,False,TREND_SUPPORT_NOT_CONFIRMED|RSI_NOT_BELOW_32|CLOSE_NOT_NEAR_OR_BELOW_LOWER_BB|CLOSE_NOT_ABOVE_MA200|RSI_RECOVERY_NOT_CONFIRMED
2026-09-16T07:37:24.395516+00:00,SIE_OLD_MR_REGIME_EXHAUSTION_CONFIRM_V1,PAXG,PAXGUSDT,strategy-lab-v1.0.0:SIE_OLD_MR_REGIME_EXHAUSTION_CONFIRM_V1,1789534800000,2026-09-16T05:00:00+00:00,4322.85,4333.62,4321.61,4328.0,67.02911574406903,4297.4775,4265.800469283694,4353.263349999999,12.850714285714405,0.002969203855294456,69.2301241194233,1.2500000000000353,False,TREND_SUPPORT_NOT_CONFIRMED|RSI_NOT_BELOW_32|CLOSE_NOT_NEAR_OR_BELOW_LOWER_BB|CLOSE_NOT_ABOVE_MA200|RSI_RECOVERY_NOT_CONFIRMED
2026-09-16T07:37:24.395516+00:00,SIE_OLD_MR_REGIME_EXHAUSTION_CONFIRM_V1,PAXG,PAXGUSDT,strategy-lab-v1.0.0:SIE_OLD_MR_REGIME_EXHAUSTION_CONFIRM_V1,1789538400000,2026-09-16T06:00:00+00:00,4331.47,4334.64,4323.94,4334.64,67.14720630372511,4300.0575,4265.253323885605,4352.89365,12.778571428571597,0.0029480121598498598,67.02911574406903,1.2499999999999822,False,TREND_SUPPORT_NOT_CONFIRMED|PLANNED_REWARD_TOO_LOW|RSI_NOT_BELOW_32|CLOSE_NOT_NEAR_OR_BELOW_LOWER_BB|CLOSE_NOT_ABOVE_MA200
2026-09-16T07:37:24.395516+00:00,SIE_OLD_MR_REGIME_EXHAUSTION_CONFIRM_V1,PAXG,PAXGUSDT,strategy-lab-v1.0.0:SIE_OLD_MR_REGIME_EXHAUSTION_CONFIRM_V1,1789542000000,2026-09-16T07:00:00+00:00,4333.07,4338.01,4332.22,4334.61,68.64073226544602,4302.459000000001,4265.166798187801,4352.44585,12.590000000000146,0.0029045288964866843,67.14720630372511,1.25,False,TREND_SUPPORT_NOT_CONFIRMED|RSI_NOT_BELOW_32|CLOSE_NOT_NEAR_OR_BELOW_LOWER_BB|CLOSE_NOT_ABOVE_MA200|RSI_RECOVERY_NOT_CONFIRMED
2026-09-16T13:27:06.952279+00:00,SIE_OLD_MR_REGIME_EXHAUSTION_CONFIRM_V1,BTC,BTCUSDT,strategy-lab-v1.0.0:SIE_OLD_MR_REGIME_EXHAUSTION_CONFIRM_V1,1789545600000,2026-09-16T08:00:00+00:00,75690.46,75690.46,75271.81,75670.39,44.90351446696356,75921.22050000001,75165.24486162335,77601.64125,437.2014285714322,0.005777708144115977,32.64635297596739,1.2499999999999918,False,TREND_SUPPORT_NOT_CONFIRMED|PLANNED_REWARD_TOO_LOW|RSI_NOT_BELOW_32|CLOSE_NOT_NEAR_OR_BELOW_LOWER_BB|CLOSE_NOT_ABOVE_MA200|RSI_RECOVERY_NOT_CONFIRMED
2026-09-16T13:27:06.952279+00:00,SIE_OLD_MR_REGIME_EXHAUSTION_CONFIRM_V1,BTC,BTCUSDT,strategy-lab-v1.0.0:SIE_OLD_MR_REGIME_EXHAUSTION_CONFIRM_V1,1789549200000,2026-09-16T09:00:00+00:00,75670.39,75929.81,75657.87,75924.05,46.13260936066084,75888.85500000001,75194.03531779461,77584.1919,420.30285714286066,0.005535832942827216,44.90351446696356,1.2500000000000087,False,TREND_SUPPORT_NOT_CONFIRMED|RSI_NOT_BELOW_32|CLOSE_NOT_NEAR_OR_BELOW_LOWER_BB|CLOSE_NOT_ABOVE_MA200
2026-09-16T13:27:06.952279+00:00,SIE_OLD_MR_REGIME_EXHAUSTION_CONFIRM_V1,BTC,BTCUSDT,strategy-lab-v1.0.0:SIE_OLD_MR_REGIME_EXHAUSTION_CONFIRM_V1,1789552800000,2026-09-16T10:00:00+00:00,75924.04,75980.47,75829.26,75920.0,50.96569787090234,75891.392,75196.50650245094,77569.2219,385.2378571428614,0.005074260499774255,46.13260936066084,1.2500000000000095,False,TREND_SUPPORT_NOT_CONFIRMED|RSI_NOT_BELOW_32|CLOSE_NOT_NEAR_OR_BELOW_LOWER_BB|CLOSE_NOT_ABOVE_MA200|RSI_RECOVERY_NOT_CONFIRMED
2026-09-16T13:27:06.952279+00:00,SIE_OLD_MR_REGIME_EXHAUSTION_CONFIRM_V1,BTC,BTCUSDT,strategy-lab-v1.0.0:SIE_OLD_MR_REGIME_EXHAUSTION_CONFIRM_V1,1789556400000,2026-09-16T11:00:00+00:00,75930.4,76250.0,75804.45,76182.14,68.46141295480477,75877.1945,75219.23485052367,77555.75655,376.49071428571915,0.004941981339533375,50.96569787090234,1.2499999999999902,False,TREND_SUPPORT_NOT_CONFIRMED|PLANNED_REWARD_TOO_LOW|RSI_NOT_BELOW_32|CLOSE_NOT_NEAR_OR_BELOW_LOWER_BB|CLOSE_NOT_ABOVE_MA200
2026-09-16T13:27:06.952279+00:00,SIE_OLD_MR_REGIME_EXHAUSTION_CONFIRM_V1,BTC,BTCUSDT,strategy-lab-v1.0.0:SIE_OLD_MR_REGIME_EXHAUSTION_CONFIRM_V1,1789560000000,2026-09-16T12:00:00+00:00,76182.14,76232.38,75722.4,75901.21,56.58021830516475,75855.725,75231.17141384426,77542.01325,367.6864285714338,0.004844276245022099,68.46141295480477,1.2499999999999802,False,TREND_SUPPORT_NOT_CONFIRMED|PLANNED_REWARD_TOO_LOW|RSI_NOT_BELOW_32|CLOSE_NOT_NEAR_OR_BELOW_LOWER_BB|CLOSE_NOT_ABOVE_MA200|RSI_RECOVERY_NOT_CONFIRMED
2026-09-16T13:27:06.952279+00:00,SIE_OLD_MR_REGIME_EXHAUSTION_CONFIRM_V1,BTC,BTCUSDT,strategy-lab-v1.0.0:SIE_OLD_MR_REGIME_EXHAUSTION_CONFIRM_V1,1789563600000,2026-09-16T13:00:00+00:00,75899.72,75899.72,75606.4,75679.13,51.97798718557598,75794.1285,75396.15685139803,77527.6249,361.04500000000553,0.004770734018744739,56.58021830516475,1.24999999999999,False,TREND_SUPPORT_NOT_CONFIRMED|PLANNED_REWARD_TOO_LOW|RSI_NOT_BELOW_32|CLOSE_NOT_NEAR_OR_BELOW_LOWER_BB|CLOSE_NOT_ABOVE_MA200|RSI_RECOVERY_NOT_CONFIRMED
2026-09-16T13:27:06.952279+00:00,SIE_OLD_MR_REGIME_EXHAUSTION_CONFIRM_V1,SOL,SOLUSDT,strategy-lab-v1.0.0:SIE_OLD_MR_REGIME_EXHAUSTION_CONFIRM_V1,1789545600000,2026-09-16T08:00:00+00:00,96.88,96.97,96.31,96.97,37.79193205944794,97.74100000000001,95.41489682086129,101.34565,0.8300000000000024,0.008559348252036737,25.63718140929541,1.2499999999999958,False,TREND_SUPPORT_NOT_CONFIRMED|PLANNED_REWARD_TOO_LOW|RSI_NOT_BELOW_32|CLOSE_NOT_NEAR_OR_BELOW_LOWER_BB|CLOSE_NOT_ABOVE_MA200
2026-09-16T13:27:06.952279+00:00,SIE_OLD_MR_REGIME_EXHAUSTION_CONFIRM_V1,SOL,SOLUSDT,strategy-lab-v1.0.0:SIE_OLD_MR_REGIME_EXHAUSTION_CONFIRM_V1,1789549200000,2026-09-16T09:00:00+00:00,96.95,97.27,96.94,97.21,43.5344827586206,97.5755,95.62280468326489,101.30995000000001,0.7707142857142882,0.007928343644833745,37.79193205944794,1.25,False,TREND_SUPPORT_NOT_CONFIRMED|RSI_NOT_BELOW_32|CLOSE_NOT_NEAR_OR_BELOW_LOWER_BB|CLOSE_NOT_ABOVE_MA200
2026-09-16T13:27:06.952279+00:00,SIE_OLD_MR_REGIME_EXHAUSTION_CONFIRM_V1,SOL,SOLUSDT,strategy-lab-v1.0.0:SIE_OLD_MR_REGIME_EXHAUSTION_CONFIRM_V1,1789552800000,2026-09-16T10:00:00+00:00,97.22,97.3,97.04,97.2,47.98099762470306,97.49549999999999,95.62046960024664,101.27955,0.6871428571428585,0.0070693709582598605,43.5344827586206,1.250000000000005,False,TREND_SUPPORT_NOT_CONFIRMED|RSI_NOT_BELOW_32|CLOSE_NOT_NEAR_OR_BELOW_LOWER_BB|CLOSE_NOT_ABOVE_MA200|RSI_RECOVERY_NOT_CONFIRMED
2026-09-16T13:27:06.952279+00:00,SIE_OLD_MR_REGIME_EXHAUSTION_CONFIRM_V1,SOL,SOLUSDT,strategy-lab-v1.0.0:SIE_OLD_MR_REGIME_EXHAUSTION_CONFIRM_V1,1789556400000,2026-09-16T11:00:00+00:00,97.22,98.23,96.94,97.94,68.14814814814821,97.4265,95.73225946217805,101.2526,0.7142857142857153,0.00729309489775082,47.98099762470306,1.25,False,TREND_SUPPORT_NOT_CONFIRMED|RSI_NOT_BELOW_32|CLOSE_NOT_NEAR_OR_BELOW_LOWER_BB|CLOSE_NOT_ABOVE_MA200
2026-09-16T13:27:06.952279+00:00,SIE_OLD_MR_REGIME_EXHAUSTION_CONFIRM_V1,SOL,SOLUSDT,strategy-lab-v1.0.0:SIE_OLD_MR_REGIME_EXHAUSTION_CONFIRM_V1,1789560000000,2026-09-16T12:00:00+00:00,97.92,98.03,97.1,97.49,55.26992287917736,97.349,95.8236947846417,101.2251,0.7078571428571446,0.007260817959351161,68.14814814814821,1.250000000000005,False,TREND_SUPPORT_NOT_CONFIRMED|RSI_NOT_BELOW_32|CLOSE_NOT_NEAR_OR_BELOW_LOWER_BB|CLOSE_NOT_ABOVE_MA200|RSI_RECOVERY_NOT_CONFIRMED
2026-09-16T13:27:06.952279+00:00,SIE_OLD_MR_REGIME_EXHAUSTION_CONFIRM_V1,SOL,SOLUSDT,strategy-lab-v1.0.0:SIE_OLD_MR_REGIME_EXHAUSTION_CONFIRM_V1,1789563600000,2026-09-16T13:00:00+00:00,97.49,97.49,96.88,97.16,54.292929292929365,97.1995,96.37780723503296,101.19615,0.6942857142857163,0.007145797800388188,55.26992287917736,1.2499999999999898,False,TREND_SUPPORT_NOT_CONFIRMED|PLANNED_REWARD_TOO_LOW|RSI_NOT_BELOW_32|CLOSE_NOT_NEAR_OR_BELOW_LOWER_BB|CLOSE_NOT_ABOVE_MA200|RSI_RECOVERY_NOT_CONFIRMED
2026-09-16T13:27:06.952279+00:00,SIE_OLD_MR_REGIME_EXHAUSTION_CONFIRM_V1,XRP,XRPUSDT,strategy-lab-v1.0.0:SIE_OLD_MR_REGIME_EXHAUSTION_CONFIRM_V1,1789545600000,2026-09-16T08:00:00+00:00,1.284,1.2846,1.276,1.2836,33.4423548650859,1.31714,1.2235899620523867,1.3772650000000002,0.01801428571428573,0.014034189556159028,20.2475247524753,1.250000000000003,False,TREND_SUPPORT_NOT_CONFIRMED|RSI_NOT_BELOW_32|CLOSE_NOT_NEAR_OR_BELOW_LOWER_BB|CLOSE_NOT_ABOVE_MA200|RSI_RECOVERY_NOT_CONFIRMED
2026-09-16T13:27:06.952279+00:00,SIE_OLD_MR_REGIME_EXHAUSTION_CONFIRM_V1,XRP,XRPUSDT,strategy-lab-v1.0.0:SIE_OLD_MR_REGIME_EXHAUSTION_CONFIRM_V1,1789549200000,2026-09-16T09:00:00+00:00,1.2837,1.2913,1.2819,1.2904,47.84353059177535,1.3109350000000002,1.2282016143567187,1.3766965,0.01612857142857143,0.012498892923567444,33.4423548650859,1.2499999999999964,False,TREND_SUPPORT_NOT_CONFIRMED|PLANNED_REWARD_TOO_LOW|RSI_NOT_BELOW_32|CLOSE_NOT_NEAR_OR_BELOW_LOWER_BB|CLOSE_NOT_ABOVE_MA200
2026-09-16T13:27:06.952279+00:00,SIE_OLD_MR_REGIME_EXHAUSTION_CONFIRM_V1,XRP,XRPUSDT,strategy-lab-v1.0.0:SIE_OLD_MR_REGIME_EXHAUSTION_CONFIRM_V1,1789552800000,2026-09-16T10:00:00+00:00,1.2906,1.2915,1.2846,1.2882,47.65234765234769,1.3061450000000001,1.2300614018989644,1.3761805,0.013885714285714295,0.010779160290105802,47.84353059177535,1.25,False,TREND_SUPPORT_NOT_CONFIRMED|RSI_NOT_BELOW_32|CLOSE_NOT_NEAR_OR_BELOW_LOWER_BB|CLOSE_NOT_ABOVE_MA200|RSI_RECOVERY_NOT_CONFIRMED
2026-09-16T13:27:06.952279+00:00,SIE_OLD_MR_REGIME_EXHAUSTION_CONFIRM_V1,XRP,XRPUSDT,strategy-lab-v1.0.0:SIE_OLD_MR_REGIME_EXHAUSTION_CONFIRM_V1,1789556400000,2026-09-16T11:00:00+00:00,1.2886,1.2973,1.2852,1.2947,60.08869179600885,1.30144,1.235409752385744,1.375681,0.013214285714285734,0.010206446060311836,47.65234765234769,1.25,False,TREND_SUPPORT_NOT_CONFIRMED|RSI_NOT_BELOW_32|CLOSE_NOT_NEAR_OR_BELOW_LOWER_BB|CLOSE_NOT_ABOVE_MA200
2026-09-16T13:27:06.952279+00:00,SIE_OLD_MR_REGIME_EXHAUSTION_CONFIRM_V1,XRP,XRPUSDT,strategy-lab-v1.0.0:SIE_OLD_MR_REGIME_EXHAUSTION_CONFIRM_V1,1789560000000,2026-09-16T12:00:00+00:00,1.2947,1.2954,1.2779,1.2818,46.4989059080963,1.296195,1.2425923330887356,1.3751375000000001,0.013328571428571452,0.010398323785747739,60.08869179600885,1.2500000000000042,False,TREND_SUPPORT_NOT_CONFIRMED|RSI_NOT_BELOW_32|CLOSE_NOT_NEAR_OR_BELOW_LOWER_BB|CLOSE_NOT_ABOVE_MA200|RSI_RECOVERY_NOT_CONFIRMED
2026-09-16T13:27:06.952279+00:00,SIE_OLD_MR_REGIME_EXHAUSTION_CONFIRM_V1,XRP,XRPUSDT,strategy-lab-v1.0.0:SIE_OLD_MR_REGIME_EXHAUSTION_CONFIRM_V1,1789563600000,2026-09-16T13:00:00+00:00,1.2816,1.2822,1.2695,1.2739,45.50321199143471,1.2896800000000002,1.268003690350985,1.3745714999999998,0.01311428571428573,0.010294595897861471,46.4989059080963,1.2500000000000042,False,TREND_SUPPORT_NOT_CONFIRMED|RSI_NOT_BELOW_32|CLOSE_NOT_NEAR_OR_BELOW_LOWER_BB|CLOSE_NOT_ABOVE_MA200|RSI_RECOVERY_NOT_CONFIRMED
2026-09-16T13:27:06.952279+00:00,SIE_OLD_MR_REGIME_EXHAUSTION_CONFIRM_V1,DOGE,DOGEUSDT,strategy-lab-v1.0.0:SIE_OLD_MR_REGIME_EXHAUSTION_CONFIRM_V1,1789545600000,2026-09-16T08:00:00+00:00,0.0796,0.07962,0.07908,0.07943,35.44857768052525,0.08050349999999999,0.07868917615900653,0.08511675,0.0007092857142857129,0.008929695509073559,28.27225130890065,1.2500000000000098,False,TREND_SUPPORT_NOT_CONFIRMED|RSI_NOT_BELOW_32|CLOSE_NOT_NEAR_OR_BELOW_LOWER_BB|CLOSE_NOT_ABOVE_MA200|RSI_RECOVERY_NOT_CONFIRMED
2026-09-16T13:27:06.952279+00:00,SIE_OLD_MR_REGIME_EXHAUSTION_CONFIRM_V1,DOGE,DOGEUSDT,strategy-lab-v1.0.0:SIE_OLD_MR_REGIME_EXHAUSTION_CONFIRM_V1,1789549200000,2026-09-16T09:00:00+00:00,0.07946,0.0799,0.07946,0.07984,40.28340080971661,0.0803545,0.07886527906273205,0.08506,0.0006871428571428555,0.008606498711709112,35.44857768052525,1.25000000000001,False,TREND_SUPPORT_NOT_CONFIRMED|RSI_NOT_BELOW_32|CLOSE_NOT_NEAR_OR_BELOW_LOWER_BB|CLOSE_NOT_ABOVE_MA200
2026-09-16T13:27:06.952279+00:00,SIE_OLD_MR_REGIME_EXHAUSTION_CONFIRM_V1,DOGE,DOGEUSDT,strategy-lab-v1.0.0:SIE_OLD_MR_REGIME_EXHAUSTION_CONFIRM_V1,1789552800000,2026-09-16T10:00:00+00:00,0.07985,0.07997,0.07965,0.07997,45.01061571125269,0.0802925,0.0788483410752285,0.08501015,0.000625714285714284,0.007824362707443841,40.28340080971661,1.25,False,TREND_SUPPORT_NOT_CONFIRMED|RSI_NOT_BELOW_32|CLOSE_NOT_NEAR_OR_BELOW_LOWER_BB|CLOSE_NOT_ABOVE_MA200
2026-09-16T13:27:06.952279+00:00,SIE_OLD_MR_REGIME_EXHAUSTION_CONFIRM_V1,DOGE,DOGEUSDT,strategy-lab-v1.0.0:SIE_OLD_MR_REGIME_EXHAUSTION_CONFIRM_V1,1789556400000,2026-09-16T11:00:00+00:00,0.07997,0.08033,0.07981,0.08013,57.721518987341895,0.08021550000000001,0.07891640069663743,0.0849609,0.000592857142857141,0.007398691412169486,45.01061571125269,1.2500000000000118,False,TREND_SUPPORT_NOT_CONFIRMED|RSI_NOT_BELOW_32|CLOSE_NOT_NEAR_OR_BELOW_LOWER_BB|CLOSE_NOT_ABOVE_MA200
2026-09-16T13:27:06.952279+00:00,SIE_OLD_MR_REGIME_EXHAUSTION_CONFIRM_V1,DOGE,DOGEUSDT,strategy-lab-v1.0.0:SIE_OLD_MR_REGIME_EXHAUSTION_CONFIRM_V1,1789560000000,2026-09-16T12:00:00+00:00,0.08011,0.08025,0.0792,0.07932,40.09661835748795,0.08010400000000001,0.07890311032979833,0.08490935000000001,0.0006007142857142837,0.007573301635328842,57.721518987341895,1.25,False,TREND_SUPPORT_NOT_CONFIRMED|RSI_NOT_BELOW_32|CLOSE_NOT_NEAR_OR_BELOW_LOWER_BB|CLOSE_NOT_ABOVE_MA200|RSI_RECOVERY_NOT_CONFIRMED
2026-09-16T13:27:06.952279+00:00,SIE_OLD_MR_REGIME_EXHAUSTION_CONFIRM_V1,DOGE,DOGEUSDT,strategy-lab-v1.0.0:SIE_OLD_MR_REGIME_EXHAUSTION_CONFIRM_V1,1789563600000,2026-09-16T13:00:00+00:00,0.0793,0.07931,0.0788,0.07898,37.98627002288327,0.0799485,0.07904891620735084,0.08485630000000001,0.0005921428571428555,0.007497377274536029,40.09661835748795,1.2500000000000058,False,TREND_SUPPORT_NOT_CONFIRMED|RSI_NOT_BELOW_32|CLOSE_NOT_ABOVE_MA200|RSI_RECOVERY_NOT_CONFIRMED
2026-09-16T13:27:06.952279+00:00,SIE_OLD_MR_REGIME_EXHAUSTION_CONFIRM_V1,BNB,BNBUSDT,strategy-lab-v1.0.0:SIE_OLD_MR_REGIME_EXHAUSTION_CONFIRM_V1,1789545600000,2026-09-16T08:00:00+00:00,708.86,708.98,703.68,706.96,33.44272076372327,714.482,706.6456779035007,727.27345,4.699285714285728,0.006647173410498087,31.59526493799332,1.250000000000012,False,TREND_SUPPORT_NOT_CONFIRMED|RSI_NOT_BELOW_32|CLOSE_NOT_ABOVE_MA200|RSI_RECOVERY_NOT_CONFIRMED
2026-09-16T13:27:06.952279+00:00,SIE_OLD_MR_REGIME_EXHAUSTION_CONFIRM_V1,BNB,BNBUSDT,strategy-lab-v1.0.0:SIE_OLD_MR_REGIME_EXHAUSTION_CONFIRM_V1,1789549200000,2026-09-16T09:00:00+00:00,707.17,710.31,706.95,710.31,38.26784726065295,713.996,706.3941439108539,727.1128,4.580000000000008,0.006447888949895128,33.44272076372327,1.2499999999999938,False,TREND_SUPPORT_NOT_CONFIRMED|PLANNED_REWARD_TOO_LOW|RSI_NOT_BELOW_32|CLOSE_NOT_NEAR_OR_BELOW_LOWER_BB|CLOSE_NOT_ABOVE_MA200
2026-09-16T13:27:06.952279+00:00,SIE_OLD_MR_REGIME_EXHAUSTION_CONFIRM_V1,BNB,BNBUSDT,strategy-lab-v1.0.0:SIE_OLD_MR_REGIME_EXHAUSTION_CONFIRM_V1,1789552800000,2026-09-16T10:00:00+00:00,710.4,711.34,710.07,710.89,44.05380617548151,713.7745,706.082242919007,726.9753,4.085714285714289,0.005747322772460281,38.26784726065295,1.2500000000000069,False,TREND_SUPPORT_NOT_CONFIRMED|RSI_NOT_BELOW_32|CLOSE_NOT_NEAR_OR_BELOW_LOWER_BB|CLOSE_NOT_ABOVE_MA200
2026-09-16T13:27:06.952279+00:00,SIE_OLD_MR_REGIME_EXHAUSTION_CONFIRM_V1,BNB,BNBUSDT,strategy-lab-v1.0.0:SIE_OLD_MR_REGIME_EXHAUSTION_CONFIRM_V1,1789556400000,2026-09-16T11:00:00+00:00,710.8,715.42,710.59,713.7,54.493670886075996,713.564,706.1091883994235,726.8301999999999,4.09571428571428,0.0057387057387057305,44.05380617548151,1.2499999999999931,False,TREND_SUPPORT_NOT_CONFIRMED|PLANNED_REWARD_TOO_LOW|RSI_NOT_BELOW_32|CLOSE_NOT_NEAR_OR_BELOW_LOWER_BB|CLOSE_NOT_ABOVE_MA200
2026-09-16T13:27:06.952279+00:00,SIE_OLD_MR_REGIME_EXHAUSTION_CONFIRM_V1,BNB,BNBUSDT,strategy-lab-v1.0.0:SIE_OLD_MR_REGIME_EXHAUSTION_CONFIRM_V1,1789560000000,2026-09-16T12:00:00+00:00,713.55,714.09,711.48,712.36,49.224806201550365,713.2305,706.1988701035897,726.66475,3.882857142857136,0.005450695073919276,54.493670886075996,1.25,False,TREND_SUPPORT_NOT_CONFIRMED|RSI_NOT_BELOW_32|CLOSE_NOT_NEAR_OR_BELOW_LOWER_BB|CLOSE_NOT_ABOVE_MA200|RSI_RECOVERY_NOT_CONFIRMED
2026-09-16T13:27:06.952279+00:00,SIE_OLD_MR_REGIME_EXHAUSTION_CONFIRM_V1,BNB,BNBUSDT,strategy-lab-v1.0.0:SIE_OLD_MR_REGIME_EXHAUSTION_CONFIRM_V1,1789563600000,2026-09-16T13:00:00+00:00,712.06,712.22,709.88,711.5,49.72267536704737,712.691,706.9933166111047,726.4675500000001,3.8135714285714193,0.00535990362413411,49.224806201550365,1.2499999999999925,False,TREND_SUPPORT_NOT_CONFIRMED|PLANNED_REWARD_TOO_LOW|RSI_NOT_BELOW_32|CLOSE_NOT_NEAR_OR_BELOW_LOWER_BB|CLOSE_NOT_ABOVE_MA200|RSI_RECOVERY_NOT_CONFIRMED
2026-09-16T13:27:06.952279+00:00,SIE_OLD_MR_REGIME_EXHAUSTION_CONFIRM_V1,PAXG,PAXGUSDT,strategy-lab-v1.0.0:SIE_OLD_MR_REGIME_EXHAUSTION_CONFIRM_V1,1789545600000,2026-09-16T08:00:00+00:00,4329.31,4336.78,4324.02,4330.85,61.1206403659234,4303.942,4265.792659979468,4351.9314,12.791428571428696,0.0029535607493745325,64.76379652819743,1.25,False,TREND_SUPPORT_NOT_CONFIRMED|RSI_NOT_BELOW_32|CLOSE_NOT_NEAR_OR_BELOW_LOWER_BB|CLOSE_NOT_ABOVE_MA200|RSI_RECOVERY_NOT_CONFIRMED
2026-09-16T13:27:06.952279+00:00,SIE_OLD_MR_REGIME_EXHAUSTION_CONFIRM_V1,PAXG,PAXGUSDT,strategy-lab-v1.0.0:SIE_OLD_MR_REGIME_EXHAUSTION_CONFIRM_V1,1789549200000,2026-09-16T09:00:00+00:00,4331.01,4339.71,4328.5,4339.69,71.28345379957037,4306.067499999999,4265.034097569757,4351.44545,12.555000000000096,0.002893063790270756,61.1206403659234,1.25,False,TREND_SUPPORT_NOT_CONFIRMED|RSI_NOT_BELOW_32|CLOSE_NOT_NEAR_OR_BELOW_LOWER_BB|CLOSE_NOT_ABOVE_MA200
2026-09-16T13:27:06.952279+00:00,SIE_OLD_MR_REGIME_EXHAUSTION_CONFIRM_V1,PAXG,PAXGUSDT,strategy-lab-v1.0.0:SIE_OLD_MR_REGIME_EXHAUSTION_CONFIRM_V1,1789552800000,2026-09-16T10:00:00+00:00,4339.7,4350.87,4338.08,4349.14,75.35423713319321,4309.639499999999,4266.711555499915,4351.07655,13.019285714285811,0.0029935310691966252,71.28345379957037,1.2500000000000175,False,TREND_SUPPORT_NOT_CONFIRMED|RSI_NOT_BELOW_32|CLOSE_NOT_NEAR_OR_BELOW_LOWER_BB|CLOSE_NOT_ABOVE_MA200
2026-09-16T13:27:06.952279+00:00,SIE_OLD_MR_REGIME_EXHAUSTION_CONFIRM_V1,PAXG,PAXGUSDT,strategy-lab-v1.0.0:SIE_OLD_MR_REGIME_EXHAUSTION_CONFIRM_V1,1789556400000,2026-09-16T11:00:00+00:00,4351.54,4354.69,4338.82,4341.08,69.66914948900039,4312.1885,4268.163945362817,4350.59245,13.979285714285782,0.0032202322266085357,75.35423713319321,1.25,False,TREND_SUPPORT_NOT_CONFIRMED|RSI_NOT_BELOW_32|CLOSE_NOT_NEAR_OR_BELOW_LOWER_BB|CLOSE_NOT_ABOVE_MA200|RSI_RECOVERY_NOT_CONFIRMED
2026-09-16T13:27:06.952279+00:00,SIE_OLD_MR_REGIME_EXHAUSTION_CONFIRM_V1,PAXG,PAXGUSDT,strategy-lab-v1.0.0:SIE_OLD_MR_REGIME_EXHAUSTION_CONFIRM_V1,1789560000000,2026-09-16T12:00:00+00:00,4340.44,4350.31,4334.35,4350.31,75.79240977094074,4314.887,4268.524854191135,4350.16335,14.54285714285717,0.003342947317054915,69.66914948900039,1.2499999999999845,False,TREND_SUPPORT_NOT_CONFIRMED|PLANNED_REWARD_TOO_LOW|RSI_NOT_BELOW_32|CLOSE_NOT_NEAR_OR_BELOW_LOWER_BB
2026-09-16T13:27:06.952279+00:00,SIE_OLD_MR_REGIME_EXHAUSTION_CONFIRM_V1,PAXG,PAXGUSDT,strategy-lab-v1.0.0:SIE_OLD_MR_REGIME_EXHAUSTION_CONFIRM_V1,1789563600000,2026-09-16T13:00:00+00:00,4349.39,4361.18,4345.14,4354.62,81.22731201382877,4317.924000000001,4269.550055194946,4349.839199999999,15.138571428571465,0.003476439144763829,75.79240977094074,1.25,False,TREND_SUPPORT_NOT_CONFIRMED|RSI_NOT_BELOW_32|CLOSE_NOT_NEAR_OR_BELOW_LOWER_BB
2026-09-16T18:09:16.199311+00:00,SIE_OLD_MR_REGIME_EXHAUSTION_CONFIRM_V1,BTC,BTCUSDT,strategy-lab-v1.0.0:SIE_OLD_MR_REGIME_EXHAUSTION_CONFIRM_V1,1789567200000,2026-09-16T14:00:00+00:00,75582.09,75766.6,75349.25,75632.96,48.362785970160374,75774.3745,75368.64727012879,77513.7862,373.7828571428628,0.004942063052178081,49.95855772888361,1.2499999999999902,False,TREND_SUPPORT_NOT_CONFIRMED|PLANNED_REWARD_TOO_LOW|RSI_NOT_BELOW_32|CLOSE_NOT_NEAR_OR_BELOW_LOWER_BB|CLOSE_NOT_ABOVE_MA200|RSI_RECOVERY_NOT_CONFIRMED
2026-09-16T18:09:16.199311+00:00,SIE_OLD_MR_REGIME_EXHAUSTION_CONFIRM_V1,BTC,BTCUSDT,strategy-lab-v1.0.0:SIE_OLD_MR_REGIME_EXHAUSTION_CONFIRM_V1,1789570800000,2026-09-16T15:00:00+00:00,75637.85,75894.32,75469.96,75730.9,56.61232086191579,75754.603,75382.2397259732,77500.1853,367.9007142857195,0.004858000027541196,48.362785970160374,1.25000000000001,False,TREND_SUPPORT_NOT_CONFIRMED|RSI_NOT_BELOW_32|CLOSE_NOT_NEAR_OR_BELOW_LOWER_BB|CLOSE_NOT_ABOVE_MA200
2026-09-16T18:09:16.199311+00:00,SIE_OLD_MR_REGIME_EXHAUSTION_CONFIRM_V1,BTC,BTCUSDT,strategy-lab-v1.0.0:SIE_OLD_MR_REGIME_EXHAUSTION_CONFIRM_V1,1789574400000,2026-09-16T16:00:00+00:00,75730.91,75832.95,75569.23,75701.55,46.72018641470878,75745.96650000001,75377.11089327704,77486.78995,341.47642857143364,0.004510824792509977,56.61232086191579,1.2500000000000107,False,TREND_SUPPORT_NOT_CONFIRMED|RSI_NOT_BELOW_32|CLOSE_NOT_NEAR_OR_BELOW_LOWER_BB|CLOSE_NOT_ABOVE_MA200|RSI_RECOVERY_NOT_CONFIRMED
2026-09-16T18:09:16.199311+00:00,SIE_OLD_MR_REGIME_EXHAUSTION_CONFIRM_V1,BTC,BTCUSDT,strategy-lab-v1.0.0:SIE_OLD_MR_REGIME_EXHAUSTION_CONFIRM_V1,1789578000000,2026-09-16T17:00:00+00:00,75701.56,75850.0,75274.11,75681.25,47.974368219213886,75760.5245,75427.78624614426,77471.5318,359.4378571428616,0.004749364699220238,46.72018641470878,1.2500000000000102,False,TREND_SUPPORT_NOT_CONFIRMED|RSI_NOT_BELOW_32|CLOSE_NOT_NEAR_OR_BELOW_LOWER_BB|CLOSE_NOT_ABOVE_MA200|RSI_RECOVERY_NOT_CONFIRMED
2026-09-16T18:09:16.199311+00:00,SIE_OLD_MR_REGIME_EXHAUSTION_CONFIRM_V1,BTC,BTCUSDT,strategy-lab-v1.0.0:SIE_OLD_MR_REGIME_EXHAUSTION_CONFIRM_V1,1789581600000,2026-09-16T18:00:00+00:00,75688.82,76140.2,75217.43,75994.29,54.7067244355877,75779.689,75439.53700468618,77458.83245,409.886428571433,0.00539364771447214,47.974368219213886,1.2499999999999911,False,TREND_SUPPORT_NOT_CONFIRMED|PLANNED_REWARD_TOO_LOW|RSI_NOT_BELOW_32|CLOSE_NOT_NEAR_OR_BELOW_LOWER_BB|CLOSE_NOT_ABOVE_MA200
2026-09-16T18:09:16.199311+00:00,SIE_OLD_MR_REGIME_EXHAUSTION_CONFIRM_V1,SOL,SOLUSDT,strategy-lab-v1.0.0:SIE_OLD_MR_REGIME_EXHAUSTION_CONFIRM_V1,1789567200000,2026-09-16T14:00:00+00:00,97.1,97.2,96.56,96.97,49.62216624685137,97.139,96.42958051901623,101.16744999999999,0.7142857142857163,0.007366048409670169,53.48258706467665,1.25,False,TREND_SUPPORT_NOT_CONFIRMED|RSI_NOT_BELOW_32|CLOSE_NOT_NEAR_OR_BELOW_LOWER_BB|CLOSE_NOT_ABOVE_MA200|RSI_RECOVERY_NOT_CONFIRMED
2026-09-16T18:09:16.199311+00:00,SIE_OLD_MR_REGIME_EXHAUSTION_CONFIRM_V1,SOL,SOLUSDT,strategy-lab-v1.0.0:SIE_OLD_MR_REGIME_EXHAUSTION_CONFIRM_V1,1789570800000,2026-09-16T15:00:00+00:00,96.97,97.53,96.78,97.05,59.07780979827091,97.101,96.46144077678508,101.13810000000001,0.701428571428573,0.007227496872010026,49.62216624685137,1.2500000000000102,False,TREND_SUPPORT_NOT_CONFIRMED|RSI_NOT_BELOW_32|CLOSE_NOT_NEAR_OR_BELOW_LOWER_BB|CLOSE_NOT_ABOVE_MA200
2026-09-16T18:09:16.199311+00:00,SIE_OLD_MR_REGIME_EXHAUSTION_CONFIRM_V1,SOL,SOLUSDT,strategy-lab-v1.0.0:SIE_OLD_MR_REGIME_EXHAUSTION_CONFIRM_V1,1789574400000,2026-09-16T16:00:00+00:00,97.04,97.44,96.88,97.15,49.46619217081848,97.09,96.46185988824207,101.10889999999999,0.6585714285714305,0.006778913315197431,59.07780979827091,1.2500000000000109,False,TREND_SUPPORT_NOT_CONFIRMED|RSI_NOT_BELOW_32|CLOSE_NOT_NEAR_OR_BELOW_LOWER_BB|CLOSE_NOT_ABOVE_MA200|RSI_RECOVERY_NOT_CONFIRMED
2026-09-16T18:09:16.199311+00:00,SIE_OLD_MR_REGIME_EXHAUSTION_CONFIRM_V1,SOL,SOLUSDT,strategy-lab-v1.0.0:SIE_OLD_MR_REGIME_EXHAUSTION_CONFIRM_V1,1789578000000,2026-09-16T17:00:00+00:00,97.14,97.27,96.0,96.92,45.544554455445585,97.1125,96.54554762104806,101.0754,0.7085714285714297,0.007310889688108025,49.46619217081848,1.249999999999995,False,TREND_SUPPORT_NOT_CONFIRMED|PLANNED_REWARD_TOO_LOW|RSI_NOT_BELOW_32|CLOSE_NOT_NEAR_OR_BELOW_LOWER_BB|CLOSE_NOT_ABOVE_MA200|RSI_RECOVERY_NOT_CONFIRMED
2026-09-16T18:09:16.199311+00:00,SIE_OLD_MR_REGIME_EXHAUSTION_CONFIRM_V1,SOL,SOLUSDT,strategy-lab-v1.0.0:SIE_OLD_MR_REGIME_EXHAUSTION_CONFIRM_V1,1789581600000,2026-09-16T18:00:00+00:00,96.92,98.8,96.19,98.8,66.32653061224491,97.1985,96.27050700433716,101.05265,0.8342857142857147,0.008444187391555818,45.544554455445585,1.2500000000000042,False,TREND_SUPPORT_NOT_CONFIRMED|RSI_NOT_BELOW_32|CLOSE_NOT_NEAR_OR_BELOW_LOWER_BB|CLOSE_NOT_ABOVE_MA200
2026-09-16T18:09:16.199311+00:00,SIE_OLD_MR_REGIME_EXHAUSTION_CONFIRM_V1,XRP,XRPUSDT,strategy-lab-v1.0.0:SIE_OLD_MR_REGIME_EXHAUSTION_CONFIRM_V1,1789567200000,2026-09-16T14:00:00+00:00,1.274,1.275,1.2613,1.2654,39.51120162932791,1.28676,1.269016336342232,1.3739850000000002,0.013414285714285712,0.010600826390300072,45.64983888292159,1.2500000000000042,False,TREND_SUPPORT_NOT_CONFIRMED|RSI_NOT_BELOW_32|CLOSE_NOT_ABOVE_MA200|RSI_RECOVERY_NOT_CONFIRMED
2026-09-16T18:09:16.199311+00:00,SIE_OLD_MR_REGIME_EXHAUSTION_CONFIRM_V1,XRP,XRPUSDT,strategy-lab-v1.0.0:SIE_OLD_MR_REGIME_EXHAUSTION_CONFIRM_V1,1789570800000,2026-09-16T15:00:00+00:00,1.2656,1.2735,1.2602,1.2654,44.75201845444065,1.285295,1.2656762869943008,1.3733725,0.01319999999999999,0.010431484115694632,39.51120162932791,1.2500000000000042,False,TREND_SUPPORT_NOT_CONFIRMED|RSI_NOT_BELOW_32|CLOSE_NOT_ABOVE_MA200
2026-09-16T18:09:16.199311+00:00,SIE_OLD_MR_REGIME_EXHAUSTION_CONFIRM_V1,XRP,XRPUSDT,strategy-lab-v1.0.0:SIE_OLD_MR_REGIME_EXHAUSTION_CONFIRM_V1,1789574400000,2026-09-16T16:00:00+00:00,1.2656,1.2691,1.2612,1.2673,35.876840696117824,1.284015,1.2632415289371277,1.3727619999999998,0.012007142857142836,0.009474586015263027,44.75201845444065,1.2499999999999953,False,TREND_SUPPORT_NOT_CONFIRMED|PLANNED_REWARD_TOO_LOW|RSI_NOT_BELOW_32|CLOSE_NOT_NEAR_OR_BELOW_LOWER_BB|CLOSE_NOT_ABOVE_MA200|RSI_RECOVERY_NOT_CONFIRMED
2026-09-16T18:09:16.199311+00:00,SIE_OLD_MR_REGIME_EXHAUSTION_CONFIRM_V1,XRP,XRPUSDT,strategy-lab-v1.0.0:SIE_OLD_MR_REGIME_EXHAUSTION_CONFIRM_V1,1789578000000,2026-09-16T17:00:00+00:00,1.2673,1.2692,1.25,1.2598,25.537634408602102,1.2831800000000002,1.2600558481236612,1.3720679999999998,0.012557142857142854,0.009967568548295645,35.876840696117824,1.2500000000000044,False,TREND_SUPPORT_NOT_CONFIRMED|CLOSE_NOT_ABOVE_MA200|RSI_RECOVERY_NOT_CONFIRMED
2026-09-16T18:09:16.199311+00:00,SIE_OLD_MR_REGIME_EXHAUSTION_CONFIRM_V1,XRP,XRPUSDT,strategy-lab-v1.0.0:SIE_OLD_MR_REGIME_EXHAUSTION_CONFIRM_V1,1789581600000,2026-09-16T18:00:00+00:00,1.2598,1.2941,1.246,1.2903,45.20276953511372,1.283285,1.2600518103782543,1.3715324999999998,0.014799999999999989,0.01147020072851274,25.537634408602102,1.2500000000000038,False,TREND_SUPPORT_NOT_CONFIRMED|RSI_NOT_BELOW_32|CLOSE_NOT_NEAR_OR_BELOW_LOWER_BB|CLOSE_NOT_ABOVE_MA200
2026-09-16T18:09:16.199311+00:00,SIE_OLD_MR_REGIME_EXHAUSTION_CONFIRM_V1,DOGE,DOGEUSDT,strategy-lab-v1.0.0:SIE_OLD_MR_REGIME_EXHAUSTION_CONFIRM_V1,1789567200000,2026-09-16T14:00:00+00:00,0.07922,0.07926,0.07867,0.07896,37.38532110091744,0.0798705,0.07899461245013883,0.08480610000000001,0.000625714285714283,0.007924446374294365,40.19370460048425,1.25,False,TREND_SUPPORT_NOT_CONFIRMED|RSI_NOT_BELOW_32|CLOSE_NOT_ABOVE_MA200|RSI_RECOVERY_NOT_CONFIRMED
2026-09-16T18:09:16.199311+00:00,SIE_OLD_MR_REGIME_EXHAUSTION_CONFIRM_V1,DOGE,DOGEUSDT,strategy-lab-v1.0.0:SIE_OLD_MR_REGIME_EXHAUSTION_CONFIRM_V1,1789570800000,2026-09-16T15:00:00+00:00,0.07899,0.07932,0.07872,0.07896,43.582887700534855,0.0797785,0.07892624944998444,0.0847549,0.0006078571428571401,0.007698292082790529,37.38532110091744,1.2500000000000058,False,TREND_SUPPORT_NOT_CONFIRMED|RSI_NOT_BELOW_32|CLOSE_NOT_ABOVE_MA200
2026-09-16T18:09:16.199311+00:00,SIE_OLD_MR_REGIME_EXHAUSTION_CONFIRM_V1,DOGE,DOGEUSDT,strategy-lab-v1.0.0:SIE_OLD_MR_REGIME_EXHAUSTION_CONFIRM_V1,1789574400000,2026-09-16T16:00:00+00:00,0.07898,0.07934,0.07887,0.07924,38.30409356725155,0.0797185,0.07889241828491253,0.08470475000000001,0.0005742857142857117,0.007247421936972636,43.582887700534855,1.249999999999994,False,TREND_SUPPORT_NOT_CONFIRMED|PLANNED_REWARD_TOO_LOW|RSI_NOT_BELOW_32|CLOSE_NOT_NEAR_OR_BELOW_LOWER_BB|CLOSE_NOT_ABOVE_MA200|RSI_RECOVERY_NOT_CONFIRMED
2026-09-16T18:09:16.199311+00:00,SIE_OLD_MR_REGIME_EXHAUSTION_CONFIRM_V1,DOGE,DOGEUSDT,strategy-lab-v1.0.0:SIE_OLD_MR_REGIME_EXHAUSTION_CONFIRM_V1,1789578000000,2026-09-16T17:00:00+00:00,0.07924,0.07925,0.07826,0.0788,34.38320209973749,0.0796825,0.07876703563695693,0.08464699999999999,0.0006092857142857121,0.007732052211747616,38.30409356725155,1.2499999999999942,False,TREND_SUPPORT_NOT_CONFIRMED|PLANNED_REWARD_TOO_LOW|RSI_NOT_BELOW_32|CLOSE_NOT_ABOVE_MA200|RSI_RECOVERY_NOT_CONFIRMED
2026-09-16T18:09:16.199311+00:00,SIE_OLD_MR_REGIME_EXHAUSTION_CONFIRM_V1,DOGE,DOGEUSDT,strategy-lab-v1.0.0:SIE_OLD_MR_REGIME_EXHAUSTION_CONFIRM_V1,1789581600000,2026-09-16T18:00:00+00:00,0.07881,0.08055,0.07834,0.08027,50.495049504950444,0.079689,0.07875890538115637,0.0845978,0.0007135714285714255,0.008889640321059244,34.38320209973749,1.25,False,TREND_SUPPORT_NOT_CONFIRMED|RSI_NOT_BELOW_32|CLOSE_NOT_NEAR_OR_BELOW_LOWER_BB|CLOSE_NOT_ABOVE_MA200
2026-09-16T18:09:16.199311+00:00,SIE_OLD_MR_REGIME_EXHAUSTION_CONFIRM_V1,BNB,BNBUSDT,strategy-lab-v1.0.0:SIE_OLD_MR_REGIME_EXHAUSTION_CONFIRM_V1,1789567200000,2026-09-16T14:00:00+00:00,710.69,711.46,707.82,709.2,42.79715762273912,712.216,706.8662246776059,726.2727,3.8157142857142747,0.005380307791475288,48.705656759348116,1.2500000000000075,False,TREND_SUPPORT_NOT_CONFIRMED|RSI_NOT_BELOW_32|CLOSE_NOT_NEAR_OR_BELOW_LOWER_BB|CLOSE_NOT_ABOVE_MA200|RSI_RECOVERY_NOT_CONFIRMED
2026-09-16T18:09:16.199311+00:00,SIE_OLD_MR_REGIME_EXHAUSTION_CONFIRM_V1,BNB,BNBUSDT,strategy-lab-v1.0.0:SIE_OLD_MR_REGIME_EXHAUSTION_CONFIRM_V1,1789570800000,2026-09-16T15:00:00+00:00,709.5,713.3,708.3,711.4,55.41606886657102,711.8465,707.423418381931,726.0565000000001,3.735714285714274,0.00525121490822923,42.79715762273912,1.2499999999999847,False,TREND_SUPPORT_NOT_CONFIRMED|PLANNED_REWARD_TOO_LOW|RSI_NOT_BELOW_32|CLOSE_NOT_NEAR_OR_BELOW_LOWER_BB|CLOSE_NOT_ABOVE_MA200
2026-09-16T18:09:16.199311+00:00,SIE_OLD_MR_REGIME_EXHAUSTION_CONFIRM_V1,BNB,BNBUSDT,strategy-lab-v1.0.0:SIE_OLD_MR_REGIME_EXHAUSTION_CONFIRM_V1,1789574400000,2026-09-16T16:00:00+00:00,711.18,713.66,710.31,712.95,50.79176563737152,711.755,707.5061625119216,725.8466999999999,3.519285714285705,0.004936230751505301,55.41606886657102,1.249999999999992,False,TREND_SUPPORT_NOT_CONFIRMED|PLANNED_REWARD_TOO_LOW|RSI_NOT_BELOW_32|CLOSE_NOT_NEAR_OR_BELOW_LOWER_BB|CLOSE_NOT_ABOVE_MA200|RSI_RECOVERY_NOT_CONFIRMED
2026-09-16T18:09:16.199311+00:00,SIE_OLD_MR_REGIME_EXHAUSTION_CONFIRM_V1,BNB,BNBUSDT,strategy-lab-v1.0.0:SIE_OLD_MR_REGIME_EXHAUSTION_CONFIRM_V1,1789578000000,2026-09-16T17:00:00+00:00,712.91,713.69,708.48,712.51,47.2324723247232,711.8375,707.5973119145374,725.6360000000001,3.694285714285708,0.005184889635634178,50.79176563737152,1.2500000000000078,False,TREND_SUPPORT_NOT_CONFIRMED|RSI_NOT_BELOW_32|CLOSE_NOT_NEAR_OR_BELOW_LOWER_BB|CLOSE_NOT_ABOVE_MA200|RSI_RECOVERY_NOT_CONFIRMED
2026-09-16T18:09:16.199311+00:00,SIE_OLD_MR_REGIME_EXHAUSTION_CONFIRM_V1,BNB,BNBUSDT,strategy-lab-v1.0.0:SIE_OLD_MR_REGIME_EXHAUSTION_CONFIRM_V1,1789581600000,2026-09-16T18:00:00+00:00,712.85,720.46,710.43,720.19,58.5373711340207,712.205,706.620125784756,725.45505,4.2450000000000045,0.005894277898887799,47.2324723247232,1.2499999999999933,False,TREND_SUPPORT_NOT_CONFIRMED|PLANNED_REWARD_TOO_LOW|RSI_NOT_BELOW_32|CLOSE_NOT_NEAR_OR_BELOW_LOWER_BB|CLOSE_NOT_ABOVE_MA200
2026-09-16T18:09:16.199311+00:00,SIE_OLD_MR_REGIME_EXHAUSTION_CONFIRM_V1,PAXG,PAXGUSDT,strategy-lab-v1.0.0:SIE_OLD_MR_REGIME_EXHAUSTION_CONFIRM_V1,1789567200000,2026-09-16T14:00:00+00:00,4333.68,4356.02,4326.17,4355.53,76.08516483516462,4319.3150000000005,4270.544565308455,4349.47625,17.285000000000114,0.00396851818263222,70.4509742300439,1.25,False,TREND_SUPPORT_NOT_CONFIRMED|RSI_NOT_BELOW_32|CLOSE_NOT_NEAR_OR_BELOW_LOWER_BB
2026-09-16T18:09:16.199311+00:00,SIE_OLD_MR_REGIME_EXHAUSTION_CONFIRM_V1,PAXG,PAXGUSDT,strategy-lab-v1.0.0:SIE_OLD_MR_REGIME_EXHAUSTION_CONFIRM_V1,1789570800000,2026-09-16T15:00:00+00:00,4355.18,4360.16,4343.89,4352.29,73.96360651251875,4322.124,4272.558194286763,4349.2826000000005,17.3335714285715,0.003982632459824943,76.08516483516462,1.25,False,TREND_SUPPORT_NOT_CONFIRMED|RSI_NOT_BELOW_32|CLOSE_NOT_NEAR_OR_BELOW_LOWER_BB|RSI_RECOVERY_NOT_CONFIRMED
2026-09-16T18:09:16.199311+00:00,SIE_OLD_MR_REGIME_EXHAUSTION_CONFIRM_V1,PAXG,PAXGUSDT,strategy-lab-v1.0.0:SIE_OLD_MR_REGIME_EXHAUSTION_CONFIRM_V1,1789574400000,2026-09-16T16:00:00+00:00,4352.29,4352.29,4343.9,4347.33,60.56828597616838,4324.807,4275.887498735143,4349.0533,14.930000000000032,0.0034342918527004006,73.96360651251875,1.25,False,TREND_SUPPORT_NOT_CONFIRMED|RSI_NOT_BELOW_32|CLOSE_NOT_NEAR_OR_BELOW_LOWER_BB|CLOSE_NOT_ABOVE_MA200|RSI_RECOVERY_NOT_CONFIRMED
2026-09-16T18:09:16.199311+00:00,SIE_OLD_MR_REGIME_EXHAUSTION_CONFIRM_V1,PAXG,PAXGUSDT,strategy-lab-v1.0.0:SIE_OLD_MR_REGIME_EXHAUSTION_CONFIRM_V1,1789578000000,2026-09-16T17:00:00+00:00,4346.65,4370.35,4342.13,4370.35,66.52921496926794,4328.5415,4277.72560592145,4348.910749999999,15.667142857142933,0.0035848714306961527,60.56828597616838,1.25,False,TREND_SUPPORT_NOT_CONFIRMED|RSI_NOT_BELOW_32|CLOSE_NOT_NEAR_OR_BELOW_LOWER_BB
2026-09-16T18:09:16.199311+00:00,SIE_OLD_MR_REGIME_EXHAUSTION_CONFIRM_V1,PAXG,PAXGUSDT,strategy-lab-v1.0.0:SIE_OLD_MR_REGIME_EXHAUSTION_CONFIRM_V1,1789581600000,2026-09-16T18:00:00+00:00,4353.13,4363.8,4318.12,4334.14,53.29718274744446,4330.7845,4283.2439230261925,4348.5912,18.795714285714375,0.004336665240558536,66.52921496926794,1.2500000000000242,False,TREND_SUPPORT_NOT_CONFIRMED|RSI_NOT_BELOW_32|CLOSE_NOT_NEAR_OR_BELOW_LOWER_BB|CLOSE_NOT_ABOVE_MA200|RSI_RECOVERY_NOT_CONFIRMED
2026-09-16T22:53:11.345463+00:00,SIE_OLD_MR_REGIME_EXHAUSTION_CONFIRM_V1,BTC,BTCUSDT,strategy-lab-v1.0.0:SIE_OLD_MR_REGIME_EXHAUSTION_CONFIRM_V1,1789585200000,2026-09-16T19:00:00+00:00,75555.99,76108.27,75160.8,76000.0,52.091956271423086,75778.5655,75434.24339345009,77444.63155,501.5478571428612,0.006599313909774489,43.72352925816648,1.2500000000000073,False,TREND_SUPPORT_NOT_CONFIRMED|RSI_NOT_BELOW_32|CLOSE_NOT_NEAR_OR_BELOW_LOWER_BB|CLOSE_NOT_ABOVE_MA200
2026-09-16T22:53:11.345463+00:00,SIE_OLD_MR_REGIME_EXHAUSTION_CONFIRM_V1,BTC,BTCUSDT,strategy-lab-v1.0.0:SIE_OLD_MR_REGIME_EXHAUSTION_CONFIRM_V1,1789588800000,2026-09-16T20:00:00+00:00,75992.8,76345.0,75940.46,76101.98,52.90577746700458,75798.054,75427.81450478647,77433.0302,514.0357142857174,0.006754564260821039,52.091956271423086,1.2499999999999858,False,TREND_SUPPORT_NOT_CONFIRMED|PLANNED_REWARD_TOO_LOW|RSI_NOT_BELOW_32|CLOSE_NOT_NEAR_OR_BELOW_LOWER_BB|CLOSE_NOT_ABOVE_MA200
2026-09-16T22:53:11.345463+00:00,SIE_OLD_MR_REGIME_EXHAUSTION_CONFIRM_V1,BTC,BTCUSDT,strategy-lab-v1.0.0:SIE_OLD_MR_REGIME_EXHAUSTION_CONFIRM_V1,1789592400000,2026-09-16T21:00:00+00:00,76102.99,76148.8,75857.6,75907.46,54.92246549737325,75821.69750000001,75488.81021854427,77422.9045,507.39571428571696,0.006684398533236614,52.90577746700458,1.250000000000007,False,TREND_SUPPORT_NOT_CONFIRMED|RSI_NOT_BELOW_32|CLOSE_NOT_NEAR_OR_BELOW_LOWER_BB|CLOSE_NOT_ABOVE_MA200|RSI_RECOVERY_NOT_CONFIRMED
2026-09-16T22:53:11.345463+00:00,SIE_OLD_MR_REGIME_EXHAUSTION_CONFIRM_V1,BTC,BTCUSDT,strategy-lab-v1.0.0:SIE_OLD_MR_REGIME_EXHAUSTION_CONFIRM_V1,1789596000000,2026-09-16T22:00:00+00:00,75907.47,75924.81,75592.58,75637.47,49.329285685179926,75812.3285,75469.91238441695,77408.39875,501.2228571428589,0.006626647574844305,54.92246549737325,1.25,False,TREND_SUPPORT_NOT_CONFIRMED|RSI_NOT_BELOW_32|CLOSE_NOT_NEAR_OR_BELOW_LOWER_BB|CLOSE_NOT_ABOVE_MA200|RSI_RECOVERY_NOT_CONFIRMED
2026-09-16T22:53:11.345463+00:00,SIE_OLD_MR_REGIME_EXHAUSTION_CONFIRM_V1,SOL,SOLUSDT,strategy-lab-v1.0.0:SIE_OLD_MR_REGIME_EXHAUSTION_CONFIRM_V1,1789585200000,2026-09-16T19:00:00+00:00,97.74,98.64,96.79,97.97,60.049627791563374,97.203,96.49790142533172,101.02300000000001,0.9364285714285714,0.00955831960221059,57.03124999999995,1.2499999999999962,False,TREND_SUPPORT_NOT_CONFIRMED|PLANNED_REWARD_TOO_LOW|RSI_NOT_BELOW_32|CLOSE_NOT_NEAR_OR_BELOW_LOWER_BB|CLOSE_NOT_ABOVE_MA200
2026-09-16T22:53:11.345463+00:00,SIE_OLD_MR_REGIME_EXHAUSTION_CONFIRM_V1,SOL,SOLUSDT,strategy-lab-v1.0.0:SIE_OLD_MR_REGIME_EXHAUSTION_CONFIRM_V1,1789588800000,2026-09-16T20:00:00+00:00,98.0,98.82,97.91,98.63,64.6153846153847,97.28450000000001,96.35196635449479,101.0009,0.9628571428571421,0.009762315146072616,60.049627791563374,1.2500000000000038,False,TREND_SUPPORT_NOT_CONFIRMED|RSI_NOT_BELOW_32|CLOSE_NOT_NEAR_OR_BELOW_LOWER_BB|CLOSE_NOT_ABOVE_MA200
2026-09-16T22:53:11.345463+00:00,SIE_OLD_MR_REGIME_EXHAUSTION_CONFIRM_V1,SOL,SOLUSDT,strategy-lab-v1.0.0:SIE_OLD_MR_REGIME_EXHAUSTION_CONFIRM_V1,1789592400000,2026-09-16T21:00:00+00:00,98.63,98.71,98.03,98.31,65.77181208053698,97.37899999999999,96.43308457037679,100.9791,0.9671428571428555,0.00983768545562868,64.6153846153847,1.2499999999999962,False,TREND_SUPPORT_NOT_CONFIRMED|PLANNED_REWARD_TOO_LOW|RSI_NOT_BELOW_32|CLOSE_NOT_NEAR_OR_BELOW_LOWER_BB|CLOSE_NOT_ABOVE_MA200|RSI_RECOVERY_NOT_CONFIRMED
2026-09-16T22:53:11.345463+00:00,SIE_OLD_MR_REGIME_EXHAUSTION_CONFIRM_V1,SOL,SOLUSDT,strategy-lab-v1.0.0:SIE_OLD_MR_REGIME_EXHAUSTION_CONFIRM_V1,1789596000000,2026-09-16T22:00:00+00:00,98.33,98.36,97.37,97.37,53.745318352059996,97.3885,96.44696348982141,100.94935,0.990714285714284,0.010174738479144336,65.77181208053698,1.249999999999993,False,TREND_SUPPORT_NOT_CONFIRMED|PLANNED_REWARD_TOO_LOW|RSI_NOT_BELOW_32|CLOSE_NOT_NEAR_OR_BELOW_LOWER_BB|CLOSE_NOT_ABOVE_MA200|RSI_RECOVERY_NOT_CONFIRMED
2026-09-16T22:53:11.345463+00:00,SIE_OLD_MR_REGIME_EXHAUSTION_CONFIRM_V1,XRP,XRPUSDT,strategy-lab-v1.0.0:SIE_OLD_MR_REGIME_EXHAUSTION_CONFIRM_V1,1789585200000,2026-09-16T19:00:00+00:00,1.2777,1.3038,1.2734,1.2995,51.35640785781111,1.2834999999999999,1.2592291944921477,1.3709935,0.016449999999999982,0.012658714890342425,37.18820861678005,1.2499999999999967,False,TREND_SUPPORT_NOT_CONFIRMED|PLANNED_REWARD_TOO_LOW|RSI_NOT_BELOW_32|CLOSE_NOT_NEAR_OR_BELOW_LOWER_BB|CLOSE_NOT_ABOVE_MA200
2026-09-16T22:53:11.345463+00:00,SIE_OLD_MR_REGIME_EXHAUSTION_CONFIRM_V1,XRP,XRPUSDT,strategy-lab-v1.0.0:SIE_OLD_MR_REGIME_EXHAUSTION_CONFIRM_V1,1789588800000,2026-09-16T20:00:00+00:00,1.3002,1.317,1.2957,1.3016,52.29357798165143,1.28428,1.2587670542665106,1.3705085,0.01721428571428569,0.013225480727017278,51.35640785781111,1.2500000000000064,False,TREND_SUPPORT_NOT_CONFIRMED|RSI_NOT_BELOW_32|CLOSE_NOT_NEAR_OR_BELOW_LOWER_BB|CLOSE_NOT_ABOVE_MA200
2026-09-16T22:53:11.345463+00:00,SIE_OLD_MR_REGIME_EXHAUSTION_CONFIRM_V1,XRP,XRPUSDT,strategy-lab-v1.0.0:SIE_OLD_MR_REGIME_EXHAUSTION_CONFIRM_V1,1789592400000,2026-09-16T21:00:00+00:00,1.3015,1.3016,1.286,1.2917,53.621825023518376,1.2851400000000002,1.2598450677012178,1.3699510000000001,0.017057142857142833,0.013205189174841552,52.29357798165143,1.2500000000000064,False,TREND_SUPPORT_NOT_CONFIRMED|RSI_NOT_BELOW_32|CLOSE_NOT_NEAR_OR_BELOW_LOWER_BB|CLOSE_NOT_ABOVE_MA200|RSI_RECOVERY_NOT_CONFIRMED
2026-09-16T22:53:11.345463+00:00,SIE_OLD_MR_REGIME_EXHAUSTION_CONFIRM_V1,XRP,XRPUSDT,strategy-lab-v1.0.0:SIE_OLD_MR_REGIME_EXHAUSTION_CONFIRM_V1,1789596000000,2026-09-16T22:00:00+00:00,1.2919,1.2928,1.2792,1.2861,51.121076233183835,1.2850249999999999,1.2597695154471353,1.3692954999999998,0.017414285714285698,0.013540382329745509,53.621825023518376,1.25,False,TREND_SUPPORT_NOT_CONFIRMED|RSI_NOT_BELOW_32|CLOSE_NOT_NEAR_OR_BELOW_LOWER_BB|CLOSE_NOT_ABOVE_MA200|RSI_RECOVERY_NOT_CONFIRMED
2026-09-16T22:53:11.345463+00:00,SIE_OLD_MR_REGIME_EXHAUSTION_CONFIRM_V1,DOGE,DOGEUSDT,strategy-lab-v1.0.0:SIE_OLD_MR_REGIME_EXHAUSTION_CONFIRM_V1,1789585200000,2026-09-16T19:00:00+00:00,0.07956,0.08055,0.07904,0.08034,52.61044176706822,0.079665,0.07873467747527978,0.08454815,0.0007942857142857117,0.009886553575873933,41.314553990610335,1.2499999999999956,False,TREND_SUPPORT_NOT_CONFIRMED|PLANNED_REWARD_TOO_LOW|RSI_NOT_BELOW_32|CLOSE_NOT_NEAR_OR_BELOW_LOWER_BB|CLOSE_NOT_ABOVE_MA200
2026-09-16T22:53:11.345463+00:00,SIE_OLD_MR_REGIME_EXHAUSTION_CONFIRM_V1,DOGE,DOGEUSDT,strategy-lab-v1.0.0:SIE_OLD_MR_REGIME_EXHAUSTION_CONFIRM_V1,1789588800000,2026-09-16T20:00:00+00:00,0.08033,0.08077,0.08018,0.08063,54.35203094777553,0.0796935,0.07868489155268171,0.08450529999999999,0.0008121428571428545,0.010072465052001173,52.61044176706822,1.2500000000000042,False,TREND_SUPPORT_NOT_CONFIRMED|RSI_NOT_BELOW_32|CLOSE_NOT_NEAR_OR_BELOW_LOWER_BB|CLOSE_NOT_ABOVE_MA200
2026-09-16T22:53:11.345463+00:00,SIE_OLD_MR_REGIME_EXHAUSTION_CONFIRM_V1,DOGE,DOGEUSDT,strategy-lab-v1.0.0:SIE_OLD_MR_REGIME_EXHAUSTION_CONFIRM_V1,1789592400000,2026-09-16T21:00:00+00:00,0.08064,0.08066,0.0802,0.08048,59.2827004219408,0.0797455,0.07868845742753577,0.08446245,0.0007871428571428553,0.009780602101675638,54.35203094777553,1.2500000000000044,False,TREND_SUPPORT_NOT_CONFIRMED|RSI_NOT_BELOW_32|CLOSE_NOT_NEAR_OR_BELOW_LOWER_BB|CLOSE_NOT_ABOVE_MA200|RSI_RECOVERY_NOT_CONFIRMED
2026-09-16T22:53:11.345463+00:00,SIE_OLD_MR_REGIME_EXHAUSTION_CONFIRM_V1,DOGE,DOGEUSDT,strategy-lab-v1.0.0:SIE_OLD_MR_REGIME_EXHAUSTION_CONFIRM_V1,1789596000000,2026-09-16T22:00:00+00:00,0.08049,0.08051,0.07977,0.08002,55.8648111332007,0.07974450000000001,0.07868853645896189,0.084414,0.00080142857142857,0.010015353304530994,59.2827004219408,1.25,False,TREND_SUPPORT_NOT_CONFIRMED|RSI_NOT_BELOW_32|CLOSE_NOT_NEAR_OR_BELOW_LOWER_BB|CLOSE_NOT_ABOVE_MA200|RSI_RECOVERY_NOT_CONFIRMED
2026-09-16T22:53:11.345463+00:00,SIE_OLD_MR_REGIME_EXHAUSTION_CONFIRM_V1,BNB,BNBUSDT,strategy-lab-v1.0.0:SIE_OLD_MR_REGIME_EXHAUSTION_CONFIRM_V1,1789585200000,2026-09-16T19:00:00+00:00,715.44,719.58,712.32,718.6,56.50988411724616,712.2769999999999,707.0058517379887,725.25955,4.590714285714284,0.006388413979563435,49.62818003913906,1.2500000000000124,False,TREND_SUPPORT_NOT_CONFIRMED|RSI_NOT_BELOW_32|CLOSE_NOT_NEAR_OR_BELOW_LOWER_BB|CLOSE_NOT_ABOVE_MA200
2026-09-16T22:53:11.345463+00:00,SIE_OLD_MR_REGIME_EXHAUSTION_CONFIRM_V1,BNB,BNBUSDT,strategy-lab-v1.0.0:SIE_OLD_MR_REGIME_EXHAUSTION_CONFIRM_V1,1789588800000,2026-09-16T20:00:00+00:00,718.51,721.2,718.28,719.98,60.491748063321,712.593,706.358396243537,725.1008499999999,4.542142857142859,0.006308706987892524,56.50988411724616,1.2499999999999876,False,TREND_SUPPORT_NOT_CONFIRMED|PLANNED_REWARD_TOO_LOW|RSI_NOT_BELOW_32|CLOSE_NOT_NEAR_OR_BELOW_LOWER_BB|CLOSE_NOT_ABOVE_MA200
2026-09-16T22:53:11.345463+00:00,SIE_OLD_MR_REGIME_EXHAUSTION_CONFIRM_V1,BNB,BNBUSDT,strategy-lab-v1.0.0:SIE_OLD_MR_REGIME_EXHAUSTION_CONFIRM_V1,1789592400000,2026-09-16T21:00:00+00:00,719.9,720.61,719.06,720.56,71.99999999999986,713.202,706.3805995572684,724.9701999999999,4.266428571428581,0.005920990023632427,60.491748063321,1.25,False,TREND_SUPPORT_NOT_CONFIRMED|RSI_NOT_BELOW_32|CLOSE_NOT_NEAR_OR_BELOW_LOWER_BB|CLOSE_NOT_ABOVE_MA200
2026-09-16T22:53:11.345463+00:00,SIE_OLD_MR_REGIME_EXHAUSTION_CONFIRM_V1,BNB,BNBUSDT,strategy-lab-v1.0.0:SIE_OLD_MR_REGIME_EXHAUSTION_CONFIRM_V1,1789596000000,2026-09-16T22:00:00+00:00,720.37,720.55,717.87,717.92,70.98009188361394,713.4705000000001,706.3564280998787,724.80715,4.062142857142858,0.005658211022318445,71.99999999999986,1.250000000000014,False,TREND_SUPPORT_NOT_CONFIRMED|RSI_NOT_BELOW_32|CLOSE_NOT_NEAR_OR_BELOW_LOWER_BB|CLOSE_NOT_ABOVE_MA200|RSI_RECOVERY_NOT_CONFIRMED
2026-09-16T22:53:11.345463+00:00,SIE_OLD_MR_REGIME_EXHAUSTION_CONFIRM_V1,PAXG,PAXGUSDT,strategy-lab-v1.0.0:SIE_OLD_MR_REGIME_EXHAUSTION_CONFIRM_V1,1789585200000,2026-09-16T19:00:00+00:00,4266.67,4292.7,4241.98,4274.52,38.417222559127055,4327.0305,4270.622320282848,4347.5957,25.550714285714353,0.0059774464233912465,37.55709768095572,1.2499999999999911,False,TREND_SUPPORT_NOT_CONFIRMED|PLANNED_REWARD_TOO_LOW|RSI_NOT_BELOW_32|CLOSE_NOT_NEAR_OR_BELOW_LOWER_BB|CLOSE_NOT_ABOVE_MA200
2026-09-16T22:53:11.345463+00:00,SIE_OLD_MR_REGIME_EXHAUSTION_CONFIRM_V1,PAXG,PAXGUSDT,strategy-lab-v1.0.0:SIE_OLD_MR_REGIME_EXHAUSTION_CONFIRM_V1,1789588800000,2026-09-16T20:00:00+00:00,4270.55,4276.49,4262.07,4269.81,35.8406499803436,4326.5425000000005,4268.359448558859,4346.8872,25.81642857142859,0.006046271045182008,38.417222559127055,1.2500000000000175,False,TREND_SUPPORT_NOT_CONFIRMED|RSI_NOT_BELOW_32|CLOSE_NOT_ABOVE_MA200|RSI_RECOVERY_NOT_CONFIRMED
2026-09-16T22:53:11.345463+00:00,SIE_OLD_MR_REGIME_EXHAUSTION_CONFIRM_V1,PAXG,PAXGUSDT,strategy-lab-v1.0.0:SIE_OLD_MR_REGIME_EXHAUSTION_CONFIRM_V1,1789592400000,2026-09-16T21:00:00+00:00,4270.46,4275.18,4268.95,4269.84,36.908134358559565,4325.923000000001,4265.639938332542,4346.252149999999,25.53857142857149,0.005981154195138809,35.8406499803436,1.2499999999999822,False,TREND_SUPPORT_NOT_CONFIRMED|PLANNED_REWARD_TOO_LOW|RSI_NOT_BELOW_32|CLOSE_NOT_NEAR_OR_BELOW_LOWER_BB|CLOSE_NOT_ABOVE_MA200
2026-09-16T22:53:11.345463+00:00,SIE_OLD_MR_REGIME_EXHAUSTION_CONFIRM_V1,PAXG,PAXGUSDT,strategy-lab-v1.0.0:SIE_OLD_MR_REGIME_EXHAUSTION_CONFIRM_V1,1789596000000,2026-09-16T22:00:00+00:00,4268.52,4278.5,4261.16,4269.18,36.00127116720402,4323.1685,4257.998678985956,4345.6,25.865714285714407,0.006058707828134303,36.908134358559565,1.2500000000000089,False,TREND_SUPPORT_NOT_CONFIRMED|RSI_NOT_BELOW_32|CLOSE_NOT_NEAR_OR_BELOW_LOWER_BB|CLOSE_NOT_ABOVE_MA200|RSI_RECOVERY_NOT_CONFIRMED
2026-09-17T04:45:04.354830+00:00,SIE_OLD_MR_REGIME_EXHAUSTION_CONFIRM_V1,BTC,BTCUSDT,strategy-lab-v1.0.0:SIE_OLD_MR_REGIME_EXHAUSTION_CONFIRM_V1,1789599600000,2026-09-16T23:00:00+00:00,75620.08,76214.79,75576.81,76144.99,54.0277241007169,75830.938,75458.61403893464,77394.53675,528.7192857142873,0.006943585989233004,48.982192928152685,1.2500000000000138,False,TREND_SUPPORT_NOT_CONFIRMED|RSI_NOT_BELOW_32|CLOSE_NOT_NEAR_OR_BELOW_LOWER_BB|CLOSE_NOT_ABOVE_MA200
2026-09-17T04:45:04.354830+00:00,SIE_OLD_MR_REGIME_EXHAUSTION_CONFIRM_V1,BTC,BTCUSDT,strategy-lab-v1.0.0:SIE_OLD_MR_REGIME_EXHAUSTION_CONFIRM_V1,1789603200000,2026-09-17T00:00:00+00:00,76144.99,76445.86,76115.14,76268.48,56.08766744229926,75854.544,75436.87710907446,77382.22505,541.5414285714297,0.00710046179721203,54.0277241007169,1.2500000000000067,False,TREND_SUPPORT_NOT_CONFIRMED|RSI_NOT_BELOW_32|CLOSE_NOT_NEAR_OR_BELOW_LOWER_BB|CLOSE_NOT_ABOVE_MA200
2026-09-17T04:45:04.354830+00:00,SIE_OLD_MR_REGIME_EXHAUSTION_CONFIRM_V1,BTC,BTCUSDT,strategy-lab-v1.0.0:SIE_OLD_MR_REGIME_EXHAUSTION_CONFIRM_V1,1789606800000,2026-09-17T01:00:00+00:00,76268.49,76714.68,76148.8,76298.04,52.203757225433456,75874.1515,75414.02295968718,77371.24935,550.1364285714288,0.007210361217292461,56.08766744229926,1.25,False,TREND_SUPPORT_NOT_CONFIRMED|RSI_NOT_BELOW_32|CLOSE_NOT_NEAR_OR_BELOW_LOWER_BB|CLOSE_NOT_ABOVE_MA200|RSI_RECOVERY_NOT_CONFIRMED
2026-09-17T04:45:04.354830+00:00,SIE_OLD_MR_REGIME_EXHAUSTION_CONFIRM_V1,BTC,BTCUSDT,strategy-lab-v1.0.0:SIE_OLD_MR_REGIME_EXHAUSTION_CONFIRM_V1,1789610400000,2026-09-17T02:00:00+00:00,76298.04,76418.45,75969.49,76303.74,58.54857138002958,75890.8885,75395.19930987133,77360.6501,545.7778571428561,0.007152701258717541,52.203757225433456,1.25,False,TREND_SUPPORT_NOT_CONFIRMED|RSI_NOT_BELOW_32|CLOSE_NOT_NEAR_OR_BELOW_LOWER_BB|CLOSE_NOT_ABOVE_MA200
2026-09-17T04:45:04.354830+00:00,SIE_OLD_MR_REGIME_EXHAUSTION_CONFIRM_V1,BTC,BTCUSDT,strategy-lab-v1.0.0:SIE_OLD_MR_REGIME_EXHAUSTION_CONFIRM_V1,1789614000000,2026-09-17T03:00:00+00:00,76303.74,76463.59,76297.88,76364.57,68.66499052998711,75924.59400000001,75397.33310987499,77350.3006,529.5271428571411,0.006934199234764775,58.54857138002958,1.25,False,TREND_SUPPORT_NOT_CONFIRMED|RSI_NOT_BELOW_32|CLOSE_NOT_NEAR_OR_BELOW_LOWER_BB|CLOSE_NOT_ABOVE_MA200
2026-09-17T04:45:04.354830+00:00,SIE_OLD_MR_REGIME_EXHAUSTION_CONFIRM_V1,BTC,BTCUSDT,strategy-lab-v1.0.0:SIE_OLD_MR_REGIME_EXHAUSTION_CONFIRM_V1,1789617600000,2026-09-17T04:00:00+00:00,76364.58,76364.58,76100.78,76273.59,64.99454641631668,75954.754,75420.15017403591,77339.25625,518.5592857142838,0.006798674163813238,68.66499052998711,1.250000000000007,False,TREND_SUPPORT_NOT_CONFIRMED|RSI_NOT_BELOW_32|CLOSE_NOT_NEAR_OR_BELOW_LOWER_BB|CLOSE_NOT_ABOVE_MA200|RSI_RECOVERY_NOT_CONFIRMED
2026-09-17T04:45:04.354830+00:00,SIE_OLD_MR_REGIME_EXHAUSTION_CONFIRM_V1,SOL,SOLUSDT,strategy-lab-v1.0.0:SIE_OLD_MR_REGIME_EXHAUSTION_CONFIRM_V1,1789599600000,2026-09-16T23:00:00+00:00,97.38,98.77,97.3,98.57,60.9324758842444,97.4595,96.39288901187003,100.921,1.0735714285714277,0.010891462195104269,54.15094339622641,1.25,False,TREND_SUPPORT_NOT_CONFIRMED|RSI_NOT_BELOW_32|CLOSE_NOT_NEAR_OR_BELOW_LOWER_BB|CLOSE_NOT_ABOVE_MA200
2026-09-17T04:45:04.354830+00:00,SIE_OLD_MR_REGIME_EXHAUSTION_CONFIRM_V1,SOL,SOLUSDT,strategy-lab-v1.0.0:SIE_OLD_MR_REGIME_EXHAUSTION_CONFIRM_V1,1789603200000,2026-09-17T00:00:00+00:00,98.57,99.13,98.38,98.62,61.34185303514377,97.53049999999999,96.35858746060143,100.89315,1.1085714285714283,0.011240837848016915,60.9324758842444,1.2499999999999936,False,TREND_SUPPORT_NOT_CONFIRMED|PLANNED_REWARD_TOO_LOW|RSI_NOT_BELOW_32|CLOSE_NOT_NEAR_OR_BELOW_LOWER_BB|CLOSE_NOT_ABOVE_MA200
2026-09-17T04:45:04.354830+00:00,SIE_OLD_MR_REGIME_EXHAUSTION_CONFIRM_V1,SOL,SOLUSDT,strategy-lab-v1.0.0:SIE_OLD_MR_REGIME_EXHAUSTION_CONFIRM_V1,1789606800000,2026-09-17T01:00:00+00:00,98.62,99.56,98.39,99.17,60.13179571663923,97.631,96.27338591639612,100.87055000000001,1.0999999999999994,0.011092064132298069,61.34185303514377,1.2499999999999936,False,TREND_SUPPORT_NOT_CONFIRMED|PLANNED_REWARD_TOO_LOW|RSI_NOT_BELOW_32|CLOSE_NOT_NEAR_OR_BELOW_LOWER_BB|CLOSE_NOT_ABOVE_MA200|RSI_RECOVERY_NOT_CONFIRMED
2026-09-17T04:45:04.354830+00:00,SIE_OLD_MR_REGIME_EXHAUSTION_CONFIRM_V1,SOL,SOLUSDT,strategy-lab-v1.0.0:SIE_OLD_MR_REGIME_EXHAUSTION_CONFIRM_V1,1789610400000,2026-09-17T02:00:00+00:00,99.17,99.65,98.75,99.29,65.67944250871088,97.73049999999999,96.20339194881318,100.85025,1.0978571428571422,0.011057076672949362,60.13179571663923,1.2500000000000033,False,TREND_SUPPORT_NOT_CONFIRMED|RSI_NOT_BELOW_32|CLOSE_NOT_NEAR_OR_BELOW_LOWER_BB|CLOSE_NOT_ABOVE_MA200
2026-09-17T04:45:04.354830+00:00,SIE_OLD_MR_REGIME_EXHAUSTION_CONFIRM_V1,SOL,SOLUSDT,strategy-lab-v1.0.0:SIE_OLD_MR_REGIME_EXHAUSTION_CONFIRM_V1,1789614000000,2026-09-17T03:00:00+00:00,99.29,99.96,99.29,99.88,73.40067340067341,97.87950000000001,96.13898886817705,100.83349999999999,1.0914285714285705,0.010927398592596822,65.67944250871088,1.2500000000000064,False,TREND_SUPPORT_NOT_CONFIRMED|RSI_NOT_BELOW_32|CLOSE_NOT_NEAR_OR_BELOW_LOWER_BB|CLOSE_NOT_ABOVE_MA200
2026-09-17T04:45:04.354830+00:00,SIE_OLD_MR_REGIME_EXHAUSTION_CONFIRM_V1,SOL,SOLUSDT,strategy-lab-v1.0.0:SIE_OLD_MR_REGIME_EXHAUSTION_CONFIRM_V1,1789617600000,2026-09-17T04:00:00+00:00,99.88,99.92,99.05,99.43,69.64856230031958,98.0025,96.19025415575048,100.81519999999999,1.1078571428571422,0.011142081291935453,73.40067340067341,1.25,False,TREND_SUPPORT_NOT_CONFIRMED|RSI_NOT_BELOW_32|CLOSE_NOT_NEAR_OR_BELOW_LOWER_BB|CLOSE_NOT_ABOVE_MA200|RSI_RECOVERY_NOT_CONFIRMED
2026-09-17T04:45:04.354830+00:00,SIE_OLD_MR_REGIME_EXHAUSTION_CONFIRM_V1,XRP,XRPUSDT,strategy-lab-v1.0.0:SIE_OLD_MR_REGIME_EXHAUSTION_CONFIRM_V1,1789599600000,2026-09-16T23:00:00+00:00,1.2858,1.3027,1.2841,1.2986,53.474576271186436,1.285125,1.2596389351801813,1.368614,0.018071428571428565,0.01391608545466546,50.938337801608576,1.2500000000000062,False,TREND_SUPPORT_NOT_CONFIRMED|RSI_NOT_BELOW_32|CLOSE_NOT_NEAR_OR_BELOW_LOWER_BB|CLOSE_NOT_ABOVE_MA200
2026-09-17T04:45:04.354830+00:00,SIE_OLD_MR_REGIME_EXHAUSTION_CONFIRM_V1,XRP,XRPUSDT,strategy-lab-v1.0.0:SIE_OLD_MR_REGIME_EXHAUSTION_CONFIRM_V1,1789603200000,2026-09-17T00:00:00+00:00,1.2985,1.3023,1.2938,1.2941,52.452202826267666,1.2848300000000001,1.2599091573176187,1.3679055,0.018185714285714267,0.014052789031538726,53.474576271186436,1.249999999999997,False,TREND_SUPPORT_NOT_CONFIRMED|PLANNED_REWARD_TOO_LOW|RSI_NOT_BELOW_32|CLOSE_NOT_NEAR_OR_BELOW_LOWER_BB|CLOSE_NOT_ABOVE_MA200|RSI_RECOVERY_NOT_CONFIRMED
2026-09-17T04:45:04.354830+00:00,SIE_OLD_MR_REGIME_EXHAUSTION_CONFIRM_V1,XRP,XRPUSDT,strategy-lab-v1.0.0:SIE_OLD_MR_REGIME_EXHAUSTION_CONFIRM_V1,1789606800000,2026-09-17T01:00:00+00:00,1.2942,1.3102,1.2901,1.2993,51.93277310924367,1.2849650000000001,1.2597629147688134,1.3672659999999999,0.018757142857142837,0.014436344845026428,52.452202826267666,1.25,False,TREND_SUPPORT_NOT_CONFIRMED|RSI_NOT_BELOW_32|CLOSE_NOT_NEAR_OR_BELOW_LOWER_BB|CLOSE_NOT_ABOVE_MA200|RSI_RECOVERY_NOT_CONFIRMED
2026-09-17T04:45:04.354830+00:00,SIE_OLD_MR_REGIME_EXHAUSTION_CONFIRM_V1,XRP,XRPUSDT,strategy-lab-v1.0.0:SIE_OLD_MR_REGIME_EXHAUSTION_CONFIRM_V1,1789610400000,2026-09-17T02:00:00+00:00,1.2995,1.3047,1.2928,1.2991,58.13734713076195,1.2850899999999998,1.2596347922813422,1.366608,0.018357142857142832,0.014130661886800734,51.93277310924367,1.250000000000003,False,TREND_SUPPORT_NOT_CONFIRMED|RSI_NOT_BELOW_32|CLOSE_NOT_NEAR_OR_BELOW_LOWER_BB|CLOSE_NOT_ABOVE_MA200|RSI_RECOVERY_NOT_CONFIRMED
2026-09-17T04:45:04.354830+00:00,SIE_OLD_MR_REGIME_EXHAUSTION_CONFIRM_V1,XRP,XRPUSDT,strategy-lab-v1.0.0:SIE_OLD_MR_REGIME_EXHAUSTION_CONFIRM_V1,1789614000000,2026-09-17T03:00:00+00:00,1.2991,1.3067,1.2986,1.3015,63.50148367952528,1.285965,1.2595353745770015,1.3659990000000002,0.01802857142857141,0.01385214861972448,58.13734713076195,1.249999999999997,False,TREND_SUPPORT_NOT_CONFIRMED|PLANNED_REWARD_TOO_LOW|RSI_NOT_BELOW_32|CLOSE_NOT_NEAR_OR_BELOW_LOWER_BB|CLOSE_NOT_ABOVE_MA200
2026-09-17T04:45:04.354830+00:00,SIE_OLD_MR_REGIME_EXHAUSTION_CONFIRM_V1,XRP,XRPUSDT,strategy-lab-v1.0.0:SIE_OLD_MR_REGIME_EXHAUSTION_CONFIRM_V1,1789617600000,2026-09-17T04:00:00+00:00,1.3016,1.3018,1.292,1.2959,65.57711950970375,1.28658,1.2598286561085241,1.3654039999999998,0.017749999999999995,0.013697044525040508,63.50148367952528,1.2499999999999938,False,TREND_SUPPORT_NOT_CONFIRMED|PLANNED_REWARD_TOO_LOW|RSI_NOT_BELOW_32|CLOSE_NOT_NEAR_OR_BELOW_LOWER_BB|CLOSE_NOT_ABOVE_MA200|RSI_RECOVERY_NOT_CONFIRMED
2026-09-17T04:45:04.354830+00:00,SIE_OLD_MR_REGIME_EXHAUSTION_CONFIRM_V1,DOGE,DOGEUSDT,strategy-lab-v1.0.0:SIE_OLD_MR_REGIME_EXHAUSTION_CONFIRM_V1,1789599600000,2026-09-16T23:00:00+00:00,0.07991,0.08099,0.07983,0.08085,58.9380530973452,0.0797825,0.07862810188842974,0.0843647,0.000850714285714285,0.010522130930294187,54.77582846003902,1.2500000000000082,False,TREND_SUPPORT_NOT_CONFIRMED|RSI_NOT_BELOW_32|CLOSE_NOT_NEAR_OR_BELOW_LOWER_BB|CLOSE_NOT_ABOVE_MA200
2026-09-17T04:45:04.354830+00:00,SIE_OLD_MR_REGIME_EXHAUSTION_CONFIRM_V1,DOGE,DOGEUSDT,strategy-lab-v1.0.0:SIE_OLD_MR_REGIME_EXHAUSTION_CONFIRM_V1,1789603200000,2026-09-17T00:00:00+00:00,0.08084,0.08106,0.0806,0.0806,55.45927209705376,0.0798015,0.0786071085231395,0.08431459999999999,0.0008607142857142841,0.010678837291740496,58.9380530973452,1.249999999999996,False,TREND_SUPPORT_NOT_CONFIRMED|PLANNED_REWARD_TOO_LOW|RSI_NOT_BELOW_32|CLOSE_NOT_NEAR_OR_BELOW_LOWER_BB|CLOSE_NOT_ABOVE_MA200|RSI_RECOVERY_NOT_CONFIRMED
2026-09-17T04:45:04.354830+00:00,SIE_OLD_MR_REGIME_EXHAUSTION_CONFIRM_V1,DOGE,DOGEUSDT,strategy-lab-v1.0.0:SIE_OLD_MR_REGIME_EXHAUSTION_CONFIRM_V1,1789606800000,2026-09-17T01:00:00+00:00,0.08061,0.08132,0.08043,0.08098,57.095158597662696,0.0798465,0.0785500699016156,0.08426925,0.0008871428571428562,0.010955085911865352,55.45927209705376,1.250000000000004,False,TREND_SUPPORT_NOT_CONFIRMED|RSI_NOT_BELOW_32|CLOSE_NOT_NEAR_OR_BELOW_LOWER_BB|CLOSE_NOT_ABOVE_MA200
2026-09-17T04:45:04.354830+00:00,SIE_OLD_MR_REGIME_EXHAUSTION_CONFIRM_V1,DOGE,DOGEUSDT,strategy-lab-v1.0.0:SIE_OLD_MR_REGIME_EXHAUSTION_CONFIRM_V1,1789610400000,2026-09-17T02:00:00+00:00,0.08098,0.08124,0.08047,0.08085,64.40677966101703,0.07988,0.07851786931610914,0.08422584999999999,0.000867142857142857,0.010725329092676029,57.095158597662696,1.249999999999996,False,TREND_SUPPORT_NOT_CONFIRMED|PLANNED_REWARD_TOO_LOW|RSI_NOT_BELOW_32|CLOSE_NOT_NEAR_OR_BELOW_LOWER_BB|CLOSE_NOT_ABOVE_MA200|RSI_RECOVERY_NOT_CONFIRMED
2026-09-17T04:45:04.354830+00:00,SIE_OLD_MR_REGIME_EXHAUSTION_CONFIRM_V1,DOGE,DOGEUSDT,strategy-lab-v1.0.0:SIE_OLD_MR_REGIME_EXHAUSTION_CONFIRM_V1,1789614000000,2026-09-17T03:00:00+00:00,0.08085,0.08125,0.08085,0.08104,66.85185185185196,0.079952,0.07850697266461944,0.08418324999999999,0.0008457142857142849,0.010435763644055835,64.40677966101703,1.25,False,TREND_SUPPORT_NOT_CONFIRMED|RSI_NOT_BELOW_32|CLOSE_NOT_NEAR_OR_BELOW_LOWER_BB|CLOSE_NOT_ABOVE_MA200
2026-09-17T04:45:04.354830+00:00,SIE_OLD_MR_REGIME_EXHAUSTION_CONFIRM_V1,DOGE,DOGEUSDT,strategy-lab-v1.0.0:SIE_OLD_MR_REGIME_EXHAUSTION_CONFIRM_V1,1789617600000,2026-09-17T04:00:00+00:00,0.08105,0.08105,0.08061,0.08087,67.98493408662901,0.08002400000000001,0.07854703825371237,0.08413945,0.0008349999999999995,0.010325213305304804,66.85185185185196,1.2499999999999918,False,TREND_SUPPORT_NOT_CONFIRMED|PLANNED_REWARD_TOO_LOW|RSI_NOT_BELOW_32|CLOSE_NOT_NEAR_OR_BELOW_LOWER_BB|CLOSE_NOT_ABOVE_MA200|RSI_RECOVERY_NOT_CONFIRMED
2026-09-17T04:45:04.354830+00:00,SIE_OLD_MR_REGIME_EXHAUSTION_CONFIRM_V1,BNB,BNBUSDT,strategy-lab-v1.0.0:SIE_OLD_MR_REGIME_EXHAUSTION_CONFIRM_V1,1789599600000,2026-09-16T23:00:00+00:00,718.48,726.06,717.85,725.7,75.9878419452888,714.086,705.1497179990735,724.65715,4.409285714285716,0.006075907006043427,72.28070175438589,1.2499999999999871,False,TREND_SUPPORT_NOT_CONFIRMED|PLANNED_REWARD_TOO_LOW|RSI_NOT_BELOW_32|CLOSE_NOT_NEAR_OR_BELOW_LOWER_BB
2026-09-17T04:45:04.354830+00:00,SIE_OLD_MR_REGIME_EXHAUSTION_CONFIRM_V1,BNB,BNBUSDT,strategy-lab-v1.0.0:SIE_OLD_MR_REGIME_EXHAUSTION_CONFIRM_V1,1789603200000,2026-09-17T00:00:00+00:00,726.03,728.25,723.66,723.66,70.55037013195995,714.5245,704.660879011738,724.4966499999999,4.646428571428577,0.006420734283266419,75.9878419452888,1.2500000000000062,False,TREND_SUPPORT_NOT_CONFIRMED|RSI_NOT_BELOW_32|CLOSE_NOT_NEAR_OR_BELOW_LOWER_BB|CLOSE_NOT_ABOVE_MA200|RSI_RECOVERY_NOT_CONFIRMED
2026-09-17T04:45:04.354830+00:00,SIE_OLD_MR_REGIME_EXHAUSTION_CONFIRM_V1,BNB,BNBUSDT,strategy-lab-v1.0.0:SIE_OLD_MR_REGIME_EXHAUSTION_CONFIRM_V1,1789606800000,2026-09-17T01:00:00+00:00,723.67,728.4,722.59,725.22,69.31589537223326,715.0465,704.1347278707774,724.36245,4.716428571428578,0.006503445259960533,70.55037013195995,1.249999999999994,False,TREND_SUPPORT_NOT_CONFIRMED|PLANNED_REWARD_TOO_LOW|RSI_NOT_BELOW_32|CLOSE_NOT_NEAR_OR_BELOW_LOWER_BB|RSI_RECOVERY_NOT_CONFIRMED
2026-09-17T04:45:04.354830+00:00,SIE_OLD_MR_REGIME_EXHAUSTION_CONFIRM_V1,BNB,BNBUSDT,strategy-lab-v1.0.0:SIE_OLD_MR_REGIME_EXHAUSTION_CONFIRM_V1,1789610400000,2026-09-17T02:00:00+00:00,725.19,725.19,721.86,723.07,67.48285994123408,715.5125,704.0784598129062,724.2305,4.770000000000006,0.006596871672175592,69.31589537223326,1.25,False,TREND_SUPPORT_NOT_CONFIRMED|RSI_NOT_BELOW_32|CLOSE_NOT_NEAR_OR_BELOW_LOWER_BB|CLOSE_NOT_ABOVE_MA200|RSI_RECOVERY_NOT_CONFIRMED
2026-09-17T04:45:04.354830+00:00,SIE_OLD_MR_REGIME_EXHAUSTION_CONFIRM_V1,BNB,BNBUSDT,strategy-lab-v1.0.0:SIE_OLD_MR_REGIME_EXHAUSTION_CONFIRM_V1,1789614000000,2026-09-17T03:00:00+00:00,723.23,725.88,723.23,724.74,72.53246753246748,716.288,704.5633650803076,724.1102000000001,4.757142857142859,0.006563930315896541,67.48285994123408,1.249999999999994,False,TREND_SUPPORT_NOT_CONFIRMED|PLANNED_REWARD_TOO_LOW|RSI_NOT_BELOW_32|CLOSE_NOT_NEAR_OR_BELOW_LOWER_BB
2026-09-17T04:45:04.354830+00:00,SIE_OLD_MR_REGIME_EXHAUSTION_CONFIRM_V1,BNB,BNBUSDT,strategy-lab-v1.0.0:SIE_OLD_MR_REGIME_EXHAUSTION_CONFIRM_V1,1789617600000,2026-09-17T04:00:00+00:00,724.63,724.89,721.89,723.62,73.82683410442814,717.121,705.8054869316469,723.97255,4.711428571428574,0.006510915358100349,72.53246753246748,1.249999999999988,False,TREND_SUPPORT_NOT_CONFIRMED|PLANNED_REWARD_TOO_LOW|RSI_NOT_BELOW_32|CLOSE_NOT_NEAR_OR_BELOW_LOWER_BB|CLOSE_NOT_ABOVE_MA200|RSI_RECOVERY_NOT_CONFIRMED
2026-09-17T04:45:04.354830+00:00,SIE_OLD_MR_REGIME_EXHAUSTION_CONFIRM_V1,PAXG,PAXGUSDT,strategy-lab-v1.0.0:SIE_OLD_MR_REGIME_EXHAUSTION_CONFIRM_V1,1789599600000,2026-09-16T23:00:00+00:00,4268.38,4276.5,4263.22,4273.49,34.81233366981765,4320.3949999999995,4251.623480168004,4344.9937,26.01357142857153,0.0060871960455205305,35.82237882278545,1.25,False,TREND_SUPPORT_NOT_CONFIRMED|RSI_NOT_BELOW_32|CLOSE_NOT_NEAR_OR_BELOW_LOWER_BB|CLOSE_NOT_ABOVE_MA200|RSI_RECOVERY_NOT_CONFIRMED
2026-09-17T04:45:04.354830+00:00,SIE_OLD_MR_REGIME_EXHAUSTION_CONFIRM_V1,PAXG,PAXGUSDT,strategy-lab-v1.0.0:SIE_OLD_MR_REGIME_EXHAUSTION_CONFIRM_V1,1789603200000,2026-09-17T00:00:00+00:00,4272.76,4293.75,4267.2,4293.75,37.892896174863466,4318.9045,4249.186329204987,4344.48605,26.996428571428687,0.0062873778332293885,34.81233366981765,1.2499999999999831,False,TREND_SUPPORT_NOT_CONFIRMED|PLANNED_REWARD_TOO_LOW|RSI_NOT_BELOW_32|CLOSE_NOT_NEAR_OR_BELOW_LOWER_BB|CLOSE_NOT_ABOVE_MA200
2026-09-17T04:45:04.354830+00:00,SIE_OLD_MR_REGIME_EXHAUSTION_CONFIRM_V1,PAXG,PAXGUSDT,strategy-lab-v1.0.0:SIE_OLD_MR_REGIME_EXHAUSTION_CONFIRM_V1,1789606800000,2026-09-17T01:00:00+00:00,4295.45,4315.98,4294.9,4299.32,40.77167859984093,4317.4705,4247.380823021129,4344.03925,27.45071428571438,0.006384896747791367,37.892896174863466,1.25,False,TREND_SUPPORT_NOT_CONFIRMED|RSI_NOT_BELOW_32|CLOSE_NOT_NEAR_OR_BELOW_LOWER_BB|CLOSE_NOT_ABOVE_MA200
2026-09-17T04:45:04.354830+00:00,SIE_OLD_MR_REGIME_EXHAUSTION_CONFIRM_V1,PAXG,PAXGUSDT,strategy-lab-v1.0.0:SIE_OLD_MR_REGIME_EXHAUSTION_CONFIRM_V1,1789610400000,2026-09-17T02:00:00+00:00,4298.99,4299.65,4275.0,4278.25,34.86770264594708,4314.651,4243.030781653484,4343.5539,28.071428571428637,0.006561427820120058,40.77167859984093,1.249999999999992,False,TREND_SUPPORT_NOT_CONFIRMED|PLANNED_REWARD_TOO_LOW|RSI_NOT_BELOW_32|CLOSE_NOT_NEAR_OR_BELOW_LOWER_BB|CLOSE_NOT_ABOVE_MA200|RSI_RECOVERY_NOT_CONFIRMED
2026-09-17T04:45:04.354830+00:00,SIE_OLD_MR_REGIME_EXHAUSTION_CONFIRM_V1,PAXG,PAXGUSDT,strategy-lab-v1.0.0:SIE_OLD_MR_REGIME_EXHAUSTION_CONFIRM_V1,1789614000000,2026-09-17T03:00:00+00:00,4279.71,4296.31,4278.42,4296.09,42.01624661528853,4313.052,4241.273753267424,4343.23235,27.450000000000077,0.0063895309455807665,34.86770264594708,1.2500000000000082,False,TREND_SUPPORT_NOT_CONFIRMED|RSI_NOT_BELOW_32|CLOSE_NOT_NEAR_OR_BELOW_LOWER_BB|CLOSE_NOT_ABOVE_MA200
2026-09-17T04:45:04.354830+00:00,SIE_OLD_MR_REGIME_EXHAUSTION_CONFIRM_V1,PAXG,PAXGUSDT,strategy-lab-v1.0.0:SIE_OLD_MR_REGIME_EXHAUSTION_CONFIRM_V1,1789617600000,2026-09-17T04:00:00+00:00,4293.82,4295.77,4290.43,4294.56,36.17272191227853,4311.2375,4239.515926432471,4342.91335,25.7221428571429,0.005989471065055069,42.01624661528853,1.25,False,TREND_SUPPORT_NOT_CONFIRMED|RSI_NOT_BELOW_32|CLOSE_NOT_NEAR_OR_BELOW_LOWER_BB|CLOSE_NOT_ABOVE_MA200|RSI_RECOVERY_NOT_CONFIRMED
2026-09-17T11:33:02.168454+00:00,SIE_OLD_MR_REGIME_EXHAUSTION_CONFIRM_V1,BTC,BTCUSDT,strategy-lab-v1.0.0:SIE_OLD_MR_REGIME_EXHAUSTION_CONFIRM_V1,1789621200000,2026-09-17T05:00:00+00:00,76460.82,76561.57,76234.53,76249.28,61.49360554836208,75980.37700000001,75404.85554573088,77329.0096,522.1664285714266,0.0068481489736221335,69.32915553729228,1.249999999999986,False,TREND_SUPPORT_NOT_CONFIRMED|PLANNED_REWARD_TOO_LOW|RSI_NOT_BELOW_32|CLOSE_NOT_NEAR_OR_BELOW_LOWER_BB|CLOSE_NOT_ABOVE_MA200|RSI_RECOVERY_NOT_CONFIRMED
2026-09-17T11:33:02.168454+00:00,SIE_OLD_MR_REGIME_EXHAUSTION_CONFIRM_V1,BTC,BTCUSDT,strategy-lab-v1.0.0:SIE_OLD_MR_REGIME_EXHAUSTION_CONFIRM_V1,1789624800000,2026-09-17T06:00:00+00:00,76250.29,76528.17,76221.6,76402.92,64.7385652504654,76004.523,75401.30474098917,77318.29715,525.2271428571403,0.006874438082433764,61.49360554836208,1.2500000000000069,False,TREND_SUPPORT_NOT_CONFIRMED|RSI_NOT_BELOW_32|CLOSE_NOT_NEAR_OR_BELOW_LOWER_BB|CLOSE_NOT_ABOVE_MA200
2026-09-17T11:33:02.168454+00:00,SIE_OLD_MR_REGIME_EXHAUSTION_CONFIRM_V1,BTC,BTCUSDT,strategy-lab-v1.0.0:SIE_OLD_MR_REGIME_EXHAUSTION_CONFIRM_V1,1789628400000,2026-09-17T07:00:00+00:00,76402.92,76603.15,76342.38,76388.12,64.8885575031488,76014.822,75393.07626230326,77308.0022,502.71857142856817,0.006581109358740183,64.7385652504654,1.2499999999999927,False,TREND_SUPPORT_NOT_CONFIRMED|PLANNED_REWARD_TOO_LOW|RSI_NOT_BELOW_32|CLOSE_NOT_NEAR_OR_BELOW_LOWER_BB|CLOSE_NOT_ABOVE_MA200|RSI_RECOVERY_NOT_CONFIRMED
2026-09-17T11:33:02.168454+00:00,SIE_OLD_MR_REGIME_EXHAUSTION_CONFIRM_V1,BTC,BTCUSDT,strategy-lab-v1.0.0:SIE_OLD_MR_REGIME_EXHAUSTION_CONFIRM_V1,1789632000000,2026-09-17T08:00:00+00:00,76388.14,76518.3,76310.33,76497.65,69.96615976998798,76044.644,75391.15077599834,77296.6568,404.1121428571392,0.005282673949554518,64.8885575031488,1.249999999999982,False,TREND_SUPPORT_NOT_CONFIRMED|PLANNED_REWARD_TOO_LOW|RSI_NOT_BELOW_32|CLOSE_NOT_NEAR_OR_BELOW_LOWER_BB|CLOSE_NOT_ABOVE_MA200
2026-09-17T11:33:02.168454+00:00,SIE_OLD_MR_REGIME_EXHAUSTION_CONFIRM_V1,BTC,BTCUSDT,strategy-lab-v1.0.0:SIE_OLD_MR_REGIME_EXHAUSTION_CONFIRM_V1,1789635600000,2026-09-17T09:00:00+00:00,76497.73,76695.0,76392.3,76394.34,59.77327702434759,76085.256,75451.12342416422,77284.23,358.0571428571389,0.0046869590450959965,69.96615976998798,1.2499999999999796,False,TREND_SUPPORT_NOT_CONFIRMED|PLANNED_REWARD_TOO_LOW|RSI_NOT_BELOW_32|CLOSE_NOT_NEAR_OR_BELOW_LOWER_BB|CLOSE_NOT_ABOVE_MA200|RSI_RECOVERY_NOT_CONFIRMED
2026-09-17T11:33:02.168454+00:00,SIE_OLD_MR_REGIME_EXHAUSTION_CONFIRM_V1,BTC,BTCUSDT,strategy-lab-v1.0.0:SIE_OLD_MR_REGIME_EXHAUSTION_CONFIRM_V1,1789639200000,2026-09-17T10:00:00+00:00,76394.34,76402.08,76184.37,76330.8,55.78120262758986,76120.148,75513.1897197664,77272.2984,344.71214285713984,0.004516029477709389,59.77327702434759,1.25,False,TREND_SUPPORT_NOT_CONFIRMED|RSI_NOT_BELOW_32|CLOSE_NOT_NEAR_OR_BELOW_LOWER_BB|CLOSE_NOT_ABOVE_MA200|RSI_RECOVERY_NOT_CONFIRMED
2026-09-17T11:33:02.168454+00:00,SIE_OLD_MR_REGIME_EXHAUSTION_CONFIRM_V1,BTC,BTCUSDT,strategy-lab-v1.0.0:SIE_OLD_MR_REGIME_EXHAUSTION_CONFIRM_V1,1789642800000,2026-09-17T11:00:00+00:00,76330.8,76387.52,76262.3,76266.05,59.69565711133808,76146.90550000001,75564.2485028403,77260.5301,332.85642857142585,0.004364411537917931,55.78120262758986,1.2500000000000218,False,TREND_SUPPORT_NOT_CONFIRMED|RSI_NOT_BELOW_32|CLOSE_NOT_NEAR_OR_BELOW_LOWER_BB|CLOSE_NOT_ABOVE_MA200|RSI_RECOVERY_NOT_CONFIRMED
2026-09-17T11:33:02.168454+00:00,SIE_OLD_MR_REGIME_EXHAUSTION_CONFIRM_V1,SOL,SOLUSDT,strategy-lab-v1.0.0:SIE_OLD_MR_REGIME_EXHAUSTION_CONFIRM_V1,1789621200000,2026-09-17T05:00:00+00:00,99.81,99.99,99.4,99.46,69.59349593495931,98.135,96.19240894679292,100.79935000000002,1.09642857142857,0.011023814311568169,74.40273037542661,1.2500000000000033,False,TREND_SUPPORT_NOT_CONFIRMED|RSI_NOT_BELOW_32|CLOSE_NOT_NEAR_OR_BELOW_LOWER_BB|CLOSE_NOT_ABOVE_MA200|RSI_RECOVERY_NOT_CONFIRMED
2026-09-17T11:33:02.168454+00:00,SIE_OLD_MR_REGIME_EXHAUSTION_CONFIRM_V1,SOL,SOLUSDT,strategy-lab-v1.0.0:SIE_OLD_MR_REGIME_EXHAUSTION_CONFIRM_V1,1789624800000,2026-09-17T06:00:00+00:00,99.45,99.89,99.38,99.64,69.98394863563398,98.25699999999999,96.2589299311585,100.78055,1.0928571428571416,0.010968056431725628,69.59349593495931,1.2500000000000033,False,TREND_SUPPORT_NOT_CONFIRMED|RSI_NOT_BELOW_32|CLOSE_NOT_NEAR_OR_BELOW_LOWER_BB|CLOSE_NOT_ABOVE_MA200
2026-09-17T11:33:02.168454+00:00,SIE_OLD_MR_REGIME_EXHAUSTION_CONFIRM_V1,SOL,SOLUSDT,strategy-lab-v1.0.0:SIE_OLD_MR_REGIME_EXHAUSTION_CONFIRM_V1,1789628400000,2026-09-17T07:00:00+00:00,99.64,100.27,99.62,99.94,73.96825396825395,98.357,96.23598986329621,100.7634,1.048571428571427,0.010492009491409115,69.98394863563398,1.2499999999999931,False,TREND_SUPPORT_NOT_CONFIRMED|PLANNED_REWARD_TOO_LOW|RSI_NOT_BELOW_32|CLOSE_NOT_NEAR_OR_BELOW_LOWER_BB|CLOSE_NOT_ABOVE_MA200
2026-09-17T11:33:02.168454+00:00,SIE_OLD_MR_REGIME_EXHAUSTION_CONFIRM_V1,SOL,SOLUSDT,strategy-lab-v1.0.0:SIE_OLD_MR_REGIME_EXHAUSTION_CONFIRM_V1,1789632000000,2026-09-17T08:00:00+00:00,99.94,100.25,99.8,100.24,71.62629757785467,98.49449999999999,96.26249215951192,100.74575,0.8914285714285697,0.008892942651921087,73.96825396825395,1.249999999999996,False,TREND_SUPPORT_NOT_CONFIRMED|PLANNED_REWARD_TOO_LOW|RSI_NOT_BELOW_32|CLOSE_NOT_NEAR_OR_BELOW_LOWER_BB|CLOSE_NOT_ABOVE_MA200|RSI_RECOVERY_NOT_CONFIRMED
2026-09-17T11:33:02.168454+00:00,SIE_OLD_MR_REGIME_EXHAUSTION_CONFIRM_V1,SOL,SOLUSDT,strategy-lab-v1.0.0:SIE_OLD_MR_REGIME_EXHAUSTION_CONFIRM_V1,1789635600000,2026-09-17T09:00:00+00:00,100.23,100.77,100.08,100.16,69.449378330373,98.64750000000001,96.39937300180792,100.72765000000001,0.808571428571427,0.008072797809219519,71.62629757785467,1.2500000000000044,False,TREND_SUPPORT_NOT_CONFIRMED|RSI_NOT_BELOW_32|CLOSE_NOT_NEAR_OR_BELOW_LOWER_BB|CLOSE_NOT_ABOVE_MA200|RSI_RECOVERY_NOT_CONFIRMED
2026-09-17T11:33:02.168454+00:00,SIE_OLD_MR_REGIME_EXHAUSTION_CONFIRM_V1,SOL,SOLUSDT,strategy-lab-v1.0.0:SIE_OLD_MR_REGIME_EXHAUSTION_CONFIRM_V1,1789639200000,2026-09-17T10:00:00+00:00,100.16,100.17,99.48,99.76,60.52141527001873,98.787,96.62807341486558,100.70905,0.7928571428571415,0.00794764577843967,69.449378330373,1.25,False,TREND_SUPPORT_NOT_CONFIRMED|RSI_NOT_BELOW_32|CLOSE_NOT_NEAR_OR_BELOW_LOWER_BB|CLOSE_NOT_ABOVE_MA200|RSI_RECOVERY_NOT_CONFIRMED
2026-09-17T11:33:02.168454+00:00,SIE_OLD_MR_REGIME_EXHAUSTION_CONFIRM_V1,SOL,SOLUSDT,strategy-lab-v1.0.0:SIE_OLD_MR_REGIME_EXHAUSTION_CONFIRM_V1,1789642800000,2026-09-17T11:00:00+00:00,99.75,100.14,99.74,99.93,65.51724137931039,98.931,96.87287561114489,100.69215,0.7728571428571424,0.00773398521822418,60.52141527001873,1.2500000000000047,False,TREND_SUPPORT_NOT_CONFIRMED|RSI_NOT_BELOW_32|CLOSE_NOT_NEAR_OR_BELOW_LOWER_BB|CLOSE_NOT_ABOVE_MA200
2026-09-17T11:33:02.168454+00:00,SIE_OLD_MR_REGIME_EXHAUSTION_CONFIRM_V1,XRP,XRPUSDT,strategy-lab-v1.0.0:SIE_OLD_MR_REGIME_EXHAUSTION_CONFIRM_V1,1789621200000,2026-09-17T05:00:00+00:00,1.2989,1.3015,1.293,1.2947,64.78304742684149,1.286945,1.2597723317467717,1.3648085,0.01740714285714286,0.013444923810259413,67.65015806111685,1.2500000000000064,False,TREND_SUPPORT_NOT_CONFIRMED|RSI_NOT_BELOW_32|CLOSE_NOT_NEAR_OR_BELOW_LOWER_BB|CLOSE_NOT_ABOVE_MA200|RSI_RECOVERY_NOT_CONFIRMED
2026-09-17T11:33:02.168454+00:00,SIE_OLD_MR_REGIME_EXHAUSTION_CONFIRM_V1,XRP,XRPUSDT,strategy-lab-v1.0.0:SIE_OLD_MR_REGIME_EXHAUSTION_CONFIRM_V1,1789624800000,2026-09-17T06:00:00+00:00,1.2945,1.3028,1.2929,1.3002,66.01752677702038,1.2875450000000002,1.2597648290142054,1.3642175,0.017550000000000017,0.013497923396400567,64.78304742684149,1.25,False,TREND_SUPPORT_NOT_CONFIRMED|RSI_NOT_BELOW_32|CLOSE_NOT_NEAR_OR_BELOW_LOWER_BB|CLOSE_NOT_ABOVE_MA200
2026-09-17T11:33:02.168454+00:00,SIE_OLD_MR_REGIME_EXHAUSTION_CONFIRM_V1,XRP,XRPUSDT,strategy-lab-v1.0.0:SIE_OLD_MR_REGIME_EXHAUSTION_CONFIRM_V1,1789628400000,2026-09-17T07:00:00+00:00,1.3,1.3057,1.2991,1.3009,71.42857142857136,1.287855,1.2596276037332523,1.3636359999999998,0.016650000000000022,0.01279883157813823,66.01752677702038,1.2500000000000033,False,TREND_SUPPORT_NOT_CONFIRMED|RSI_NOT_BELOW_32|CLOSE_NOT_NEAR_OR_BELOW_LOWER_BB|CLOSE_NOT_ABOVE_MA200
2026-09-17T11:33:02.168454+00:00,SIE_OLD_MR_REGIME_EXHAUSTION_CONFIRM_V1,XRP,XRPUSDT,strategy-lab-v1.0.0:SIE_OLD_MR_REGIME_EXHAUSTION_CONFIRM_V1,1789632000000,2026-09-17T08:00:00+00:00,1.3007,1.3032,1.2974,1.3027,65.79275905118594,1.2889,1.2601048615214303,1.363046,0.013478571428571435,0.010346642687166221,71.42857142857136,1.2499999999999958,False,TREND_SUPPORT_NOT_CONFIRMED|PLANNED_REWARD_TOO_LOW|RSI_NOT_BELOW_32|CLOSE_NOT_NEAR_OR_BELOW_LOWER_BB|CLOSE_NOT_ABOVE_MA200|RSI_RECOVERY_NOT_CONFIRMED
2026-09-17T11:33:02.168454+00:00,SIE_OLD_MR_REGIME_EXHAUSTION_CONFIRM_V1,XRP,XRPUSDT,strategy-lab-v1.0.0:SIE_OLD_MR_REGIME_EXHAUSTION_CONFIRM_V1,1789635600000,2026-09-17T09:00:00+00:00,1.303,1.3081,1.2978,1.2987,49.35483870967731,1.2901250000000002,1.2618558029827518,1.3624515,0.012042857142857149,0.009273009273009277,65.79275905118594,1.25,False,TREND_SUPPORT_NOT_CONFIRMED|RSI_NOT_BELOW_32|CLOSE_NOT_NEAR_OR_BELOW_LOWER_BB|CLOSE_NOT_ABOVE_MA200|RSI_RECOVERY_NOT_CONFIRMED
2026-09-17T11:33:02.168454+00:00,SIE_OLD_MR_REGIME_EXHAUSTION_CONFIRM_V1,XRP,XRPUSDT,strategy-lab-v1.0.0:SIE_OLD_MR_REGIME_EXHAUSTION_CONFIRM_V1,1789639200000,2026-09-17T10:00:00+00:00,1.2986,1.299,1.2905,1.2948,44.670846394984224,1.2915949999999998,1.2656602761726674,1.3618460000000001,0.01112857142857144,0.0085948188357827,49.35483870967731,1.25,False,TREND_SUPPORT_NOT_CONFIRMED|RSI_NOT_BELOW_32|CLOSE_NOT_NEAR_OR_BELOW_LOWER_BB|CLOSE_NOT_ABOVE_MA200|RSI_RECOVERY_NOT_CONFIRMED
2026-09-17T11:33:02.168454+00:00,SIE_OLD_MR_REGIME_EXHAUSTION_CONFIRM_V1,XRP,XRPUSDT,strategy-lab-v1.0.0:SIE_OLD_MR_REGIME_EXHAUSTION_CONFIRM_V1,1789642800000,2026-09-17T11:00:00+00:00,1.2948,1.2976,1.2944,1.2961,53.98550724637677,1.2931300000000001,1.2701080886979381,1.361243,0.010242857142857156,0.007902829367222556,44.670846394984224,1.2499999999999947,False,TREND_SUPPORT_NOT_CONFIRMED|PLANNED_REWARD_TOO_LOW|RSI_NOT_BELOW_32|CLOSE_NOT_NEAR_OR_BELOW_LOWER_BB|CLOSE_NOT_ABOVE_MA200
2026-09-17T11:33:02.168454+00:00,SIE_OLD_MR_REGIME_EXHAUSTION_CONFIRM_V1,DOGE,DOGEUSDT,strategy-lab-v1.0.0:SIE_OLD_MR_REGIME_EXHAUSTION_CONFIRM_V1,1789621200000,2026-09-17T05:00:00+00:00,0.08105,0.0811,0.08069,0.08074,66.36029411764719,0.08007650000000001,0.07855288226578921,0.08409610000000001,0.0008235714285714285,0.010200290173042215,69.9612403100775,1.25,False,TREND_SUPPORT_NOT_CONFIRMED|RSI_NOT_BELOW_32|CLOSE_NOT_NEAR_OR_BELOW_LOWER_BB|CLOSE_NOT_ABOVE_MA200|RSI_RECOVERY_NOT_CONFIRMED
2026-09-17T11:33:02.168454+00:00,SIE_OLD_MR_REGIME_EXHAUSTION_CONFIRM_V1,DOGE,DOGEUSDT,strategy-lab-v1.0.0:SIE_OLD_MR_REGIME_EXHAUSTION_CONFIRM_V1,1789624800000,2026-09-17T06:00:00+00:00,0.08077,0.08106,0.08073,0.08092,65.73033707865179,0.080124,0.07855798084302854,0.08405059999999999,0.0008135714285714284,0.010054021608643455,66.36029411764719,1.2499999999999958,False,TREND_SUPPORT_NOT_CONFIRMED|PLANNED_REWARD_TOO_LOW|RSI_NOT_BELOW_32|CLOSE_NOT_NEAR_OR_BELOW_LOWER_BB|CLOSE_NOT_ABOVE_MA200|RSI_RECOVERY_NOT_CONFIRMED
2026-09-17T11:33:02.168454+00:00,SIE_OLD_MR_REGIME_EXHAUSTION_CONFIRM_V1,DOGE,DOGEUSDT,strategy-lab-v1.0.0:SIE_OLD_MR_REGIME_EXHAUSTION_CONFIRM_V1,1789628400000,2026-09-17T07:00:00+00:00,0.08094,0.08127,0.08085,0.08115,72.90448343079947,0.080175,0.07854633797244438,0.0840061,0.0007728571428571416,0.009523809523809509,65.73033707865179,1.2499999999999956,False,TREND_SUPPORT_NOT_CONFIRMED|PLANNED_REWARD_TOO_LOW|RSI_NOT_BELOW_32|CLOSE_NOT_NEAR_OR_BELOW_LOWER_BB|CLOSE_NOT_ABOVE_MA200
2026-09-17T11:33:02.168454+00:00,SIE_OLD_MR_REGIME_EXHAUSTION_CONFIRM_V1,DOGE,DOGEUSDT,strategy-lab-v1.0.0:SIE_OLD_MR_REGIME_EXHAUSTION_CONFIRM_V1,1789632000000,2026-09-17T08:00:00+00:00,0.08116,0.08164,0.08107,0.08149,70.9812108559502,0.0802835,0.0786086594105702,0.08396094999999999,0.0006557142857142853,0.008046561365987057,72.90448343079947,1.2500000000000107,False,TREND_SUPPORT_NOT_CONFIRMED|RSI_NOT_BELOW_32|CLOSE_NOT_NEAR_OR_BELOW_LOWER_BB|CLOSE_NOT_ABOVE_MA200|RSI_RECOVERY_NOT_CONFIRMED
2026-09-17T11:33:02.168454+00:00,SIE_OLD_MR_REGIME_EXHAUSTION_CONFIRM_V1,DOGE,DOGEUSDT,strategy-lab-v1.0.0:SIE_OLD_MR_REGIME_EXHAUSTION_CONFIRM_V1,1789635600000,2026-09-17T09:00:00+00:00,0.0815,0.08162,0.0809,0.08097,57.078651685393375,0.080371,0.0787454182579761,0.0839143,0.0005992857142857139,0.007401330298699689,70.9812108559502,1.2500000000000115,False,TREND_SUPPORT_NOT_CONFIRMED|RSI_NOT_BELOW_32|CLOSE_NOT_NEAR_OR_BELOW_LOWER_BB|CLOSE_NOT_ABOVE_MA200|RSI_RECOVERY_NOT_CONFIRMED
2026-09-17T11:33:02.168454+00:00,SIE_OLD_MR_REGIME_EXHAUSTION_CONFIRM_V1,DOGE,DOGEUSDT,strategy-lab-v1.0.0:SIE_OLD_MR_REGIME_EXHAUSTION_CONFIRM_V1,1789639200000,2026-09-17T10:00:00+00:00,0.08096,0.081,0.08058,0.08071,50.904977375565736,0.0804585,0.07896294291315864,0.08386825,0.0005871428571428575,0.007274722551639914,57.078651685393375,1.249999999999994,False,TREND_SUPPORT_NOT_CONFIRMED|PLANNED_REWARD_TOO_LOW|RSI_NOT_BELOW_32|CLOSE_NOT_NEAR_OR_BELOW_LOWER_BB|CLOSE_NOT_ABOVE_MA200|RSI_RECOVERY_NOT_CONFIRMED
2026-09-17T11:33:02.168454+00:00,SIE_OLD_MR_REGIME_EXHAUSTION_CONFIRM_V1,DOGE,DOGEUSDT,strategy-lab-v1.0.0:SIE_OLD_MR_REGIME_EXHAUSTION_CONFIRM_V1,1789642800000,2026-09-17T11:00:00+00:00,0.08073,0.08092,0.08072,0.08078,53.4562211981568,0.08054950000000001,0.07921715657580286,0.08382415,0.0005692857142857147,0.00704735967177166,50.904977375565736,1.25,False,TREND_SUPPORT_NOT_CONFIRMED|RSI_NOT_BELOW_32|CLOSE_NOT_NEAR_OR_BELOW_LOWER_BB|CLOSE_NOT_ABOVE_MA200
2026-09-17T11:33:02.168454+00:00,SIE_OLD_MR_REGIME_EXHAUSTION_CONFIRM_V1,BNB,BNBUSDT,strategy-lab-v1.0.0:SIE_OLD_MR_REGIME_EXHAUSTION_CONFIRM_V1,1789621200000,2026-09-17T05:00:00+00:00,725.0,726.06,724.19,724.19,73.2630047289924,717.86,706.4989173051129,723.83875,4.5007142857142854,0.0062148252333148555,76.08991825613057,1.2500000000000062,False,TREND_SUPPORT_NOT_CONFIRMED|RSI_NOT_BELOW_32|CLOSE_NOT_NEAR_OR_BELOW_LOWER_BB|RSI_RECOVERY_NOT_CONFIRMED
2026-09-17T11:33:02.168454+00:00,SIE_OLD_MR_REGIME_EXHAUSTION_CONFIRM_V1,BNB,BNBUSDT,strategy-lab-v1.0.0:SIE_OLD_MR_REGIME_EXHAUSTION_CONFIRM_V1,1789624800000,2026-09-17T06:00:00+00:00,724.1,725.76,723.29,725.01,72.53363228699543,718.566,707.2704798260523,723.6903,4.437857142857142,0.006121097837074168,73.2630047289924,1.2499999999999871,False,TREND_SUPPORT_NOT_CONFIRMED|PLANNED_REWARD_TOO_LOW|RSI_NOT_BELOW_32|CLOSE_NOT_NEAR_OR_BELOW_LOWER_BB|RSI_RECOVERY_NOT_CONFIRMED
2026-09-17T11:33:02.168454+00:00,SIE_OLD_MR_REGIME_EXHAUSTION_CONFIRM_V1,BNB,BNBUSDT,strategy-lab-v1.0.0:SIE_OLD_MR_REGIME_EXHAUSTION_CONFIRM_V1,1789628400000,2026-09-17T07:00:00+00:00,724.99,726.86,723.41,723.72,70.30061571894255,719.067,707.7903904031372,723.54875,4.312142857142858,0.0059583027374438425,72.53363228699543,1.250000000000013,False,TREND_SUPPORT_NOT_CONFIRMED|RSI_NOT_BELOW_32|CLOSE_NOT_NEAR_OR_BELOW_LOWER_BB|RSI_RECOVERY_NOT_CONFIRMED
2026-09-17T11:33:02.168454+00:00,SIE_OLD_MR_REGIME_EXHAUSTION_CONFIRM_V1,BNB,BNBUSDT,strategy-lab-v1.0.0:SIE_OLD_MR_REGIME_EXHAUSTION_CONFIRM_V1,1789632000000,2026-09-17T08:00:00+00:00,723.98,726.1,723.43,725.41,69.75285872371819,719.7194999999999,708.5611462235661,723.4055500000001,3.7750000000000017,0.005203953626225171,70.30061571894255,1.2500000000000075,False,TREND_SUPPORT_NOT_CONFIRMED|RSI_NOT_BELOW_32|CLOSE_NOT_NEAR_OR_BELOW_LOWER_BB|RSI_RECOVERY_NOT_CONFIRMED
2026-09-17T11:33:02.168454+00:00,SIE_OLD_MR_REGIME_EXHAUSTION_CONFIRM_V1,BNB,BNBUSDT,strategy-lab-v1.0.0:SIE_OLD_MR_REGIME_EXHAUSTION_CONFIRM_V1,1789635600000,2026-09-17T09:00:00+00:00,726.15,726.8,724.55,724.55,62.35978396343992,720.404,709.8397538839702,723.2552499999999,3.4171428571428595,0.004716227806421724,69.75285872371819,1.2499999999999833,False,TREND_SUPPORT_NOT_CONFIRMED|PLANNED_REWARD_TOO_LOW|RSI_NOT_BELOW_32|CLOSE_NOT_NEAR_OR_BELOW_LOWER_BB|RSI_RECOVERY_NOT_CONFIRMED
2026-09-17T11:33:02.168454+00:00,SIE_OLD_MR_REGIME_EXHAUSTION_CONFIRM_V1,BNB,BNBUSDT,strategy-lab-v1.0.0:SIE_OLD_MR_REGIME_EXHAUSTION_CONFIRM_V1,1789639200000,2026-09-17T10:00:00+00:00,724.54,725.13,721.96,722.96,56.13673805601328,721.092,711.823201588121,723.11095,3.4349999999999943,0.004751300210246755,62.35978396343992,1.25,False,TREND_SUPPORT_NOT_CONFIRMED|RSI_NOT_BELOW_32|CLOSE_NOT_NEAR_OR_BELOW_LOWER_BB|CLOSE_NOT_ABOVE_MA200|RSI_RECOVERY_NOT_CONFIRMED
2026-09-17T11:33:02.168454+00:00,SIE_OLD_MR_REGIME_EXHAUSTION_CONFIRM_V1,BNB,BNBUSDT,strategy-lab-v1.0.0:SIE_OLD_MR_REGIME_EXHAUSTION_CONFIRM_V1,1789642800000,2026-09-17T11:00:00+00:00,723.23,723.23,721.54,721.9,52.70597738287569,721.617,713.4836289891554,722.97125,3.444999999999993,0.004772129103753973,56.13673805601328,1.2500000000000082,False,TREND_SUPPORT_NOT_CONFIRMED|RSI_NOT_BELOW_32|CLOSE_NOT_NEAR_OR_BELOW_LOWER_BB|CLOSE_NOT_ABOVE_MA200|RSI_RECOVERY_NOT_CONFIRMED
2026-09-17T11:33:02.168454+00:00,SIE_OLD_MR_REGIME_EXHAUSTION_CONFIRM_V1,PAXG,PAXGUSDT,strategy-lab-v1.0.0:SIE_OLD_MR_REGIME_EXHAUSTION_CONFIRM_V1,1789621200000,2026-09-17T05:00:00+00:00,4298.39,4302.96,4284.75,4301.99,38.65072202166067,4309.543,4239.078968012024,4342.6289,26.02357142857149,0.00604919384484192,37.08073411083999,1.2499999999999825,False,TREND_SUPPORT_NOT_CONFIRMED|PLANNED_REWARD_TOO_LOW|RSI_NOT_BELOW_32|CLOSE_NOT_NEAR_OR_BELOW_LOWER_BB|CLOSE_NOT_ABOVE_MA200
2026-09-17T11:33:02.168454+00:00,SIE_OLD_MR_REGIME_EXHAUSTION_CONFIRM_V1,PAXG,PAXGUSDT,strategy-lab-v1.0.0:SIE_OLD_MR_REGIME_EXHAUSTION_CONFIRM_V1,1789624800000,2026-09-17T06:00:00+00:00,4303.53,4313.0,4301.77,4308.09,41.191523749663396,4307.4905,4239.408442605982,4342.385450000001,26.226428571428578,0.006087716034583441,38.65072202166067,1.2500000000000173,False,TREND_SUPPORT_NOT_CONFIRMED|RSI_NOT_BELOW_32|CLOSE_NOT_NEAR_OR_BELOW_LOWER_BB|CLOSE_NOT_ABOVE_MA200
2026-09-17T11:33:02.168454+00:00,SIE_OLD_MR_REGIME_EXHAUSTION_CONFIRM_V1,PAXG,PAXGUSDT,strategy-lab-v1.0.0:SIE_OLD_MR_REGIME_EXHAUSTION_CONFIRM_V1,1789628400000,2026-09-17T07:00:00+00:00,4309.29,4331.21,4309.13,4324.19,39.30590306737081,4306.646,4239.844521154077,4342.2499,25.862142857142835,0.0059808063145104255,41.191523749663396,1.2499999999999911,False,TREND_SUPPORT_NOT_CONFIRMED|PLANNED_REWARD_TOO_LOW|RSI_NOT_BELOW_32|CLOSE_NOT_NEAR_OR_BELOW_LOWER_BB|CLOSE_NOT_ABOVE_MA200|RSI_RECOVERY_NOT_CONFIRMED
2026-09-17T11:33:02.168454+00:00,SIE_OLD_MR_REGIME_EXHAUSTION_CONFIRM_V1,PAXG,PAXGUSDT,strategy-lab-v1.0.0:SIE_OLD_MR_REGIME_EXHAUSTION_CONFIRM_V1,1789632000000,2026-09-17T08:00:00+00:00,4325.49,4326.27,4309.21,4310.86,67.48607796340497,4304.6735,4240.883868154359,4341.99665,19.359999999999996,0.004490983237683432,39.30590306737081,1.2500000000000118,False,TREND_SUPPORT_NOT_CONFIRMED|RSI_NOT_BELOW_32|CLOSE_NOT_NEAR_OR_BELOW_LOWER_BB|CLOSE_NOT_ABOVE_MA200|RSI_RECOVERY_NOT_CONFIRMED
2026-09-17T11:33:02.168454+00:00,SIE_OLD_MR_REGIME_EXHAUSTION_CONFIRM_V1,PAXG,PAXGUSDT,strategy-lab-v1.0.0:SIE_OLD_MR_REGIME_EXHAUSTION_CONFIRM_V1,1789635600000,2026-09-17T09:00:00+00:00,4311.41,4316.22,4304.05,4305.06,62.32644494672279,4303.2055,4240.887315984399,4341.6445,16.606428571428555,0.003857420935231693,67.48607796340497,1.2499999999999862,False,TREND_SUPPORT_NOT_CONFIRMED|PLANNED_REWARD_TOO_LOW|RSI_NOT_BELOW_32|CLOSE_NOT_NEAR_OR_BELOW_LOWER_BB|CLOSE_NOT_ABOVE_MA200|RSI_RECOVERY_NOT_CONFIRMED
2026-09-17T11:33:02.168454+00:00,SIE_OLD_MR_REGIME_EXHAUSTION_CONFIRM_V1,PAXG,PAXGUSDT,strategy-lab-v1.0.0:SIE_OLD_MR_REGIME_EXHAUSTION_CONFIRM_V1,1789639200000,2026-09-17T10:00:00+00:00,4305.06,4324.58,4305.06,4324.58,69.74547552094614,4301.658,4243.1962156960435,4341.34875,16.97071428571423,0.0039242456575469134,62.32644494672279,1.2500000000000133,False,TREND_SUPPORT_NOT_CONFIRMED|RSI_NOT_BELOW_32|CLOSE_NOT_NEAR_OR_BELOW_LOWER_BB|CLOSE_NOT_ABOVE_MA200
2026-09-17T11:33:02.168454+00:00,SIE_OLD_MR_REGIME_EXHAUSTION_CONFIRM_V1,PAXG,PAXGUSDT,strategy-lab-v1.0.0:SIE_OLD_MR_REGIME_EXHAUSTION_CONFIRM_V1,1789642800000,2026-09-17T11:00:00+00:00,4324.64,4337.0,4324.3,4326.19,70.08626220859784,4300.353,4245.411103017803,4341.0943,17.432857142857042,0.004029609689555254,69.74547552094614,1.249999999999987,False,TREND_SUPPORT_NOT_CONFIRMED|PLANNED_REWARD_TOO_LOW|RSI_NOT_BELOW_32|CLOSE_NOT_NEAR_OR_BELOW_LOWER_BB|CLOSE_NOT_ABOVE_MA200
2026-09-17T16:52:36.925658+00:00,SIE_OLD_MR_REGIME_EXHAUSTION_CONFIRM_V1,BTC,BTCUSDT,strategy-lab-v1.0.0:SIE_OLD_MR_REGIME_EXHAUSTION_CONFIRM_V1,1789646400000,2026-09-17T12:00:00+00:00,76398.6,77105.42,76327.3,76659.83,78.46867419077495,76201.454,75609.52320514448,77248.69714999999,378.13357142856796,0.004932616879382174,63.260491681152104,1.2499999999999807,False,TREND_SUPPORT_NOT_CONFIRMED|PLANNED_REWARD_TOO_LOW|RSI_NOT_BELOW_32|CLOSE_NOT_NEAR_OR_BELOW_LOWER_BB|CLOSE_NOT_ABOVE_MA200
2026-09-17T16:52:36.925658+00:00,SIE_OLD_MR_REGIME_EXHAUSTION_CONFIRM_V1,BTC,BTCUSDT,strategy-lab-v1.0.0:SIE_OLD_MR_REGIME_EXHAUSTION_CONFIRM_V1,1789650000000,2026-09-17T13:00:00+00:00,76659.83,76816.07,75921.88,76618.25,67.62213285671707,76248.30399999999,75680.65647142417,77237.17945,396.43428571428274,0.005174149575516052,78.46867419077495,1.250000000000009,False,TREND_SUPPORT_NOT_CONFIRMED|RSI_NOT_BELOW_32|CLOSE_NOT_NEAR_OR_BELOW_LOWER_BB|CLOSE_NOT_ABOVE_MA200|RSI_RECOVERY_NOT_CONFIRMED
2026-09-17T16:52:36.925658+00:00,SIE_OLD_MR_REGIME_EXHAUSTION_CONFIRM_V1,BTC,BTCUSDT,strategy-lab-v1.0.0:SIE_OLD_MR_REGIME_EXHAUSTION_CONFIRM_V1,1789653600000,2026-09-17T14:00:00+00:00,76618.24,77021.1,76314.72,76423.62,55.48608851860749,76291.68549999999,75817.36145087199,77223.5463,423.26714285714013,0.005538433574033004,67.62213285671707,1.25,False,TREND_SUPPORT_NOT_CONFIRMED|RSI_NOT_BELOW_32|CLOSE_NOT_NEAR_OR_BELOW_LOWER_BB|CLOSE_NOT_ABOVE_MA200|RSI_RECOVERY_NOT_CONFIRMED
2026-09-17T16:52:36.925658+00:00,SIE_OLD_MR_REGIME_EXHAUSTION_CONFIRM_V1,BTC,BTCUSDT,strategy-lab-v1.0.0:SIE_OLD_MR_REGIME_EXHAUSTION_CONFIRM_V1,1789657200000,2026-09-17T15:00:00+00:00,76423.62,76796.43,76186.47,76702.31,62.15432904207276,76326.801,75840.223852943,77210.76389999999,426.41571428571166,0.0055593594806429125,55.48608851860749,1.249999999999983,False,TREND_SUPPORT_NOT_CONFIRMED|PLANNED_REWARD_TOO_LOW|RSI_NOT_BELOW_32|CLOSE_NOT_NEAR_OR_BELOW_LOWER_BB|CLOSE_NOT_ABOVE_MA200
2026-09-17T16:52:36.925658+00:00,SIE_OLD_MR_REGIME_EXHAUSTION_CONFIRM_V1,BTC,BTCUSDT,strategy-lab-v1.0.0:SIE_OLD_MR_REGIME_EXHAUSTION_CONFIRM_V1,1789660800000,2026-09-17T16:00:00+00:00,76704.34,76745.24,76452.67,76582.32,57.83690417248059,76350.818,75863.58176330767,77195.19859999999,415.24499999999847,0.005422204498375062,62.15432904207276,1.25,False,TREND_SUPPORT_NOT_CONFIRMED|RSI_NOT_BELOW_32|CLOSE_NOT_NEAR_OR_BELOW_LOWER_BB|CLOSE_NOT_ABOVE_MA200|RSI_RECOVERY_NOT_CONFIRMED
2026-09-17T16:52:36.925658+00:00,SIE_OLD_MR_REGIME_EXHAUSTION_CONFIRM_V1,SOL,SOLUSDT,strategy-lab-v1.0.0:SIE_OLD_MR_REGIME_EXHAUSTION_CONFIRM_V1,1789646400000,2026-09-17T12:00:00+00:00,100.02,101.34,99.98,100.65,82.14285714285728,99.112,97.08412820918096,100.67395,0.8185714285714271,0.00813285075580156,66.29213483146066,1.25,False,TREND_SUPPORT_NOT_CONFIRMED|RSI_NOT_BELOW_32|CLOSE_NOT_NEAR_OR_BELOW_LOWER_BB|CLOSE_NOT_ABOVE_MA200
2026-09-17T16:52:36.925658+00:00,SIE_OLD_MR_REGIME_EXHAUSTION_CONFIRM_V1,SOL,SOLUSDT,strategy-lab-v1.0.0:SIE_OLD_MR_REGIME_EXHAUSTION_CONFIRM_V1,1789650000000,2026-09-17T13:00:00+00:00,100.64,100.9,99.56,100.64,76.60668380462734,99.29799999999999,97.43256064156465,100.65675000000002,0.8092857142857132,0.008041392232568691,82.14285714285728,1.2499999999999956,False,TREND_SUPPORT_NOT_CONFIRMED|PLANNED_REWARD_TOO_LOW|RSI_NOT_BELOW_32|CLOSE_NOT_NEAR_OR_BELOW_LOWER_BB|CLOSE_NOT_ABOVE_MA200|RSI_RECOVERY_NOT_CONFIRMED
2026-09-17T16:52:36.925658+00:00,SIE_OLD_MR_REGIME_EXHAUSTION_CONFIRM_V1,SOL,SOLUSDT,strategy-lab-v1.0.0:SIE_OLD_MR_REGIME_EXHAUSTION_CONFIRM_V1,1789653600000,2026-09-17T14:00:00+00:00,100.65,101.73,99.98,100.96,78.12499999999999,99.45899999999999,97.60342569537093,100.63895000000001,0.8807142857142846,0.00872339823409553,76.60668380462734,1.250000000000004,False,TREND_SUPPORT_NOT_CONFIRMED|RSI_NOT_BELOW_32|CLOSE_NOT_NEAR_OR_BELOW_LOWER_BB
2026-09-17T16:52:36.925658+00:00,SIE_OLD_MR_REGIME_EXHAUSTION_CONFIRM_V1,SOL,SOLUSDT,strategy-lab-v1.0.0:SIE_OLD_MR_REGIME_EXHAUSTION_CONFIRM_V1,1789657200000,2026-09-17T15:00:00+00:00,100.97,101.26,100.14,101.2,76.36363636363642,99.6205,97.7492386606891,100.62215,0.8771428571428562,0.008667419536984746,78.12499999999999,1.250000000000004,False,TREND_SUPPORT_NOT_CONFIRMED|RSI_NOT_BELOW_32|CLOSE_NOT_NEAR_OR_BELOW_LOWER_BB|RSI_RECOVERY_NOT_CONFIRMED
2026-09-17T16:52:36.925658+00:00,SIE_OLD_MR_REGIME_EXHAUSTION_CONFIRM_V1,SOL,SOLUSDT,strategy-lab-v1.0.0:SIE_OLD_MR_REGIME_EXHAUSTION_CONFIRM_V1,1789660800000,2026-09-17T16:00:00+00:00,101.2,101.44,100.64,100.83,68.78048780487798,99.73049999999999,97.84646735697078,100.6022,0.8699999999999984,0.00862838440940195,76.36363636363642,1.25,False,TREND_SUPPORT_NOT_CONFIRMED|RSI_NOT_BELOW_32|CLOSE_NOT_NEAR_OR_BELOW_LOWER_BB|RSI_RECOVERY_NOT_CONFIRMED
2026-09-17T16:52:36.925658+00:00,SIE_OLD_MR_REGIME_EXHAUSTION_CONFIRM_V1,XRP,XRPUSDT,strategy-lab-v1.0.0:SIE_OLD_MR_REGIME_EXHAUSTION_CONFIRM_V1,1789646400000,2026-09-17T12:00:00+00:00,1.2984,1.3142,1.2976,1.304,66.02451838879153,1.2950750000000002,1.2748598695279996,1.3605935,0.010814285714285712,0.008293163891323398,55.74912891986057,1.250000000000005,False,TREND_SUPPORT_NOT_CONFIRMED|RSI_NOT_BELOW_32|CLOSE_NOT_NEAR_OR_BELOW_LOWER_BB|CLOSE_NOT_ABOVE_MA200
2026-09-17T16:52:36.925658+00:00,SIE_OLD_MR_REGIME_EXHAUSTION_CONFIRM_V1,XRP,XRPUSDT,strategy-lab-v1.0.0:SIE_OLD_MR_REGIME_EXHAUSTION_CONFIRM_V1,1789650000000,2026-09-17T13:00:00+00:00,1.3039,1.3081,1.2886,1.3026,54.38596491228067,1.297215,1.2848540493893061,1.3599690000000002,0.010878571428571435,0.00835142901011165,66.02451838879153,1.2500000000000102,False,TREND_SUPPORT_NOT_CONFIRMED|RSI_NOT_BELOW_32|CLOSE_NOT_NEAR_OR_BELOW_LOWER_BB|CLOSE_NOT_ABOVE_MA200|RSI_RECOVERY_NOT_CONFIRMED
2026-09-17T16:52:36.925658+00:00,SIE_OLD_MR_REGIME_EXHAUSTION_CONFIRM_V1,XRP,XRPUSDT,strategy-lab-v1.0.0:SIE_OLD_MR_REGIME_EXHAUSTION_CONFIRM_V1,1789653600000,2026-09-17T14:00:00+00:00,1.3026,1.3193,1.2959,1.2997,56.36363636363639,1.29833,1.2899318811630212,1.3592999999999997,0.011942857142857144,0.009188933709977028,54.38596491228067,1.2500000000000047,False,TREND_SUPPORT_NOT_CONFIRMED|RSI_NOT_BELOW_32|CLOSE_NOT_NEAR_OR_BELOW_LOWER_BB|CLOSE_NOT_ABOVE_MA200|RSI_RECOVERY_NOT_CONFIRMED
2026-09-17T16:52:36.925658+00:00,SIE_OLD_MR_REGIME_EXHAUSTION_CONFIRM_V1,XRP,XRPUSDT,strategy-lab-v1.0.0:SIE_OLD_MR_REGIME_EXHAUSTION_CONFIRM_V1,1789657200000,2026-09-17T15:00:00+00:00,1.2996,1.3093,1.2933,1.3067,58.078602620087366,1.2986900000000001,1.2895386285180845,1.358628,0.011650000000000002,0.008915588888038572,56.36363636363639,1.2499999999999905,False,TREND_SUPPORT_NOT_CONFIRMED|PLANNED_REWARD_TOO_LOW|RSI_NOT_BELOW_32|CLOSE_NOT_NEAR_OR_BELOW_LOWER_BB|CLOSE_NOT_ABOVE_MA200
2026-09-17T16:52:36.925658+00:00,SIE_OLD_MR_REGIME_EXHAUSTION_CONFIRM_V1,XRP,XRPUSDT,strategy-lab-v1.0.0:SIE_OLD_MR_REGIME_EXHAUSTION_CONFIRM_V1,1789660800000,2026-09-17T16:00:00+00:00,1.307,1.308,1.2975,1.2989,49.81273408239702,1.298555,1.2895001725582418,1.3579320000000001,0.011549999999999996,0.00889213950265609,58.078602620087366,1.2499999999999951,False,TREND_SUPPORT_NOT_CONFIRMED|PLANNED_REWARD_TOO_LOW|RSI_NOT_BELOW_32|CLOSE_NOT_NEAR_OR_BELOW_LOWER_BB|CLOSE_NOT_ABOVE_MA200|RSI_RECOVERY_NOT_CONFIRMED
2026-09-17T16:52:36.925658+00:00,SIE_OLD_MR_REGIME_EXHAUSTION_CONFIRM_V1,DOGE,DOGEUSDT,strategy-lab-v1.0.0:SIE_OLD_MR_REGIME_EXHAUSTION_CONFIRM_V1,1789646400000,2026-09-17T12:00:00+00:00,0.08091,0.08175,0.08084,0.08122,65.40284360189577,0.080655,0.0794331407609724,0.08377789999999999,0.0006007142857142858,0.007396137474935801,54.80984340044747,1.25,False,TREND_SUPPORT_NOT_CONFIRMED|RSI_NOT_BELOW_32|CLOSE_NOT_NEAR_OR_BELOW_LOWER_BB|CLOSE_NOT_ABOVE_MA200
2026-09-17T16:52:36.925658+00:00,SIE_OLD_MR_REGIME_EXHAUSTION_CONFIRM_V1,DOGE,DOGEUSDT,strategy-lab-v1.0.0:SIE_OLD_MR_REGIME_EXHAUSTION_CONFIRM_V1,1789650000000,2026-09-17T13:00:00+00:00,0.08121,0.08141,0.08056,0.0814,57.92507204610949,0.080785,0.07986405483333851,0.0837345,0.0005785714285714273,0.0071077571077570924,65.40284360189577,1.25,False,TREND_SUPPORT_NOT_CONFIRMED|RSI_NOT_BELOW_32|CLOSE_NOT_NEAR_OR_BELOW_LOWER_BB|CLOSE_NOT_ABOVE_MA200|RSI_RECOVERY_NOT_CONFIRMED
2026-09-17T16:52:36.925658+00:00,SIE_OLD_MR_REGIME_EXHAUSTION_CONFIRM_V1,DOGE,DOGEUSDT,strategy-lab-v1.0.0:SIE_OLD_MR_REGIME_EXHAUSTION_CONFIRM_V1,1789653600000,2026-09-17T14:00:00+00:00,0.08142,0.08249,0.08105,0.08158,64.41176470588239,0.08089,0.08012198958340581,0.08369025000000001,0.0006485714285714279,0.007950127832451923,57.92507204610949,1.2500000000000053,False,TREND_SUPPORT_NOT_CONFIRMED|RSI_NOT_BELOW_32|CLOSE_NOT_NEAR_OR_BELOW_LOWER_BB|CLOSE_NOT_ABOVE_MA200
2026-09-17T16:52:36.925658+00:00,SIE_OLD_MR_REGIME_EXHAUSTION_CONFIRM_V1,DOGE,DOGEUSDT,strategy-lab-v1.0.0:SIE_OLD_MR_REGIME_EXHAUSTION_CONFIRM_V1,1789657200000,2026-09-17T15:00:00+00:00,0.08159,0.08196,0.08108,0.08193,64.0949554896144,0.0809695,0.08012074856406766,0.0836455,0.0006478571428571425,0.007907447123851366,64.41176470588239,1.25,False,TREND_SUPPORT_NOT_CONFIRMED|RSI_NOT_BELOW_32|CLOSE_NOT_NEAR_OR_BELOW_LOWER_BB|CLOSE_NOT_ABOVE_MA200|RSI_RECOVERY_NOT_CONFIRMED
2026-09-17T16:52:36.925658+00:00,SIE_OLD_MR_REGIME_EXHAUSTION_CONFIRM_V1,DOGE,DOGEUSDT,strategy-lab-v1.0.0:SIE_OLD_MR_REGIME_EXHAUSTION_CONFIRM_V1,1789660800000,2026-09-17T16:00:00+00:00,0.08192,0.08204,0.08148,0.08166,61.53846153846141,0.081021,0.08013664939079727,0.08359675,0.0006328571428571424,0.007749903782232947,64.0949554896144,1.2500000000000056,False,TREND_SUPPORT_NOT_CONFIRMED|RSI_NOT_BELOW_32|CLOSE_NOT_NEAR_OR_BELOW_LOWER_BB|CLOSE_NOT_ABOVE_MA200|RSI_RECOVERY_NOT_CONFIRMED
2026-09-17T16:52:36.925658+00:00,SIE_OLD_MR_REGIME_EXHAUSTION_CONFIRM_V1,BNB,BNBUSDT,strategy-lab-v1.0.0:SIE_OLD_MR_REGIME_EXHAUSTION_CONFIRM_V1,1789646400000,2026-09-17T12:00:00+00:00,723.92,731.89,723.92,728.71,68.9149560117304,722.5070000000001,714.8203021394129,722.8537,3.9592857142857105,0.005433280336877099,56.847649918962986,1.25,False,TREND_SUPPORT_NOT_CONFIRMED|RSI_NOT_BELOW_32|CLOSE_NOT_NEAR_OR_BELOW_LOWER_BB
2026-09-17T16:52:36.925658+00:00,SIE_OLD_MR_REGIME_EXHAUSTION_CONFIRM_V1,BNB,BNBUSDT,strategy-lab-v1.0.0:SIE_OLD_MR_REGIME_EXHAUSTION_CONFIRM_V1,1789650000000,2026-09-17T13:00:00+00:00,728.84,729.68,722.96,726.77,52.441807393883934,723.22,716.8404639667164,722.7309000000001,3.8528571428571388,0.005301343124863628,68.9149560117304,1.2499999999999853,False,PLANNED_REWARD_TOO_LOW|RSI_NOT_BELOW_32|CLOSE_NOT_NEAR_OR_BELOW_LOWER_BB|RSI_RECOVERY_NOT_CONFIRMED
2026-09-17T16:52:36.925658+00:00,SIE_OLD_MR_REGIME_EXHAUSTION_CONFIRM_V1,BNB,BNBUSDT,strategy-lab-v1.0.0:SIE_OLD_MR_REGIME_EXHAUSTION_CONFIRM_V1,1789653600000,2026-09-17T14:00:00+00:00,726.81,728.82,724.36,725.06,53.243744207599605,723.738,718.6601831462754,722.5838,3.843571428571425,0.005301039125826035,52.441807393883934,1.2500000000000073,False,RSI_NOT_BELOW_32|CLOSE_NOT_NEAR_OR_BELOW_LOWER_BB|RSI_RECOVERY_NOT_CONFIRMED
2026-09-17T16:52:36.925658+00:00,SIE_OLD_MR_REGIME_EXHAUSTION_CONFIRM_V1,BNB,BNBUSDT,strategy-lab-v1.0.0:SIE_OLD_MR_REGIME_EXHAUSTION_CONFIRM_V1,1789657200000,2026-09-17T15:00:00+00:00,724.88,728.0,723.88,727.19,54.44695259593688,724.1675,719.461143128706,722.4499000000001,3.7228571428571433,0.005119510915795243,53.243744207599605,1.2500000000000075,False,RSI_NOT_BELOW_32|CLOSE_NOT_NEAR_OR_BELOW_LOWER_BB
2026-09-17T16:52:36.925658+00:00,SIE_OLD_MR_REGIME_EXHAUSTION_CONFIRM_V1,BNB,BNBUSDT,strategy-lab-v1.0.0:SIE_OLD_MR_REGIME_EXHAUSTION_CONFIRM_V1,1789660800000,2026-09-17T16:00:00+00:00,726.72,727.53,725.54,726.71,58.88671875,724.504,720.0900792938727,722.29625,3.625,0.004988234646557774,54.44695259593688,1.25,False,RSI_NOT_BELOW_32|CLOSE_NOT_NEAR_OR_BELOW_LOWER_BB|RSI_RECOVERY_NOT_CONFIRMED
2026-09-17T16:52:36.925658+00:00,SIE_OLD_MR_REGIME_EXHAUSTION_CONFIRM_V1,PAXG,PAXGUSDT,strategy-lab-v1.0.0:SIE_OLD_MR_REGIME_EXHAUSTION_CONFIRM_V1,1789646400000,2026-09-17T12:00:00+00:00,4347.53,4377.2,4341.59,4361.77,76.90849560572158,4302.049,4242.070968721853,4341.0756,19.75285714285701,0.004528633362799278,73.73395931142434,1.2499999999999885,False,TREND_SUPPORT_NOT_CONFIRMED|PLANNED_REWARD_TOO_LOW|RSI_NOT_BELOW_32|CLOSE_NOT_NEAR_OR_BELOW_LOWER_BB
2026-09-17T16:52:36.925658+00:00,SIE_OLD_MR_REGIME_EXHAUSTION_CONFIRM_V1,PAXG,PAXGUSDT,strategy-lab-v1.0.0:SIE_OLD_MR_REGIME_EXHAUSTION_CONFIRM_V1,1789650000000,2026-09-17T13:00:00+00:00,4359.75,4368.78,4352.13,4362.76,76.30694878293198,4301.669500000001,4243.351853108152,4340.882799999999,19.99357142857129,0.0045827804941301585,76.90849560572158,1.25,False,TREND_SUPPORT_NOT_CONFIRMED|RSI_NOT_BELOW_32|CLOSE_NOT_NEAR_OR_BELOW_LOWER_BB|RSI_RECOVERY_NOT_CONFIRMED
2026-09-17T16:52:36.925658+00:00,SIE_OLD_MR_REGIME_EXHAUSTION_CONFIRM_V1,PAXG,PAXGUSDT,strategy-lab-v1.0.0:SIE_OLD_MR_REGIME_EXHAUSTION_CONFIRM_V1,1789653600000,2026-09-17T14:00:00+00:00,4362.38,4372.8,4348.03,4352.14,68.24345435230929,4305.931500000001,4245.965176025603,4340.627850000001,19.86642857142845,0.004564749427047027,76.30694878293198,1.2500000000000115,False,TREND_SUPPORT_NOT_CONFIRMED|RSI_NOT_BELOW_32|CLOSE_NOT_NEAR_OR_BELOW_LOWER_BB|RSI_RECOVERY_NOT_CONFIRMED
2026-09-17T16:52:36.925658+00:00,SIE_OLD_MR_REGIME_EXHAUSTION_CONFIRM_V1,PAXG,PAXGUSDT,strategy-lab-v1.0.0:SIE_OLD_MR_REGIME_EXHAUSTION_CONFIRM_V1,1789657200000,2026-09-17T15:00:00+00:00,4349.79,4366.72,4349.79,4366.72,69.93610979649824,4310.541499999999,4246.880966770986,4340.41685,19.487857142857074,0.004462813540336241,68.24345435230929,1.2499999999999882,False,TREND_SUPPORT_NOT_CONFIRMED|PLANNED_REWARD_TOO_LOW|RSI_NOT_BELOW_32|CLOSE_NOT_NEAR_OR_BELOW_LOWER_BB
2026-09-17T16:52:36.925658+00:00,SIE_OLD_MR_REGIME_EXHAUSTION_CONFIRM_V1,PAXG,PAXGUSDT,strategy-lab-v1.0.0:SIE_OLD_MR_REGIME_EXHAUSTION_CONFIRM_V1,1789660800000,2026-09-17T16:00:00+00:00,4367.16,4367.16,4353.06,4356.05,74.52092788704013,4314.853499999999,4251.130005031484,4340.1861499999995,18.73428571428563,0.0043007508440641475,69.93610979649824,1.2500000000000122,False,TREND_SUPPORT_NOT_CONFIRMED|RSI_NOT_BELOW_32|CLOSE_NOT_NEAR_OR_BELOW_LOWER_BB|RSI_RECOVERY_NOT_CONFIRMED
2026-09-17T21:17:35.519180+00:00,SIE_OLD_MR_REGIME_EXHAUSTION_CONFIRM_V1,BTC,BTCUSDT,strategy-lab-v1.0.0:SIE_OLD_MR_REGIME_EXHAUSTION_CONFIRM_V1,1789664400000,2026-09-17T17:00:00+00:00,76688.03,76911.12,76506.3,76608.24,57.20657040949711,76391.1425,75925.46171392991,77184.06835,432.3242857142842,0.0056433131176787795,61.494331947476795,1.2500000000000084,False,TREND_SUPPORT_NOT_CONFIRMED|RSI_NOT_BELOW_32|CLOSE_NOT_NEAR_OR_BELOW_LOWER_BB|CLOSE_NOT_ABOVE_MA200|RSI_RECOVERY_NOT_CONFIRMED
2026-09-17T21:17:35.519180+00:00,SIE_OLD_MR_REGIME_EXHAUSTION_CONFIRM_V1,BTC,BTCUSDT,strategy-lab-v1.0.0:SIE_OLD_MR_REGIME_EXHAUSTION_CONFIRM_V1,1789668000000,2026-09-17T18:00:00+00:00,76608.24,76728.22,76388.47,76506.4,51.34359155759895,76435.4585,76130.9058024731,77172.0916,427.1907142857131,0.005583725208423258,57.20657040949711,1.25,False,TREND_SUPPORT_NOT_CONFIRMED|RSI_NOT_BELOW_32|CLOSE_NOT_NEAR_OR_BELOW_LOWER_BB|CLOSE_NOT_ABOVE_MA200|RSI_RECOVERY_NOT_CONFIRMED
2026-09-17T21:17:35.519180+00:00,SIE_OLD_MR_REGIME_EXHAUSTION_CONFIRM_V1,BTC,BTCUSDT,strategy-lab-v1.0.0:SIE_OLD_MR_REGIME_EXHAUSTION_CONFIRM_V1,1789671600000,2026-09-17T19:00:00+00:00,76506.41,76623.26,76430.55,76524.57,59.1590532528631,76454.4375,76178.71061013447,77158.24315000001,417.59571428571195,0.005457014842235793,51.34359155759895,1.2499999999999827,False,TREND_SUPPORT_NOT_CONFIRMED|PLANNED_REWARD_TOO_LOW|RSI_NOT_BELOW_32|CLOSE_NOT_NEAR_OR_BELOW_LOWER_BB|CLOSE_NOT_ABOVE_MA200
2026-09-17T21:17:35.519180+00:00,SIE_OLD_MR_REGIME_EXHAUSTION_CONFIRM_V1,BTC,BTCUSDT,strategy-lab-v1.0.0:SIE_OLD_MR_REGIME_EXHAUSTION_CONFIRM_V1,1789675200000,2026-09-17T20:00:00+00:00,76524.55,76676.28,76424.55,76498.54,53.4765346635445,76465.9405,76203.32098530444,77142.79925000001,413.67857142856934,0.005407666230343342,59.1590532528631,1.2500000000000089,False,TREND_SUPPORT_NOT_CONFIRMED|RSI_NOT_BELOW_32|CLOSE_NOT_NEAR_OR_BELOW_LOWER_BB|CLOSE_NOT_ABOVE_MA200|RSI_RECOVERY_NOT_CONFIRMED
2026-09-17T21:17:35.519180+00:00,SIE_OLD_MR_REGIME_EXHAUSTION_CONFIRM_V1,BTC,BTCUSDT,strategy-lab-v1.0.0:SIE_OLD_MR_REGIME_EXHAUSTION_CONFIRM_V1,1789678800000,2026-09-17T21:00:00+00:00,76498.54,76562.35,76427.27,76450.18,52.20261502860619,76473.5475,76222.25263973633,77129.4519,404.7007142857131,0.005293652863678191,53.4765346635445,1.25,False,TREND_SUPPORT_NOT_CONFIRMED|RSI_NOT_BELOW_32|CLOSE_NOT_NEAR_OR_BELOW_LOWER_BB|CLOSE_NOT_ABOVE_MA200|RSI_RECOVERY_NOT_CONFIRMED
2026-09-17T21:17:35.519180+00:00,SIE_OLD_MR_REGIME_EXHAUSTION_CONFIRM_V1,SOL,SOLUSDT,strategy-lab-v1.0.0:SIE_OLD_MR_REGIME_EXHAUSTION_CONFIRM_V1,1789664400000,2026-09-17T17:00:00+00:00,101.32,101.98,101.11,101.44,73.07692307692314,99.911,97.94698472511045,100.5943,0.884285714285714,0.008717327625056328,76.30208333333336,1.250000000000008,False,TREND_SUPPORT_NOT_CONFIRMED|RSI_NOT_BELOW_32|CLOSE_NOT_NEAR_OR_BELOW_LOWER_BB|RSI_RECOVERY_NOT_CONFIRMED
2026-09-17T21:17:35.519180+00:00,SIE_OLD_MR_REGIME_EXHAUSTION_CONFIRM_V1,SOL,SOLUSDT,strategy-lab-v1.0.0:SIE_OLD_MR_REGIME_EXHAUSTION_CONFIRM_V1,1789668000000,2026-09-17T18:00:00+00:00,101.43,101.55,100.74,100.75,61.44278606965177,100.078,98.45455181788901,100.5791,0.8799999999999996,0.008734491315136471,73.07692307692314,1.25,False,TREND_SUPPORT_NOT_CONFIRMED|RSI_NOT_BELOW_32|CLOSE_NOT_NEAR_OR_BELOW_LOWER_BB|RSI_RECOVERY_NOT_CONFIRMED
2026-09-17T21:17:35.519180+00:00,SIE_OLD_MR_REGIME_EXHAUSTION_CONFIRM_V1,SOL,SOLUSDT,strategy-lab-v1.0.0:SIE_OLD_MR_REGIME_EXHAUSTION_CONFIRM_V1,1789671600000,2026-09-17T19:00:00+00:00,100.74,101.04,100.64,100.9,68.9473684210528,100.19449999999999,98.69063198717457,100.5625,0.8664285714285721,0.008587002690075046,61.44278606965177,1.25,False,TREND_SUPPORT_NOT_CONFIRMED|RSI_NOT_BELOW_32|CLOSE_NOT_NEAR_OR_BELOW_LOWER_BB
2026-09-17T21:17:35.519180+00:00,SIE_OLD_MR_REGIME_EXHAUSTION_CONFIRM_V1,SOL,SOLUSDT,strategy-lab-v1.0.0:SIE_OLD_MR_REGIME_EXHAUSTION_CONFIRM_V1,1789675200000,2026-09-17T20:00:00+00:00,100.87,101.31,100.82,101.22,70.05076142131986,100.3245,98.94300117625839,100.54539999999999,0.865000000000001,0.008545741948231584,68.9473684210528,1.250000000000004,False,TREND_SUPPORT_NOT_CONFIRMED|RSI_NOT_BELOW_32|CLOSE_NOT_NEAR_OR_BELOW_LOWER_BB
2026-09-17T21:17:35.519180+00:00,SIE_OLD_MR_REGIME_EXHAUSTION_CONFIRM_V1,SOL,SOLUSDT,strategy-lab-v1.0.0:SIE_OLD_MR_REGIME_EXHAUSTION_CONFIRM_V1,1789678800000,2026-09-17T21:00:00+00:00,101.22,101.36,101.01,101.03,64.22976501305493,100.41749999999999,99.11101042866792,100.5317,0.8435714285714297,0.008349712249543994,70.05076142131986,1.2499999999999916,False,TREND_SUPPORT_NOT_CONFIRMED|PLANNED_REWARD_TOO_LOW|RSI_NOT_BELOW_32|CLOSE_NOT_NEAR_OR_BELOW_LOWER_BB|RSI_RECOVERY_NOT_CONFIRMED
2026-09-17T21:17:35.519180+00:00,SIE_OLD_MR_REGIME_EXHAUSTION_CONFIRM_V1,XRP,XRPUSDT,strategy-lab-v1.0.0:SIE_OLD_MR_REGIME_EXHAUSTION_CONFIRM_V1,1789664400000,2026-09-17T17:00:00+00:00,1.3039,1.3082,1.299,1.2997,48.20717131474101,1.2992000000000001,1.2904439735038682,1.3573535,0.011628571428571433,0.008947119664977635,54.8453608247424,1.2499999999999953,False,TREND_SUPPORT_NOT_CONFIRMED|PLANNED_REWARD_TOO_LOW|RSI_NOT_BELOW_32|CLOSE_NOT_NEAR_OR_BELOW_LOWER_BB|CLOSE_NOT_ABOVE_MA200|RSI_RECOVERY_NOT_CONFIRMED
2026-09-17T21:17:35.519180+00:00,SIE_OLD_MR_REGIME_EXHAUSTION_CONFIRM_V1,XRP,XRPUSDT,strategy-lab-v1.0.0:SIE_OLD_MR_REGIME_EXHAUSTION_CONFIRM_V1,1789668000000,2026-09-17T18:00:00+00:00,1.2996,1.2999,1.2932,1.2942,45.574387947269365,1.299625,1.2929545052656521,1.3567104999999997,0.01140714285714287,0.00881404949555159,48.20717131474101,1.2500000000000049,False,TREND_SUPPORT_NOT_CONFIRMED|RSI_NOT_BELOW_32|CLOSE_NOT_NEAR_OR_BELOW_LOWER_BB|CLOSE_NOT_ABOVE_MA200|RSI_RECOVERY_NOT_CONFIRMED
2026-09-17T21:17:35.519180+00:00,SIE_OLD_MR_REGIME_EXHAUSTION_CONFIRM_V1,XRP,XRPUSDT,strategy-lab-v1.0.0:SIE_OLD_MR_REGIME_EXHAUSTION_CONFIRM_V1,1789671600000,2026-09-17T19:00:00+00:00,1.2943,1.2981,1.2913,1.2945,49.7967479674797,1.29942,1.2923935926675887,1.3560480000000001,0.011285714285714296,0.008718203387960059,45.574387947269365,1.2499999999999951,False,TREND_SUPPORT_NOT_CONFIRMED|PLANNED_REWARD_TOO_LOW|RSI_NOT_BELOW_32|CLOSE_NOT_NEAR_OR_BELOW_LOWER_BB|CLOSE_NOT_ABOVE_MA200
2026-09-17T21:17:35.519180+00:00,SIE_OLD_MR_REGIME_EXHAUSTION_CONFIRM_V1,XRP,XRPUSDT,strategy-lab-v1.0.0:SIE_OLD_MR_REGIME_EXHAUSTION_CONFIRM_V1,1789675200000,2026-09-17T20:00:00+00:00,1.2945,1.2996,1.293,1.2977,47.33475479744142,1.2995999999999999,1.2929537980770245,1.3553529999999998,0.01105000000000002,0.008515065115203837,49.7967479674797,1.25,False,TREND_SUPPORT_NOT_CONFIRMED|RSI_NOT_BELOW_32|CLOSE_NOT_NEAR_OR_BELOW_LOWER_BB|CLOSE_NOT_ABOVE_MA200|RSI_RECOVERY_NOT_CONFIRMED
2026-09-17T21:17:35.519180+00:00,SIE_OLD_MR_REGIME_EXHAUSTION_CONFIRM_V1,XRP,XRPUSDT,strategy-lab-v1.0.0:SIE_OLD_MR_REGIME_EXHAUSTION_CONFIRM_V1,1789678800000,2026-09-17T21:00:00+00:00,1.2977,1.2996,1.2947,1.2947,43.69918699186995,1.2993700000000001,1.2923882810138934,1.354681,0.010928571428571445,0.00844100674177141,47.33475479744142,1.2500000000000102,False,TREND_SUPPORT_NOT_CONFIRMED|RSI_NOT_BELOW_32|CLOSE_NOT_NEAR_OR_BELOW_LOWER_BB|CLOSE_NOT_ABOVE_MA200|RSI_RECOVERY_NOT_CONFIRMED
2026-09-17T21:17:35.519180+00:00,SIE_OLD_MR_REGIME_EXHAUSTION_CONFIRM_V1,DOGE,DOGEUSDT,strategy-lab-v1.0.0:SIE_OLD_MR_REGIME_EXHAUSTION_CONFIRM_V1,1789664400000,2026-09-17T17:00:00+00:00,0.08208,0.08222,0.08161,0.0817,59.42857142857134,0.081101,0.08014383961636658,0.0835567,0.0006478571428571425,0.007929707990907498,67.76119402985074,1.25,False,TREND_SUPPORT_NOT_CONFIRMED|RSI_NOT_BELOW_32|CLOSE_NOT_NEAR_OR_BELOW_LOWER_BB|CLOSE_NOT_ABOVE_MA200|RSI_RECOVERY_NOT_CONFIRMED
2026-09-17T21:17:35.519180+00:00,SIE_OLD_MR_REGIME_EXHAUSTION_CONFIRM_V1,DOGE,DOGEUSDT,strategy-lab-v1.0.0:SIE_OLD_MR_REGIME_EXHAUSTION_CONFIRM_V1,1789668000000,2026-09-17T18:00:00+00:00,0.08171,0.08174,0.08128,0.08139,54.881266490765306,0.08117450000000001,0.08037932769163073,0.08350995000000001,0.000647142857142856,0.00795113474803853,59.42857142857134,1.2499999999999947,False,TREND_SUPPORT_NOT_CONFIRMED|PLANNED_REWARD_TOO_LOW|RSI_NOT_BELOW_32|CLOSE_NOT_NEAR_OR_BELOW_LOWER_BB|CLOSE_NOT_ABOVE_MA200|RSI_RECOVERY_NOT_CONFIRMED
2026-09-17T21:17:35.519180+00:00,SIE_OLD_MR_REGIME_EXHAUSTION_CONFIRM_V1,DOGE,DOGEUSDT,strategy-lab-v1.0.0:SIE_OLD_MR_REGIME_EXHAUSTION_CONFIRM_V1,1789671600000,2026-09-17T19:00:00+00:00,0.08136,0.08181,0.08135,0.08163,61.86666666666654,0.08121350000000001,0.08040935386900307,0.0834637,0.0006507142857142832,0.007971509074044876,54.881266490765306,1.25,False,TREND_SUPPORT_NOT_CONFIRMED|RSI_NOT_BELOW_32|CLOSE_NOT_NEAR_OR_BELOW_LOWER_BB|CLOSE_NOT_ABOVE_MA200
2026-09-17T21:17:35.519180+00:00,SIE_OLD_MR_REGIME_EXHAUSTION_CONFIRM_V1,DOGE,DOGEUSDT,strategy-lab-v1.0.0:SIE_OLD_MR_REGIME_EXHAUSTION_CONFIRM_V1,1789675200000,2026-09-17T20:00:00+00:00,0.0816,0.08192,0.0816,0.08175,61.24661246612463,0.08127100000000001,0.08048632427079885,0.0834158,0.0006499999999999978,0.00795107033639141,61.86666666666654,1.2499999999999947,False,TREND_SUPPORT_NOT_CONFIRMED|PLANNED_REWARD_TOO_LOW|RSI_NOT_BELOW_32|CLOSE_NOT_NEAR_OR_BELOW_LOWER_BB|CLOSE_NOT_ABOVE_MA200|RSI_RECOVERY_NOT_CONFIRMED
2026-09-17T21:17:35.519180+00:00,SIE_OLD_MR_REGIME_EXHAUSTION_CONFIRM_V1,DOGE,DOGEUSDT,strategy-lab-v1.0.0:SIE_OLD_MR_REGIME_EXHAUSTION_CONFIRM_V1,1789678800000,2026-09-17T21:00:00+00:00,0.08178,0.08184,0.0816,0.08162,56.545961002785475,0.081303,0.08051620650740021,0.08337250000000002,0.000637142857142855,0.007806209962544168,61.24661246612463,1.2499999999999944,False,TREND_SUPPORT_NOT_CONFIRMED|PLANNED_REWARD_TOO_LOW|RSI_NOT_BELOW_32|CLOSE_NOT_NEAR_OR_BELOW_LOWER_BB|CLOSE_NOT_ABOVE_MA200|RSI_RECOVERY_NOT_CONFIRMED
2026-09-17T21:17:35.519180+00:00,SIE_OLD_MR_REGIME_EXHAUSTION_CONFIRM_V1,BNB,BNBUSDT,strategy-lab-v1.0.0:SIE_OLD_MR_REGIME_EXHAUSTION_CONFIRM_V1,1789664400000,2026-09-17T17:00:00+00:00,728.16,729.78,727.68,728.57,59.71588026382562,724.965,720.4718296270922,722.1880500000001,3.6021428571428618,0.0049441273414261655,61.69802219006261,1.250000000000008,False,RSI_NOT_BELOW_32|CLOSE_NOT_NEAR_OR_BELOW_LOWER_BB|RSI_RECOVERY_NOT_CONFIRMED
2026-09-17T21:17:35.519180+00:00,SIE_OLD_MR_REGIME_EXHAUSTION_CONFIRM_V1,BNB,BNBUSDT,strategy-lab-v1.0.0:SIE_OLD_MR_REGIME_EXHAUSTION_CONFIRM_V1,1789668000000,2026-09-17T18:00:00+00:00,728.67,728.98,726.84,727.46,57.13592233009725,725.4185,721.9594812084955,722.0748,3.5278571428571417,0.0048495548110647204,59.71588026382562,1.25,False,RSI_NOT_BELOW_32|CLOSE_NOT_NEAR_OR_BELOW_LOWER_BB|RSI_RECOVERY_NOT_CONFIRMED
2026-09-17T21:17:35.519180+00:00,SIE_OLD_MR_REGIME_EXHAUSTION_CONFIRM_V1,BNB,BNBUSDT,strategy-lab-v1.0.0:SIE_OLD_MR_REGIME_EXHAUSTION_CONFIRM_V1,1789671600000,2026-09-17T19:00:00+00:00,727.48,733.38,727.21,731.94,65.65656565656566,725.7305,721.2510380903523,721.9841,3.835000000000004,0.005239500505505921,57.13592233009725,1.25,False,RSI_NOT_BELOW_32|CLOSE_NOT_NEAR_OR_BELOW_LOWER_BB
2026-09-17T21:17:35.519180+00:00,SIE_OLD_MR_REGIME_EXHAUSTION_CONFIRM_V1,BNB,BNBUSDT,strategy-lab-v1.0.0:SIE_OLD_MR_REGIME_EXHAUSTION_CONFIRM_V1,1789675200000,2026-09-17T20:00:00+00:00,732.11,736.31,731.02,734.25,67.60670731707319,726.26,720.5500893176871,721.9050500000001,4.036428571428571,0.00549734909285471,65.65656565656566,1.25,False,RSI_NOT_BELOW_32|CLOSE_NOT_NEAR_OR_BELOW_LOWER_BB
2026-09-17T21:17:35.519180+00:00,SIE_OLD_MR_REGIME_EXHAUSTION_CONFIRM_V1,BNB,BNBUSDT,strategy-lab-v1.0.0:SIE_OLD_MR_REGIME_EXHAUSTION_CONFIRM_V1,1789678800000,2026-09-17T21:00:00+00:00,734.35,735.09,733.07,733.26,68.38858905165756,726.662,720.2168200956069,721.84655,3.9342857142857093,0.005365471612096268,67.60670731707319,1.2499999999999927,False,PLANNED_REWARD_TOO_LOW|RSI_NOT_BELOW_32|CLOSE_NOT_NEAR_OR_BELOW_LOWER_BB|RSI_RECOVERY_NOT_CONFIRMED
2026-09-17T21:17:35.519180+00:00,SIE_OLD_MR_REGIME_EXHAUSTION_CONFIRM_V1,PAXG,PAXGUSDT,strategy-lab-v1.0.0:SIE_OLD_MR_REGIME_EXHAUSTION_CONFIRM_V1,1789664400000,2026-09-17T17:00:00+00:00,4355.73,4360.88,4353.97,4355.4,70.96500530222691,4319.2725,4256.390114588804,4340.0223,18.029999999999877,0.004139688662350158,75.86959312026714,1.2499999999999873,False,TREND_SUPPORT_NOT_CONFIRMED|PLANNED_REWARD_TOO_LOW|RSI_NOT_BELOW_32|CLOSE_NOT_NEAR_OR_BELOW_LOWER_BB|RSI_RECOVERY_NOT_CONFIRMED
2026-09-17T21:17:35.519180+00:00,SIE_OLD_MR_REGIME_EXHAUSTION_CONFIRM_V1,PAXG,PAXGUSDT,strategy-lab-v1.0.0:SIE_OLD_MR_REGIME_EXHAUSTION_CONFIRM_V1,1789668000000,2026-09-17T18:00:00+00:00,4356.14,4360.84,4343.16,4348.25,67.04483324220902,4323.281,4263.83584211475,4339.74165,18.72571428571421,0.004306494402510024,70.96500530222691,1.2500000000000242,False,TREND_SUPPORT_NOT_CONFIRMED|RSI_NOT_BELOW_32|CLOSE_NOT_NEAR_OR_BELOW_LOWER_BB|RSI_RECOVERY_NOT_CONFIRMED
2026-09-17T21:17:35.519180+00:00,SIE_OLD_MR_REGIME_EXHAUSTION_CONFIRM_V1,PAXG,PAXGUSDT,strategy-lab-v1.0.0:SIE_OLD_MR_REGIME_EXHAUSTION_CONFIRM_V1,1789671600000,2026-09-17T19:00:00+00:00,4349.84,4351.1,4339.14,4340.91,62.969874700080084,4326.652,4271.383565754019,4339.39815,18.27928571428564,0.004210934047074378,67.04483324220902,1.2499999999999876,False,TREND_SUPPORT_NOT_CONFIRMED|PLANNED_REWARD_TOO_LOW|RSI_NOT_BELOW_32|CLOSE_NOT_NEAR_OR_BELOW_LOWER_BB|RSI_RECOVERY_NOT_CONFIRMED
2026-09-17T21:17:35.519180+00:00,SIE_OLD_MR_REGIME_EXHAUSTION_CONFIRM_V1,PAXG,PAXGUSDT,strategy-lab-v1.0.0:SIE_OLD_MR_REGIME_EXHAUSTION_CONFIRM_V1,1789675200000,2026-09-17T20:00:00+00:00,4340.42,4340.51,4337.32,4338.34,60.32352740427285,4328.8815,4275.537984077236,4339.08265,17.733571428571395,0.0040876398411769,62.969874700080084,1.2500000000000129,False,TREND_SUPPORT_NOT_CONFIRMED|RSI_NOT_BELOW_32|CLOSE_NOT_NEAR_OR_BELOW_LOWER_BB|CLOSE_NOT_ABOVE_MA200|RSI_RECOVERY_NOT_CONFIRMED
2026-09-17T21:17:35.519180+00:00,SIE_OLD_MR_REGIME_EXHAUSTION_CONFIRM_V1,PAXG,PAXGUSDT,strategy-lab-v1.0.0:SIE_OLD_MR_REGIME_EXHAUSTION_CONFIRM_V1,1789678800000,2026-09-17T21:00:00+00:00,4339.45,4339.45,4338.94,4339.43,55.794676806083956,4330.887000000001,4279.148037080337,4338.70265,16.161428571428523,0.0037243206069526463,60.32352740427285,1.249999999999986,False,TREND_SUPPORT_NOT_CONFIRMED|PLANNED_REWARD_TOO_LOW|RSI_NOT_BELOW_32|CLOSE_NOT_NEAR_OR_BELOW_LOWER_BB|RSI_RECOVERY_NOT_CONFIRMED
2026-09-18T00:08:57.636885+00:00,SIE_OLD_MR_REGIME_EXHAUSTION_CONFIRM_V1,BTC,BTCUSDT,strategy-lab-v1.0.0:SIE_OLD_MR_REGIME_EXHAUSTION_CONFIRM_V1,1789682400000,2026-09-17T22:00:00+00:00,76312.39,76400.35,76182.88,76359.87,45.119099913562316,76471.29199999999,76220.40845557253,77116.0359,412.4442857142848,0.0054013225233919965,48.70266618985204,1.2500000000000089,False,TREND_SUPPORT_NOT_CONFIRMED|RSI_NOT_BELOW_32|CLOSE_NOT_NEAR_OR_BELOW_LOWER_BB|CLOSE_NOT_ABOVE_MA200|RSI_RECOVERY_NOT_CONFIRMED
2026-09-18T00:08:57.636885+00:00,SIE_OLD_MR_REGIME_EXHAUSTION_CONFIRM_V1,BTC,BTCUSDT,strategy-lab-v1.0.0:SIE_OLD_MR_REGIME_EXHAUSTION_CONFIRM_V1,1789686000000,2026-09-17T23:00:00+00:00,76359.87,76445.68,76296.78,76348.74,48.271732209454264,76470.5005,76218.17941792503,77104.86925,401.4585714285703,0.005258221306973373,45.119099913562316,1.249999999999991,False,TREND_SUPPORT_NOT_CONFIRMED|PLANNED_REWARD_TOO_LOW|RSI_NOT_BELOW_32|CLOSE_NOT_NEAR_OR_BELOW_LOWER_BB|CLOSE_NOT_ABOVE_MA200|RSI_RECOVERY_NOT_CONFIRMED
2026-09-18T00:08:57.636885+00:00,SIE_OLD_MR_REGIME_EXHAUSTION_CONFIRM_V1,BTC,BTCUSDT,strategy-lab-v1.0.0:SIE_OLD_MR_REGIME_EXHAUSTION_CONFIRM_V1,1789689600000,2026-09-18T00:00:00+00:00,76348.74,76377.59,76307.49,76327.71,49.878987726457574,76463.845,76203.94534878731,77092.5919,390.91499999999775,0.005121534499069836,48.271732209454264,1.2499999999999907,False,TREND_SUPPORT_NOT_CONFIRMED|PLANNED_REWARD_TOO_LOW|RSI_NOT_BELOW_32|CLOSE_NOT_NEAR_OR_BELOW_LOWER_BB|CLOSE_NOT_ABOVE_MA200|RSI_RECOVERY_NOT_CONFIRMED
2026-09-18T00:08:57.636885+00:00,SIE_OLD_MR_REGIME_EXHAUSTION_CONFIRM_V1,SOL,SOLUSDT,strategy-lab-v1.0.0:SIE_OLD_MR_REGIME_EXHAUSTION_CONFIRM_V1,1789682400000,2026-09-17T22:00:00+00:00,100.93,101.48,100.7,101.37,64.8293963254595,100.523,99.25922628607825,100.52130000000001,0.8692857142857154,0.008575374512042176,64.73684210526328,1.249999999999996,False,PLANNED_REWARD_TOO_LOW|RSI_NOT_BELOW_32|CLOSE_NOT_NEAR_OR_BELOW_LOWER_BB
2026-09-18T00:08:57.636885+00:00,SIE_OLD_MR_REGIME_EXHAUSTION_CONFIRM_V1,SOL,SOLUSDT,strategy-lab-v1.0.0:SIE_OLD_MR_REGIME_EXHAUSTION_CONFIRM_V1,1789686000000,2026-09-17T23:00:00+00:00,101.35,101.67,101.24,101.54,67.69230769230785,100.60600000000001,99.3045638701805,100.51375,0.8507142857142875,0.008378119812037498,64.8293963254595,1.2499999999999958,False,PLANNED_REWARD_TOO_LOW|RSI_NOT_BELOW_32|CLOSE_NOT_NEAR_OR_BELOW_LOWER_BB
2026-09-18T00:08:57.636885+00:00,SIE_OLD_MR_REGIME_EXHAUSTION_CONFIRM_V1,SOL,SOLUSDT,strategy-lab-v1.0.0:SIE_OLD_MR_REGIME_EXHAUSTION_CONFIRM_V1,1789689600000,2026-09-18T00:00:00+00:00,101.52,101.62,101.39,101.4,72.52747252747253,100.68449999999999,99.39038292647086,100.5038,0.8178571428571451,0.008065652296421548,67.69230769230785,1.2499999999999913,False,PLANNED_REWARD_TOO_LOW|RSI_NOT_BELOW_32|CLOSE_NOT_NEAR_OR_BELOW_LOWER_BB|RSI_RECOVERY_NOT_CONFIRMED
2026-09-18T00:08:57.636885+00:00,SIE_OLD_MR_REGIME_EXHAUSTION_CONFIRM_V1,XRP,XRPUSDT,strategy-lab-v1.0.0:SIE_OLD_MR_REGIME_EXHAUSTION_CONFIRM_V1,1789682400000,2026-09-17T22:00:00+00:00,1.2908,1.2957,1.2867,1.2951,43.14079422382669,1.2989799999999998,1.2911216032169368,1.3540099999999997,0.01145000000000004,0.008841016137750013,40.56603773584908,1.25,False,TREND_SUPPORT_NOT_CONFIRMED|RSI_NOT_BELOW_32|CLOSE_NOT_NEAR_OR_BELOW_LOWER_BB|CLOSE_NOT_ABOVE_MA200
2026-09-18T00:08:57.636885+00:00,SIE_OLD_MR_REGIME_EXHAUSTION_CONFIRM_V1,XRP,XRPUSDT,strategy-lab-v1.0.0:SIE_OLD_MR_REGIME_EXHAUSTION_CONFIRM_V1,1789686000000,2026-09-17T23:00:00+00:00,1.2947,1.2977,1.2929,1.295,46.407766990291236,1.2986550000000001,1.290703276916287,1.3533994999999999,0.011057142857142908,0.008538334252620006,43.14079422382669,1.250000000000005,False,TREND_SUPPORT_NOT_CONFIRMED|RSI_NOT_BELOW_32|CLOSE_NOT_NEAR_OR_BELOW_LOWER_BB|CLOSE_NOT_ABOVE_MA200|RSI_RECOVERY_NOT_CONFIRMED
2026-09-18T00:08:57.636885+00:00,SIE_OLD_MR_REGIME_EXHAUSTION_CONFIRM_V1,XRP,XRPUSDT,strategy-lab-v1.0.0:SIE_OLD_MR_REGIME_EXHAUSTION_CONFIRM_V1,1789689600000,2026-09-18T00:00:00+00:00,1.2952,1.296,1.2939,1.2949,50.104821802935,1.298455,1.2903384798096686,1.3527605,0.010600000000000054,0.008185960305815162,46.407766990291236,1.2500000000000053,False,TREND_SUPPORT_NOT_CONFIRMED|RSI_NOT_BELOW_32|CLOSE_NOT_NEAR_OR_BELOW_LOWER_BB|CLOSE_NOT_ABOVE_MA200|RSI_RECOVERY_NOT_CONFIRMED
2026-09-18T00:08:57.636885+00:00,SIE_OLD_MR_REGIME_EXHAUSTION_CONFIRM_V1,DOGE,DOGEUSDT,strategy-lab-v1.0.0:SIE_OLD_MR_REGIME_EXHAUSTION_CONFIRM_V1,1789682400000,2026-09-17T22:00:00+00:00,0.08128,0.0815,0.08111,0.08142,49.05149051490515,0.08131550000000001,0.08056715582784563,0.08332890000000001,0.0006457142857142842,0.007930659367652715,51.9181585677749,1.2499999999999893,False,TREND_SUPPORT_NOT_CONFIRMED|PLANNED_REWARD_TOO_LOW|RSI_NOT_BELOW_32|CLOSE_NOT_NEAR_OR_BELOW_LOWER_BB|CLOSE_NOT_ABOVE_MA200|RSI_RECOVERY_NOT_CONFIRMED
2026-09-18T00:08:57.636885+00:00,SIE_OLD_MR_REGIME_EXHAUSTION_CONFIRM_V1,DOGE,DOGEUSDT,strategy-lab-v1.0.0:SIE_OLD_MR_REGIME_EXHAUSTION_CONFIRM_V1,1789686000000,2026-09-17T23:00:00+00:00,0.08142,0.08179,0.0814,0.08166,60.11730205278588,0.0813465,0.0805950141385246,0.08329265,0.0006221428571428558,0.007618697736258338,49.05149051490515,1.25,False,TREND_SUPPORT_NOT_CONFIRMED|RSI_NOT_BELOW_32|CLOSE_NOT_NEAR_OR_BELOW_LOWER_BB|CLOSE_NOT_ABOVE_MA200
2026-09-18T00:08:57.636885+00:00,SIE_OLD_MR_REGIME_EXHAUSTION_CONFIRM_V1,DOGE,DOGEUSDT,strategy-lab-v1.0.0:SIE_OLD_MR_REGIME_EXHAUSTION_CONFIRM_V1,1789689600000,2026-09-18T00:00:00+00:00,0.08165,0.08166,0.08159,0.08159,63.6645962732918,0.081375,0.08063201951573583,0.08325484999999999,0.0005971428571428557,0.007318824085584701,60.11730205278588,1.25,False,TREND_SUPPORT_NOT_CONFIRMED|RSI_NOT_BELOW_32|CLOSE_NOT_NEAR_OR_BELOW_LOWER_BB|CLOSE_NOT_ABOVE_MA200|RSI_RECOVERY_NOT_CONFIRMED
2026-09-18T00:08:57.636885+00:00,SIE_OLD_MR_REGIME_EXHAUSTION_CONFIRM_V1,BNB,BNBUSDT,strategy-lab-v1.0.0:SIE_OLD_MR_REGIME_EXHAUSTION_CONFIRM_V1,1789682400000,2026-09-17T22:00:00+00:00,733.27,735.26,732.92,734.88,68.63439590712318,727.264,720.0782546663543,721.8049500000001,3.912142857142856,0.0053235124879474965,69.00038895371443,1.2500000000000073,False,RSI_NOT_BELOW_32|CLOSE_NOT_NEAR_OR_BELOW_LOWER_BB|RSI_RECOVERY_NOT_CONFIRMED
2026-09-18T00:08:57.636885+00:00,SIE_OLD_MR_REGIME_EXHAUSTION_CONFIRM_V1,BNB,BNBUSDT,strategy-lab-v1.0.0:SIE_OLD_MR_REGIME_EXHAUSTION_CONFIRM_V1,1789686000000,2026-09-17T23:00:00+00:00,734.9,738.72,734.76,737.54,73.86990077177506,727.9040000000001,719.54686795605,721.7976999999998,4.034285714285716,0.005469921243980958,68.63439590712318,1.250000000000014,False,RSI_NOT_BELOW_32|CLOSE_NOT_NEAR_OR_BELOW_LOWER_BB
2026-09-18T00:08:57.636885+00:00,SIE_OLD_MR_REGIME_EXHAUSTION_CONFIRM_V1,BNB,BNBUSDT,strategy-lab-v1.0.0:SIE_OLD_MR_REGIME_EXHAUSTION_CONFIRM_V1,1789689600000,2026-09-18T00:00:00+00:00,737.55,738.43,736.8,738.43,79.17766880422454,728.5995,719.2306249874906,721.78675,3.9242857142857184,0.005314363872385627,73.86990077177506,1.2500000000000073,False,RSI_NOT_BELOW_32|CLOSE_NOT_NEAR_OR_BELOW_LOWER_BB
2026-09-18T00:08:57.636885+00:00,SIE_OLD_MR_REGIME_EXHAUSTION_CONFIRM_V1,PAXG,PAXGUSDT,strategy-lab-v1.0.0:SIE_OLD_MR_REGIME_EXHAUSTION_CONFIRM_V1,1789682400000,2026-09-17T22:00:00+00:00,4339.0,4345.41,4337.13,4340.35,62.38139222436849,4333.9655,4288.128444913503,4338.30385,15.827857142857088,0.0036466776049989256,55.615789875544095,1.2499999999999856,False,TREND_SUPPORT_NOT_CONFIRMED|PLANNED_REWARD_TOO_LOW|RSI_NOT_BELOW_32|CLOSE_NOT_NEAR_OR_BELOW_LOWER_BB
2026-09-18T00:08:57.636885+00:00,SIE_OLD_MR_REGIME_EXHAUSTION_CONFIRM_V1,PAXG,PAXGUSDT,strategy-lab-v1.0.0:SIE_OLD_MR_REGIME_EXHAUSTION_CONFIRM_V1,1789686000000,2026-09-17T23:00:00+00:00,4341.0,4344.64,4337.57,4342.07,66.08990522563235,4336.2645,4293.766030627532,4338.0269,15.463571428571413,0.0035613362816747343,62.38139222436849,1.2500000000000147,False,TREND_SUPPORT_NOT_CONFIRMED|RSI_NOT_BELOW_32|CLOSE_NOT_NEAR_OR_BELOW_LOWER_BB
2026-09-18T00:08:57.636885+00:00,SIE_OLD_MR_REGIME_EXHAUSTION_CONFIRM_V1,PAXG,PAXGUSDT,strategy-lab-v1.0.0:SIE_OLD_MR_REGIME_EXHAUSTION_CONFIRM_V1,1789689600000,2026-09-18T00:00:00+00:00,4340.28,4341.78,4338.86,4341.78,58.97891000208804,4338.4349999999995,4299.625708071357,4337.6768999999995,14.29857142857145,0.0032932510234446356,66.08990522563235,1.25,False,RSI_NOT_BELOW_32|CLOSE_NOT_NEAR_OR_BELOW_LOWER_BB|RSI_RECOVERY_NOT_CONFIRMED
2026-09-18T07:21:54.848081+00:00,SIE_OLD_MR_REGIME_EXHAUSTION_CONFIRM_V1,BTC,BTCUSDT,strategy-lab-v1.0.0:SIE_OLD_MR_REGIME_EXHAUSTION_CONFIRM_V1,1789693200000,2026-09-18T01:00:00+00:00,76526.11,76700.0,76444.32,76662.85,58.792705094315714,76494.4435,76250.34400296853,77083.1237,403.8221428571404,0.005267507571883127,56.814391481225506,1.249999999999991,False,TREND_SUPPORT_NOT_CONFIRMED|PLANNED_REWARD_TOO_LOW|RSI_NOT_BELOW_32|CLOSE_NOT_NEAR_OR_BELOW_LOWER_BB|CLOSE_NOT_ABOVE_MA200
2026-09-18T07:21:54.848081+00:00,SIE_OLD_MR_REGIME_EXHAUSTION_CONFIRM_V1,BTC,BTCUSDT,strategy-lab-v1.0.0:SIE_OLD_MR_REGIME_EXHAUSTION_CONFIRM_V1,1789696800000,2026-09-18T02:00:00+00:00,76663.57,76969.37,76568.46,76909.34,58.388187753400324,76519.7645,76220.14396796149,77075.67365,376.87857142856853,0.004900296523524562,58.792705094315714,1.2500000000000193,False,TREND_SUPPORT_NOT_CONFIRMED|RSI_NOT_BELOW_32|CLOSE_NOT_NEAR_OR_BELOW_LOWER_BB|CLOSE_NOT_ABOVE_MA200|RSI_RECOVERY_NOT_CONFIRMED
2026-09-18T07:21:54.848081+00:00,SIE_OLD_MR_REGIME_EXHAUSTION_CONFIRM_V1,BTC,BTCUSDT,strategy-lab-v1.0.0:SIE_OLD_MR_REGIME_EXHAUSTION_CONFIRM_V1,1789700400000,2026-09-18T03:00:00+00:00,76909.34,77528.05,76900.0,77312.13,68.76893447589373,76565.965,76115.03586958136,77071.16955,357.86857142856854,0.004628879988542141,58.388187753400324,1.2500000000000102,False,TREND_SUPPORT_NOT_CONFIRMED|RSI_NOT_BELOW_32|CLOSE_NOT_NEAR_OR_BELOW_LOWER_BB
2026-09-18T07:21:54.848081+00:00,SIE_OLD_MR_REGIME_EXHAUSTION_CONFIRM_V1,BTC,BTCUSDT,strategy-lab-v1.0.0:SIE_OLD_MR_REGIME_EXHAUSTION_CONFIRM_V1,1789704000000,2026-09-18T04:00:00+00:00,77312.13,77505.0,77143.09,77505.0,79.27839629180396,76616.33249999999,76009.19701360905,77067.17510000001,333.26357142856847,0.004299897702452338,68.76893447589373,1.2499999999999782,False,TREND_SUPPORT_NOT_CONFIRMED|PLANNED_REWARD_TOO_LOW|RSI_NOT_BELOW_32|CLOSE_NOT_NEAR_OR_BELOW_LOWER_BB
2026-09-18T07:21:54.848081+00:00,SIE_OLD_MR_REGIME_EXHAUSTION_CONFIRM_V1,BTC,BTCUSDT,strategy-lab-v1.0.0:SIE_OLD_MR_REGIME_EXHAUSTION_CONFIRM_V1,1789707600000,2026-09-18T05:00:00+00:00,77508.49,77646.65,77370.95,77426.77,72.00320726981184,76667.954,75975.52347203619,77063.66755,309.38785714285456,0.003995877099649831,79.27839629180396,1.2499999999999882,False,TREND_SUPPORT_NOT_CONFIRMED|PLANNED_REWARD_TOO_LOW|RSI_NOT_BELOW_32|CLOSE_NOT_NEAR_OR_BELOW_LOWER_BB|RSI_RECOVERY_NOT_CONFIRMED
2026-09-18T07:21:54.848081+00:00,SIE_OLD_MR_REGIME_EXHAUSTION_CONFIRM_V1,BTC,BTCUSDT,strategy-lab-v1.0.0:SIE_OLD_MR_REGIME_EXHAUSTION_CONFIRM_V1,1789711200000,2026-09-18T06:00:00+00:00,77426.78,77606.38,77332.07,77527.38,74.22240691681262,76727.78300000001,75959.58377776381,77061.843,308.0835714285682,0.003973867960307289,72.00320726981184,1.2499999999999882,False,TREND_SUPPORT_NOT_CONFIRMED|PLANNED_REWARD_TOO_LOW|RSI_NOT_BELOW_32|CLOSE_NOT_NEAR_OR_BELOW_LOWER_BB
2026-09-18T07:21:54.848081+00:00,SIE_OLD_MR_REGIME_EXHAUSTION_CONFIRM_V1,BTC,BTCUSDT,strategy-lab-v1.0.0:SIE_OLD_MR_REGIME_EXHAUSTION_CONFIRM_V1,1789714800000,2026-09-18T07:00:00+00:00,77527.38,77736.74,77494.83,77598.13,78.71660236140517,76787.7525,75947.7574986843,77058.41375,296.4471428571404,0.0038202872009562654,74.22240691681262,1.2499999999999878,False,TREND_SUPPORT_NOT_CONFIRMED|PLANNED_REWARD_TOO_LOW|RSI_NOT_BELOW_32|CLOSE_NOT_NEAR_OR_BELOW_LOWER_BB
2026-09-18T07:21:54.848081+00:00,SIE_OLD_MR_REGIME_EXHAUSTION_CONFIRM_V1,SOL,SOLUSDT,strategy-lab-v1.0.0:SIE_OLD_MR_REGIME_EXHAUSTION_CONFIRM_V1,1789693200000,2026-09-18T01:00:00+00:00,101.34,102.8,101.31,102.4,76.16926503340753,100.828,99.46343999765514,100.49785000000001,0.9171428571428594,0.008956473214285736,71.15902964959555,1.2499999999999922,False,PLANNED_REWARD_TOO_LOW|RSI_NOT_BELOW_32|CLOSE_NOT_NEAR_OR_BELOW_LOWER_BB
2026-09-18T07:21:54.848081+00:00,SIE_OLD_MR_REGIME_EXHAUSTION_CONFIRM_V1,SOL,SOLUSDT,strategy-lab-v1.0.0:SIE_OLD_MR_REGIME_EXHAUSTION_CONFIRM_V1,1789696800000,2026-09-18T02:00:00+00:00,102.4,102.83,102.07,102.67,74.27884615384605,100.9795,99.50758322246148,100.4949,0.874285714285717,0.008515493467280774,76.16926503340753,1.2499999999999918,False,PLANNED_REWARD_TOO_LOW|RSI_NOT_BELOW_32|CLOSE_NOT_NEAR_OR_BELOW_LOWER_BB|RSI_RECOVERY_NOT_CONFIRMED
2026-09-18T07:21:54.848081+00:00,SIE_OLD_MR_REGIME_EXHAUSTION_CONFIRM_V1,SOL,SOLUSDT,strategy-lab-v1.0.0:SIE_OLD_MR_REGIME_EXHAUSTION_CONFIRM_V1,1789700400000,2026-09-18T03:00:00+00:00,102.68,105.0,102.57,104.53,82.36272878535772,101.209,99.14479167718,100.5059,0.9521428571428601,0.009108799934400268,74.27884615384605,1.25,False,RSI_NOT_BELOW_32|CLOSE_NOT_NEAR_OR_BELOW_LOWER_BB
2026-09-18T07:21:54.848081+00:00,SIE_OLD_MR_REGIME_EXHAUSTION_CONFIRM_V1,SOL,SOLUSDT,strategy-lab-v1.0.0:SIE_OLD_MR_REGIME_EXHAUSTION_CONFIRM_V1,1789704000000,2026-09-18T04:00:00+00:00,104.52,105.84,104.33,105.72,84.59302325581395,101.483,98.68252075529931,100.52175,0.9350000000000033,0.008844116534241423,82.36272878535772,1.25,False,RSI_NOT_BELOW_32|CLOSE_NOT_NEAR_OR_BELOW_LOWER_BB
2026-09-18T07:21:54.848081+00:00,SIE_OLD_MR_REGIME_EXHAUSTION_CONFIRM_V1,SOL,SOLUSDT,strategy-lab-v1.0.0:SIE_OLD_MR_REGIME_EXHAUSTION_CONFIRM_V1,1789707600000,2026-09-18T05:00:00+00:00,105.73,106.02,105.23,105.27,78.70239774330037,101.73850000000002,98.5604863121756,100.53775,0.9114285714285738,0.00865800865800868,84.59302325581395,1.250000000000004,False,RSI_NOT_BELOW_32|CLOSE_NOT_NEAR_OR_BELOW_LOWER_BB|RSI_RECOVERY_NOT_CONFIRMED
2026-09-18T07:21:54.848081+00:00,SIE_OLD_MR_REGIME_EXHAUSTION_CONFIRM_V1,SOL,SOLUSDT,strategy-lab-v1.0.0:SIE_OLD_MR_REGIME_EXHAUSTION_CONFIRM_V1,1789711200000,2026-09-18T06:00:00+00:00,105.28,105.74,105.22,105.48,78.99860917941582,102.02450000000002,98.59092183720841,100.56120000000001,0.8914285714285738,0.008451162034779804,78.70239774330037,1.249999999999992,False,PLANNED_REWARD_TOO_LOW|RSI_NOT_BELOW_32|CLOSE_NOT_NEAR_OR_BELOW_LOWER_BB
2026-09-18T07:21:54.848081+00:00,SIE_OLD_MR_REGIME_EXHAUSTION_CONFIRM_V1,SOL,SOLUSDT,strategy-lab-v1.0.0:SIE_OLD_MR_REGIME_EXHAUSTION_CONFIRM_V1,1789714800000,2026-09-18T07:00:00+00:00,105.46,105.92,105.36,105.74,79.3715846994535,102.309,98.64199086447833,100.58220000000001,0.8692857142857164,0.008220973276770537,78.99860917941582,1.2500000000000082,False,RSI_NOT_BELOW_32|CLOSE_NOT_NEAR_OR_BELOW_LOWER_BB
2026-09-18T07:21:54.848081+00:00,SIE_OLD_MR_REGIME_EXHAUSTION_CONFIRM_V1,XRP,XRPUSDT,strategy-lab-v1.0.0:SIE_OLD_MR_REGIME_EXHAUSTION_CONFIRM_V1,1789693200000,2026-09-18T01:00:00+00:00,1.2997,1.306,1.2982,1.3041,55.45112781954888,1.299155,1.2910827078843616,1.352193,0.011107142857142918,0.008517094438419536,54.510556621881115,1.25,False,TREND_SUPPORT_NOT_CONFIRMED|RSI_NOT_BELOW_32|CLOSE_NOT_NEAR_OR_BELOW_LOWER_BB|CLOSE_NOT_ABOVE_MA200
2026-09-18T07:21:54.848081+00:00,SIE_OLD_MR_REGIME_EXHAUSTION_CONFIRM_V1,XRP,XRPUSDT,strategy-lab-v1.0.0:SIE_OLD_MR_REGIME_EXHAUSTION_CONFIRM_V1,1789696800000,2026-09-18T02:00:00+00:00,1.3041,1.31,1.2996,1.3052,51.23456790123443,1.299405,1.2909196066679147,1.3516329999999999,0.010664285714285777,0.008170614246311506,55.45112781954888,1.2500000000000104,False,TREND_SUPPORT_NOT_CONFIRMED|RSI_NOT_BELOW_32|CLOSE_NOT_NEAR_OR_BELOW_LOWER_BB|CLOSE_NOT_ABOVE_MA200|RSI_RECOVERY_NOT_CONFIRMED
2026-09-18T07:21:54.848081+00:00,SIE_OLD_MR_REGIME_EXHAUSTION_CONFIRM_V1,XRP,XRPUSDT,strategy-lab-v1.0.0:SIE_OLD_MR_REGIME_EXHAUSTION_CONFIRM_V1,1789700400000,2026-09-18T03:00:00+00:00,1.305,1.3282,1.304,1.3256,67.0118343195266,1.30064,1.2864030902229384,1.3512525,0.011000000000000057,0.008298129149064618,51.23456790123443,1.25,False,TREND_SUPPORT_NOT_CONFIRMED|RSI_NOT_BELOW_32|CLOSE_NOT_NEAR_OR_BELOW_LOWER_BB|CLOSE_NOT_ABOVE_MA200
2026-09-18T07:21:54.848081+00:00,SIE_OLD_MR_REGIME_EXHAUSTION_CONFIRM_V1,XRP,XRPUSDT,strategy-lab-v1.0.0:SIE_OLD_MR_REGIME_EXHAUSTION_CONFIRM_V1,1789704000000,2026-09-18T04:00:00+00:00,1.326,1.3269,1.3131,1.3248,69.16030534351141,1.301745,1.2840334811492577,1.3508600000000002,0.010314285714285784,0.007785541752933111,67.0118343195266,1.2500000000000107,False,TREND_SUPPORT_NOT_CONFIRMED|RSI_NOT_BELOW_32|CLOSE_NOT_NEAR_OR_BELOW_LOWER_BB|CLOSE_NOT_ABOVE_MA200|RSI_RECOVERY_NOT_CONFIRMED
2026-09-18T07:21:54.848081+00:00,SIE_OLD_MR_REGIME_EXHAUSTION_CONFIRM_V1,XRP,XRPUSDT,strategy-lab-v1.0.0:SIE_OLD_MR_REGIME_EXHAUSTION_CONFIRM_V1,1789707600000,2026-09-18T05:00:00+00:00,1.3246,1.3257,1.3156,1.3173,58.030303030302974,1.302675,1.2837864982065759,1.3504660000000002,0.009892857142857212,0.007509950005964634,69.16030534351141,1.2499999999999944,False,TREND_SUPPORT_NOT_CONFIRMED|PLANNED_REWARD_TOO_LOW|RSI_NOT_BELOW_32|CLOSE_NOT_NEAR_OR_BELOW_LOWER_BB|CLOSE_NOT_ABOVE_MA200|RSI_RECOVERY_NOT_CONFIRMED
2026-09-18T07:21:54.848081+00:00,SIE_OLD_MR_REGIME_EXHAUSTION_CONFIRM_V1,XRP,XRPUSDT,strategy-lab-v1.0.0:SIE_OLD_MR_REGIME_EXHAUSTION_CONFIRM_V1,1789711200000,2026-09-18T06:00:00+00:00,1.3174,1.3238,1.3174,1.321,62.874251497005865,1.3039850000000002,1.283868611159053,1.35015,0.00960714285714294,0.007272628960744089,58.030303030302974,1.25,False,TREND_SUPPORT_NOT_CONFIRMED|RSI_NOT_BELOW_32|CLOSE_NOT_NEAR_OR_BELOW_LOWER_BB|CLOSE_NOT_ABOVE_MA200
2026-09-18T07:21:54.848081+00:00,SIE_OLD_MR_REGIME_EXHAUSTION_CONFIRM_V1,XRP,XRPUSDT,strategy-lab-v1.0.0:SIE_OLD_MR_REGIME_EXHAUSTION_CONFIRM_V1,1789714800000,2026-09-18T07:00:00+00:00,1.321,1.3286,1.3197,1.326,69.42392909896593,1.30537,1.2832914040301429,1.3498044999999999,0.009585714285714355,0.007229045464339634,62.874251497005865,1.2500000000000058,False,TREND_SUPPORT_NOT_CONFIRMED|RSI_NOT_BELOW_32|CLOSE_NOT_NEAR_OR_BELOW_LOWER_BB|CLOSE_NOT_ABOVE_MA200
2026-09-18T07:21:54.848081+00:00,SIE_OLD_MR_REGIME_EXHAUSTION_CONFIRM_V1,DOGE,DOGEUSDT,strategy-lab-v1.0.0:SIE_OLD_MR_REGIME_EXHAUSTION_CONFIRM_V1,1789693200000,2026-09-18T01:00:00+00:00,0.08175,0.08244,0.08173,0.08236,69.86301369863016,0.08146400000000001,0.080656153479925,0.08322205,0.0006428571428571424,0.007805453410115862,66.04938271604934,1.2500000000000109,False,TREND_SUPPORT_NOT_CONFIRMED|RSI_NOT_BELOW_32|CLOSE_NOT_NEAR_OR_BELOW_LOWER_BB|CLOSE_NOT_ABOVE_MA200
2026-09-18T07:21:54.848081+00:00,SIE_OLD_MR_REGIME_EXHAUSTION_CONFIRM_V1,DOGE,DOGEUSDT,strategy-lab-v1.0.0:SIE_OLD_MR_REGIME_EXHAUSTION_CONFIRM_V1,1789696800000,2026-09-18T02:00:00+00:00,0.08239,0.08298,0.0822,0.08279,70.82228116710873,0.0815575,0.08060350052411056,0.08319325,0.0006335714285714278,0.007652753093023648,69.86301369863016,1.2500000000000109,False,TREND_SUPPORT_NOT_CONFIRMED|RSI_NOT_BELOW_32|CLOSE_NOT_NEAR_OR_BELOW_LOWER_BB|CLOSE_NOT_ABOVE_MA200
2026-09-18T07:21:54.848081+00:00,SIE_OLD_MR_REGIME_EXHAUSTION_CONFIRM_V1,DOGE,DOGEUSDT,strategy-lab-v1.0.0:SIE_OLD_MR_REGIME_EXHAUSTION_CONFIRM_V1,1789700400000,2026-09-18T03:00:00+00:00,0.08282,0.08447,0.08276,0.08445,79.047619047619,0.0817225,0.0801600292002737,0.08318049999999999,0.0006950000000000002,0.008229721728833631,70.82228116710873,1.25,False,TREND_SUPPORT_NOT_CONFIRMED|RSI_NOT_BELOW_32|CLOSE_NOT_NEAR_OR_BELOW_LOWER_BB
2026-09-18T07:21:54.848081+00:00,SIE_OLD_MR_REGIME_EXHAUSTION_CONFIRM_V1,DOGE,DOGEUSDT,strategy-lab-v1.0.0:SIE_OLD_MR_REGIME_EXHAUSTION_CONFIRM_V1,1789704000000,2026-09-18T04:00:00+00:00,0.08445,0.08453,0.08365,0.08446,78.3464566929133,0.081871,0.07991113367802867,0.08316765,0.0006549999999999999,0.00775515036703765,79.047619047619,1.2500000000000053,False,TREND_SUPPORT_NOT_CONFIRMED|RSI_NOT_BELOW_32|CLOSE_NOT_NEAR_OR_BELOW_LOWER_BB|RSI_RECOVERY_NOT_CONFIRMED
2026-09-18T07:21:54.848081+00:00,SIE_OLD_MR_REGIME_EXHAUSTION_CONFIRM_V1,DOGE,DOGEUSDT,strategy-lab-v1.0.0:SIE_OLD_MR_REGIME_EXHAUSTION_CONFIRM_V1,1789707600000,2026-09-18T05:00:00+00:00,0.08448,0.08465,0.08401,0.08409,71.17647058823528,0.082027,0.0798901415582689,0.0831557,0.0006378571428571424,0.007585410189762664,78.3464566929133,1.2499999999999947,False,TREND_SUPPORT_NOT_CONFIRMED|PLANNED_REWARD_TOO_LOW|RSI_NOT_BELOW_32|CLOSE_NOT_NEAR_OR_BELOW_LOWER_BB|RSI_RECOVERY_NOT_CONFIRMED
2026-09-18T07:21:54.848081+00:00,SIE_OLD_MR_REGIME_EXHAUSTION_CONFIRM_V1,DOGE,DOGEUSDT,strategy-lab-v1.0.0:SIE_OLD_MR_REGIME_EXHAUSTION_CONFIRM_V1,1789711200000,2026-09-18T06:00:00+00:00,0.08412,0.08442,0.08405,0.0841,70.59999999999997,0.08219649999999999,0.07996853882439627,0.0831484,0.0006242857142857132,0.007423135722778992,71.17647058823528,1.249999999999989,False,TREND_SUPPORT_NOT_CONFIRMED|PLANNED_REWARD_TOO_LOW|RSI_NOT_BELOW_32|CLOSE_NOT_NEAR_OR_BELOW_LOWER_BB|RSI_RECOVERY_NOT_CONFIRMED
2026-09-18T07:21:54.848081+00:00,SIE_OLD_MR_REGIME_EXHAUSTION_CONFIRM_V1,DOGE,DOGEUSDT,strategy-lab-v1.0.0:SIE_OLD_MR_REGIME_EXHAUSTION_CONFIRM_V1,1789714800000,2026-09-18T07:00:00+00:00,0.08413,0.08446,0.08409,0.08435,76.98574338085548,0.0823685,0.08003569675068864,0.08313935,0.0006071428571428557,0.007197899906850691,70.59999999999997,1.25,False,TREND_SUPPORT_NOT_CONFIRMED|RSI_NOT_BELOW_32|CLOSE_NOT_NEAR_OR_BELOW_LOWER_BB
2026-09-18T07:21:54.848081+00:00,SIE_OLD_MR_REGIME_EXHAUSTION_CONFIRM_V1,BNB,BNBUSDT,strategy-lab-v1.0.0:SIE_OLD_MR_REGIME_EXHAUSTION_CONFIRM_V1,1789693200000,2026-09-18T01:00:00+00:00,737.4,743.73,736.99,742.91,81.60613128956989,729.4970000000001,718.6014080472874,721.7910499999999,4.35642857142858,0.0058640058303543905,78.55477855477828,1.2500000000000064,False,RSI_NOT_BELOW_32|CLOSE_NOT_NEAR_OR_BELOW_LOWER_BB
2026-09-18T07:21:54.848081+00:00,SIE_OLD_MR_REGIME_EXHAUSTION_CONFIRM_V1,BNB,BNBUSDT,strategy-lab-v1.0.0:SIE_OLD_MR_REGIME_EXHAUSTION_CONFIRM_V1,1789696800000,2026-09-18T02:00:00+00:00,743.04,751.36,743.04,747.82,81.69154228855702,730.6375,717.3472481212722,721.83175,4.390714285714296,0.005871351776783578,81.60613128956989,1.25,False,RSI_NOT_BELOW_32|CLOSE_NOT_NEAR_OR_BELOW_LOWER_BB
2026-09-18T07:21:54.848081+00:00,SIE_OLD_MR_REGIME_EXHAUSTION_CONFIRM_V1,BNB,BNBUSDT,strategy-lab-v1.0.0:SIE_OLD_MR_REGIME_EXHAUSTION_CONFIRM_V1,1789700400000,2026-09-18T03:00:00+00:00,747.32,753.19,746.78,750.52,88.41798770624384,731.9775,716.5197901114026,721.901,4.3685714285714505,0.005820726201262392,81.69154228855702,1.2500000000000064,False,RSI_NOT_BELOW_32|CLOSE_NOT_NEAR_OR_BELOW_LOWER_BB
2026-09-18T07:21:54.848081+00:00,SIE_OLD_MR_REGIME_EXHAUSTION_CONFIRM_V1,BNB,BNBUSDT,strategy-lab-v1.0.0:SIE_OLD_MR_REGIME_EXHAUSTION_CONFIRM_V1,1789704000000,2026-09-18T04:00:00+00:00,750.8,752.31,748.44,751.04,93.7079407806191,733.259,716.0421130572321,721.9891500000001,4.3264285714285835,0.005760583419562984,88.41798770624384,1.25,False,RSI_NOT_BELOW_32|CLOSE_NOT_NEAR_OR_BELOW_LOWER_BB
2026-09-18T07:21:54.848081+00:00,SIE_OLD_MR_REGIME_EXHAUSTION_CONFIRM_V1,BNB,BNBUSDT,strategy-lab-v1.0.0:SIE_OLD_MR_REGIME_EXHAUSTION_CONFIRM_V1,1789707600000,2026-09-18T05:00:00+00:00,751.17,753.97,750.4,752.09,93.47067039106143,734.6360000000001,716.0729006898077,722.1225999999999,4.2871428571428725,0.005700305624516843,93.7079407806191,1.2500000000000067,False,RSI_NOT_BELOW_32|CLOSE_NOT_NEAR_OR_BELOW_LOWER_BB|RSI_RECOVERY_NOT_CONFIRMED
2026-09-18T07:21:54.848081+00:00,SIE_OLD_MR_REGIME_EXHAUSTION_CONFIRM_V1,BNB,BNBUSDT,strategy-lab-v1.0.0:SIE_OLD_MR_REGIME_EXHAUSTION_CONFIRM_V1,1789711200000,2026-09-18T06:00:00+00:00,752.3,754.88,751.38,754.41,93.81409196162751,736.2085,716.570932660839,722.3002,4.3671428571428725,0.005788818887796918,93.47067039106143,1.25,False,RSI_NOT_BELOW_32|CLOSE_NOT_NEAR_OR_BELOW_LOWER_BB
2026-09-18T07:21:54.848081+00:00,SIE_OLD_MR_REGIME_EXHAUSTION_CONFIRM_V1,BNB,BNBUSDT,strategy-lab-v1.0.0:SIE_OLD_MR_REGIME_EXHAUSTION_CONFIRM_V1,1789714800000,2026-09-18T07:00:00+00:00,754.35,757.96,753.75,757.18,94.21947449768157,737.8705,717.0752452768644,722.4733,4.517857142857159,0.005966688426605509,93.81409196162751,1.2499999999999873,False,PLANNED_REWARD_TOO_LOW|RSI_NOT_BELOW_32|CLOSE_NOT_NEAR_OR_BELOW_LOWER_BB
2026-09-18T07:21:54.848081+00:00,SIE_OLD_MR_REGIME_EXHAUSTION_CONFIRM_V1,PAXG,PAXGUSDT,strategy-lab-v1.0.0:SIE_OLD_MR_REGIME_EXHAUSTION_CONFIRM_V1,1789693200000,2026-09-18T01:00:00+00:00,4355.64,4360.58,4343.32,4343.7,48.97810976242336,4341.1255,4305.5927796003125,4337.3673499999995,14.54357142857147,0.0033481988692984025,63.653308480894744,1.2499999999999845,False,PLANNED_REWARD_TOO_LOW|RSI_NOT_BELOW_32|CLOSE_NOT_NEAR_OR_BELOW_LOWER_BB|RSI_RECOVERY_NOT_CONFIRMED
2026-09-18T07:21:54.848081+00:00,SIE_OLD_MR_REGIME_EXHAUSTION_CONFIRM_V1,PAXG,PAXGUSDT,strategy-lab-v1.0.0:SIE_OLD_MR_REGIME_EXHAUSTION_CONFIRM_V1,1789696800000,2026-09-18T02:00:00+00:00,4343.27,4352.07,4340.17,4342.18,38.02713604693787,4342.83,4310.691137543429,4337.05825,12.850000000000039,0.002959343002823475,48.97810976242336,1.2500000000000353,False,RSI_NOT_BELOW_32|CLOSE_NOT_NEAR_OR_BELOW_LOWER_BB|RSI_RECOVERY_NOT_CONFIRMED
2026-09-18T07:21:54.848081+00:00,SIE_OLD_MR_REGIME_EXHAUSTION_CONFIRM_V1,PAXG,PAXGUSDT,strategy-lab-v1.0.0:SIE_OLD_MR_REGIME_EXHAUSTION_CONFIRM_V1,1789700400000,2026-09-18T03:00:00+00:00,4343.08,4355.2,4330.45,4352.67,44.47486584163826,4344.254,4313.034285459306,4336.832,13.428571428571493,0.0030851342804695723,38.02713604693787,1.2500000000000169,False,RSI_NOT_BELOW_32|CLOSE_NOT_NEAR_OR_BELOW_LOWER_BB
2026-09-18T07:21:54.848081+00:00,SIE_OLD_MR_REGIME_EXHAUSTION_CONFIRM_V1,PAXG,PAXGUSDT,strategy-lab-v1.0.0:SIE_OLD_MR_REGIME_EXHAUSTION_CONFIRM_V1,1789704000000,2026-09-18T04:00:00+00:00,4352.16,4364.09,4348.3,4364.09,56.48680924980994,4346.9155,4318.595934696091,4336.63145,12.787142857142888,0.0029300822982896517,44.47486584163826,1.2499999999999822,False,PLANNED_REWARD_TOO_LOW|RSI_NOT_BELOW_32|CLOSE_NOT_NEAR_OR_BELOW_LOWER_BB
2026-09-18T07:21:54.848081+00:00,SIE_OLD_MR_REGIME_EXHAUSTION_CONFIRM_V1,PAXG,PAXGUSDT,strategy-lab-v1.0.0:SIE_OLD_MR_REGIME_EXHAUSTION_CONFIRM_V1,1789707600000,2026-09-18T05:00:00+00:00,4363.9,4372.78,4357.67,4372.77,53.50887368054761,4350.301,4327.074597006804,4336.48145,12.657142857142844,0.002894536611151019,56.48680924980994,1.249999999999964,False,PLANNED_REWARD_TOO_LOW|RSI_NOT_BELOW_32|CLOSE_NOT_NEAR_OR_BELOW_LOWER_BB|RSI_RECOVERY_NOT_CONFIRMED
2026-09-18T07:21:54.848081+00:00,SIE_OLD_MR_REGIME_EXHAUSTION_CONFIRM_V1,PAXG,PAXGUSDT,strategy-lab-v1.0.0:SIE_OLD_MR_REGIME_EXHAUSTION_CONFIRM_V1,1789711200000,2026-09-18T06:00:00+00:00,4377.0,4391.1,4375.04,4389.21,66.00210970464155,4353.532499999999,4327.683640934223,4336.429099999999,12.86714285714288,0.002931539583921225,53.50887368054761,1.2500000000000178,False,RSI_NOT_BELOW_32|CLOSE_NOT_NEAR_OR_BELOW_LOWER_BB
2026-09-18T07:21:54.848081+00:00,SIE_OLD_MR_REGIME_EXHAUSTION_CONFIRM_V1,PAXG,PAXGUSDT,strategy-lab-v1.0.0:SIE_OLD_MR_REGIME_EXHAUSTION_CONFIRM_V1,1789714800000,2026-09-18T07:00:00+00:00,4387.93,4389.09,4384.0,4385.95,66.14864150544477,4355.5464999999995,4326.3959629380115,4336.390350000001,12.745714285714323,0.0029060327376541737,66.00210970464155,1.2500000000000357,False,RSI_NOT_BELOW_32|CLOSE_NOT_NEAR_OR_BELOW_LOWER_BB|RSI_RECOVERY_NOT_CONFIRMED
2026-09-18T12:56:01.367183+00:00,SIE_OLD_MR_REGIME_EXHAUSTION_CONFIRM_V1,BTC,BTCUSDT,strategy-lab-v1.0.0:SIE_OLD_MR_REGIME_EXHAUSTION_CONFIRM_V1,1789718400000,2026-09-18T08:00:00+00:00,77734.78,78204.0,77581.31,78191.55,88.03727095023805,76871.171,75814.45744027034,77059.29615000001,320.2664285714262,0.00409592121618546,80.28007741103094,1.25,False,TREND_SUPPORT_NOT_CONFIRMED|RSI_NOT_BELOW_32|CLOSE_NOT_NEAR_OR_BELOW_LOWER_BB
2026-09-18T12:56:01.367183+00:00,SIE_OLD_MR_REGIME_EXHAUSTION_CONFIRM_V1,BTC,BTCUSDT,strategy-lab-v1.0.0:SIE_OLD_MR_REGIME_EXHAUSTION_CONFIRM_V1,1789722000000,2026-09-18T09:00:00+00:00,78191.55,78409.69,77922.07,78148.14,86.23441663653786,76947.6655,75761.67474449657,77059.68484999999,341.33142857142644,0.004367748593522846,88.03727095023805,1.25,False,TREND_SUPPORT_NOT_CONFIRMED|RSI_NOT_BELOW_32|CLOSE_NOT_NEAR_OR_BELOW_LOWER_BB|RSI_RECOVERY_NOT_CONFIRMED
2026-09-18T12:56:01.367183+00:00,SIE_OLD_MR_REGIME_EXHAUSTION_CONFIRM_V1,BTC,BTCUSDT,strategy-lab-v1.0.0:SIE_OLD_MR_REGIME_EXHAUSTION_CONFIRM_V1,1789725600000,2026-09-18T10:00:00+00:00,78148.14,78300.0,78036.6,78221.46,87.65681963228872,77037.55750000001,75755.43522271296,77059.16165,342.16499999999775,0.004374311090588155,86.23441663653786,1.2499999999999893,False,TREND_SUPPORT_NOT_CONFIRMED|PLANNED_REWARD_TOO_LOW|RSI_NOT_BELOW_32|CLOSE_NOT_NEAR_OR_BELOW_LOWER_BB
2026-09-18T12:56:01.367183+00:00,SIE_OLD_MR_REGIME_EXHAUSTION_CONFIRM_V1,BTC,BTCUSDT,strategy-lab-v1.0.0:SIE_OLD_MR_REGIME_EXHAUSTION_CONFIRM_V1,1789729200000,2026-09-18T11:00:00+00:00,78221.46,78398.31,77949.01,77995.19,84.81430257197619,77102.2015,75765.01939918807,77057.65179999999,357.5442857142833,0.004584183790234799,87.65681963228872,1.25,False,RSI_NOT_BELOW_32|CLOSE_NOT_NEAR_OR_BELOW_LOWER_BB|RSI_RECOVERY_NOT_CONFIRMED
2026-09-18T12:56:01.367183+00:00,SIE_OLD_MR_REGIME_EXHAUSTION_CONFIRM_V1,BTC,BTCUSDT,strategy-lab-v1.0.0:SIE_OLD_MR_REGIME_EXHAUSTION_CONFIRM_V1,1789732800000,2026-09-18T12:00:00+00:00,77995.71,78124.09,77913.68,78015.6,84.87494786861653,77168.58,75789.09338993055,77055.88620000001,357.03999999999775,0.004576520593317205,84.81430257197619,1.2499999999999898,False,PLANNED_REWARD_TOO_LOW|RSI_NOT_BELOW_32|CLOSE_NOT_NEAR_OR_BELOW_LOWER_BB
2026-09-18T12:56:01.367183+00:00,SIE_OLD_MR_REGIME_EXHAUSTION_CONFIRM_V1,SOL,SOLUSDT,strategy-lab-v1.0.0:SIE_OLD_MR_REGIME_EXHAUSTION_CONFIRM_V1,1789718400000,2026-09-18T08:00:00+00:00,105.72,106.3,105.23,106.23,88.48314606741566,102.58700000000002,98.63290794239698,100.60834999999999,0.8957142857142871,0.008431839270585401,79.31506849315065,1.25,False,RSI_NOT_BELOW_32|CLOSE_NOT_NEAR_OR_BELOW_LOWER_BB
2026-09-18T12:56:01.367183+00:00,SIE_OLD_MR_REGIME_EXHAUSTION_CONFIRM_V1,SOL,SOLUSDT,strategy-lab-v1.0.0:SIE_OLD_MR_REGIME_EXHAUSTION_CONFIRM_V1,1789722000000,2026-09-18T09:00:00+00:00,106.21,107.6,105.83,106.32,88.38526912181293,102.87100000000001,98.70673343792699,100.63485,0.9935714285714293,0.009345103729979584,88.48314606741566,1.2500000000000036,False,RSI_NOT_BELOW_32|CLOSE_NOT_NEAR_OR_BELOW_LOWER_BB|RSI_RECOVERY_NOT_CONFIRMED
2026-09-18T12:56:01.367183+00:00,SIE_OLD_MR_REGIME_EXHAUSTION_CONFIRM_V1,SOL,SOLUSDT,strategy-lab-v1.0.0:SIE_OLD_MR_REGIME_EXHAUSTION_CONFIRM_V1,1789725600000,2026-09-18T10:00:00+00:00,106.33,106.57,106.16,106.19,86.17176128093155,103.13250000000001,98.82664874850519,100.65655000000001,0.9878571428571428,0.009302732299247978,88.38526912181293,1.25,False,RSI_NOT_BELOW_32|CLOSE_NOT_NEAR_OR_BELOW_LOWER_BB|RSI_RECOVERY_NOT_CONFIRMED
2026-09-18T12:56:01.367183+00:00,SIE_OLD_MR_REGIME_EXHAUSTION_CONFIRM_V1,SOL,SOLUSDT,strategy-lab-v1.0.0:SIE_OLD_MR_REGIME_EXHAUSTION_CONFIRM_V1,1789729200000,2026-09-18T11:00:00+00:00,106.17,106.3,105.33,105.64,81.54269972451787,103.3545,99.01240154418403,100.67565,1.03,0.009750094661113215,86.17176128093155,1.2500000000000069,False,RSI_NOT_BELOW_32|CLOSE_NOT_NEAR_OR_BELOW_LOWER_BB|RSI_RECOVERY_NOT_CONFIRMED
2026-09-18T12:56:01.367183+00:00,SIE_OLD_MR_REGIME_EXHAUSTION_CONFIRM_V1,SOL,SOLUSDT,strategy-lab-v1.0.0:SIE_OLD_MR_REGIME_EXHAUSTION_CONFIRM_V1,1789732800000,2026-09-18T12:00:00+00:00,105.65,106.05,105.28,105.76,81.04667609618102,103.577,99.2207304950222,100.6947,1.0292857142857141,0.009732277933866435,81.54269972451787,1.25,False,RSI_NOT_BELOW_32|CLOSE_NOT_NEAR_OR_BELOW_LOWER_BB|RSI_RECOVERY_NOT_CONFIRMED
2026-09-18T12:56:01.367183+00:00,SIE_OLD_MR_REGIME_EXHAUSTION_CONFIRM_V1,XRP,XRPUSDT,strategy-lab-v1.0.0:SIE_OLD_MR_REGIME_EXHAUSTION_CONFIRM_V1,1789718400000,2026-09-18T08:00:00+00:00,1.3279,1.3367,1.322,1.336,78.94736842105257,1.30707,1.2809841340952448,1.3495585000000003,0.010242857142857205,0.007666809238665572,70.3012912482065,1.2499999999999947,False,TREND_SUPPORT_NOT_CONFIRMED|PLANNED_REWARD_TOO_LOW|RSI_NOT_BELOW_32|CLOSE_NOT_NEAR_OR_BELOW_LOWER_BB|CLOSE_NOT_ABOVE_MA200
2026-09-18T12:56:01.367183+00:00,SIE_OLD_MR_REGIME_EXHAUSTION_CONFIRM_V1,XRP,XRPUSDT,strategy-lab-v1.0.0:SIE_OLD_MR_REGIME_EXHAUSTION_CONFIRM_V1,1789722000000,2026-09-18T09:00:00+00:00,1.3356,1.3394,1.3297,1.3343,77.03804347826079,1.308655,1.28011166627738,1.349315,0.010450000000000039,0.00783182192910143,78.94736842105257,1.2499999999999893,False,TREND_SUPPORT_NOT_CONFIRMED|PLANNED_REWARD_TOO_LOW|RSI_NOT_BELOW_32|CLOSE_NOT_NEAR_OR_BELOW_LOWER_BB|CLOSE_NOT_ABOVE_MA200|RSI_RECOVERY_NOT_CONFIRMED
2026-09-18T12:56:01.367183+00:00,SIE_OLD_MR_REGIME_EXHAUSTION_CONFIRM_V1,XRP,XRPUSDT,strategy-lab-v1.0.0:SIE_OLD_MR_REGIME_EXHAUSTION_CONFIRM_V1,1789725600000,2026-09-18T10:00:00+00:00,1.334,1.3378,1.3299,1.3306,72.1997300944668,1.3101999999999998,1.280443454501558,1.3490095,0.010542857142857172,0.007923385798028837,77.03804347826079,1.25,False,TREND_SUPPORT_NOT_CONFIRMED|RSI_NOT_BELOW_32|CLOSE_NOT_NEAR_OR_BELOW_LOWER_BB|CLOSE_NOT_ABOVE_MA200|RSI_RECOVERY_NOT_CONFIRMED
2026-09-18T12:56:01.367183+00:00,SIE_OLD_MR_REGIME_EXHAUSTION_CONFIRM_V1,XRP,XRPUSDT,strategy-lab-v1.0.0:SIE_OLD_MR_REGIME_EXHAUSTION_CONFIRM_V1,1789729200000,2026-09-18T11:00:00+00:00,1.3306,1.3319,1.3149,1.3224,70.8609271523179,1.310985,1.2808137371825303,1.3486699999999998,0.011114285714285743,0.008404632270331022,72.1997300944668,1.2500000000000049,False,TREND_SUPPORT_NOT_CONFIRMED|RSI_NOT_BELOW_32|CLOSE_NOT_NEAR_OR_BELOW_LOWER_BB|CLOSE_NOT_ABOVE_MA200|RSI_RECOVERY_NOT_CONFIRMED
2026-09-18T12:56:01.367183+00:00,SIE_OLD_MR_REGIME_EXHAUSTION_CONFIRM_V1,XRP,XRPUSDT,strategy-lab-v1.0.0:SIE_OLD_MR_REGIME_EXHAUSTION_CONFIRM_V1,1789732800000,2026-09-18T12:00:00+00:00,1.3225,1.3267,1.3184,1.3254,70.39030955585463,1.312065,1.2814566171612936,1.348355,0.011064285714285733,0.008347884196684573,70.8609271523179,1.24999999999999,False,TREND_SUPPORT_NOT_CONFIRMED|PLANNED_REWARD_TOO_LOW|RSI_NOT_BELOW_32|CLOSE_NOT_NEAR_OR_BELOW_LOWER_BB|CLOSE_NOT_ABOVE_MA200|RSI_RECOVERY_NOT_CONFIRMED
2026-09-18T12:56:01.367183+00:00,SIE_OLD_MR_REGIME_EXHAUSTION_CONFIRM_V1,DOGE,DOGEUSDT,strategy-lab-v1.0.0:SIE_OLD_MR_REGIME_EXHAUSTION_CONFIRM_V1,1789718400000,2026-09-18T08:00:00+00:00,0.08439,0.08485,0.08413,0.08481,83.794466403162,0.0825495,0.08004684960491969,0.08313550000000001,0.0006285714285714287,0.00741152492125255,77.12550607287459,1.25,False,TREND_SUPPORT_NOT_CONFIRMED|RSI_NOT_BELOW_32|CLOSE_NOT_NEAR_OR_BELOW_LOWER_BB
2026-09-18T12:56:01.367183+00:00,SIE_OLD_MR_REGIME_EXHAUSTION_CONFIRM_V1,DOGE,DOGEUSDT,strategy-lab-v1.0.0:SIE_OLD_MR_REGIME_EXHAUSTION_CONFIRM_V1,1789722000000,2026-09-18T09:00:00+00:00,0.08481,0.08592,0.08473,0.08568,85.58875219683657,0.0827635,0.0799749858795416,0.08313645000000001,0.0006807142857142864,0.007944844604508478,83.794466403162,1.2499999999999898,False,TREND_SUPPORT_NOT_CONFIRMED|PLANNED_REWARD_TOO_LOW|RSI_NOT_BELOW_32|CLOSE_NOT_NEAR_OR_BELOW_LOWER_BB
2026-09-18T12:56:01.367183+00:00,SIE_OLD_MR_REGIME_EXHAUSTION_CONFIRM_V1,DOGE,DOGEUSDT,strategy-lab-v1.0.0:SIE_OLD_MR_REGIME_EXHAUSTION_CONFIRM_V1,1789725600000,2026-09-18T10:00:00+00:00,0.08567,0.08688,0.08565,0.0857,85.33094812164576,0.0829695,0.07996108862520496,0.083135,0.0007457142857142861,0.008701450241706956,85.58875219683657,1.2500000000000047,False,TREND_SUPPORT_NOT_CONFIRMED|RSI_NOT_BELOW_32|CLOSE_NOT_NEAR_OR_BELOW_LOWER_BB|RSI_RECOVERY_NOT_CONFIRMED
2026-09-18T12:56:01.367183+00:00,SIE_OLD_MR_REGIME_EXHAUSTION_CONFIRM_V1,DOGE,DOGEUSDT,strategy-lab-v1.0.0:SIE_OLD_MR_REGIME_EXHAUSTION_CONFIRM_V1,1789729200000,2026-09-18T11:00:00+00:00,0.08568,0.08576,0.0849,0.08527,85.63734290843813,0.0831365,0.08000898804958376,0.08313170000000002,0.000768571428571429,0.009013386051031183,85.33094812164576,1.250000000000009,False,RSI_NOT_BELOW_32|CLOSE_NOT_NEAR_OR_BELOW_LOWER_BB|RSI_RECOVERY_NOT_CONFIRMED
2026-09-18T12:56:01.367183+00:00,SIE_OLD_MR_REGIME_EXHAUSTION_CONFIRM_V1,DOGE,DOGEUSDT,strategy-lab-v1.0.0:SIE_OLD_MR_REGIME_EXHAUSTION_CONFIRM_V1,1789732800000,2026-09-18T12:00:00+00:00,0.08525,0.08561,0.08499,0.08552,85.9649122807018,0.0833105,0.0800615033856594,0.08313055,0.000785000000000001,0.009179139382600572,85.63734290843813,1.2500000000000089,False,RSI_NOT_BELOW_32|CLOSE_NOT_NEAR_OR_BELOW_LOWER_BB
2026-09-18T12:56:01.367183+00:00,SIE_OLD_MR_REGIME_EXHAUSTION_CONFIRM_V1,BNB,BNBUSDT,strategy-lab-v1.0.0:SIE_OLD_MR_REGIME_EXHAUSTION_CONFIRM_V1,1789718400000,2026-09-18T08:00:00+00:00,753.07,754.21,750.72,754.21,91.94104735026671,738.9165,718.0958532521175,722.6175999999999,4.749285714285723,0.006297033603751904,88.2765211850909,1.249999999999994,False,PLANNED_REWARD_TOO_LOW|RSI_NOT_BELOW_32|CLOSE_NOT_NEAR_OR_BELOW_LOWER_BB
2026-09-18T12:56:01.367183+00:00,SIE_OLD_MR_REGIME_EXHAUSTION_CONFIRM_V1,BNB,BNBUSDT,strategy-lab-v1.0.0:SIE_OLD_MR_REGIME_EXHAUSTION_CONFIRM_V1,1789722000000,2026-09-18T09:00:00+00:00,754.17,755.34,749.6,751.02,81.17647058823528,740.129,719.4550996422997,722.7707,4.718571428571441,0.006282883849393414,91.94104735026671,1.250000000000006,False,RSI_NOT_BELOW_32|CLOSE_NOT_NEAR_OR_BELOW_LOWER_BB|RSI_RECOVERY_NOT_CONFIRMED
2026-09-18T12:56:01.367183+00:00,SIE_OLD_MR_REGIME_EXHAUSTION_CONFIRM_V1,BNB,BNBUSDT,strategy-lab-v1.0.0:SIE_OLD_MR_REGIME_EXHAUSTION_CONFIRM_V1,1789725600000,2026-09-18T10:00:00+00:00,750.93,774.53,748.66,752.05,80.35470668485675,741.4784999999999,721.4003364634577,722.9064,6.188571428571444,0.00822893614596296,81.17647058823528,1.2499999999999953,False,PLANNED_REWARD_TOO_LOW|RSI_NOT_BELOW_32|CLOSE_NOT_NEAR_OR_BELOW_LOWER_BB|RSI_RECOVERY_NOT_CONFIRMED
2026-09-18T12:56:01.367183+00:00,SIE_OLD_MR_REGIME_EXHAUSTION_CONFIRM_V1,BNB,BNBUSDT,strategy-lab-v1.0.0:SIE_OLD_MR_REGIME_EXHAUSTION_CONFIRM_V1,1789729200000,2026-09-18T11:00:00+00:00,752.03,753.21,748.21,748.89,74.27490542244644,742.5635,723.3651258240407,723.0349500000001,6.40000000000001,0.008545981385784308,80.35470668485675,1.2500000000000044,False,RSI_NOT_BELOW_32|CLOSE_NOT_NEAR_OR_BELOW_LOWER_BB|RSI_RECOVERY_NOT_CONFIRMED
2026-09-18T12:56:01.367183+00:00,SIE_OLD_MR_REGIME_EXHAUSTION_CONFIRM_V1,BNB,BNBUSDT,strategy-lab-v1.0.0:SIE_OLD_MR_REGIME_EXHAUSTION_CONFIRM_V1,1789732800000,2026-09-18T12:00:00+00:00,748.39,749.02,744.51,745.58,65.90368608799062,743.4465,725.435607434662,723.1516499999999,6.555000000000007,0.008791813085114952,74.27490542244644,1.2500000000000087,False,RSI_NOT_BELOW_32|CLOSE_NOT_NEAR_OR_BELOW_LOWER_BB|RSI_RECOVERY_NOT_CONFIRMED
2026-09-18T12:56:01.367183+00:00,SIE_OLD_MR_REGIME_EXHAUSTION_CONFIRM_V1,PAXG,PAXGUSDT,strategy-lab-v1.0.0:SIE_OLD_MR_REGIME_EXHAUSTION_CONFIRM_V1,1789718400000,2026-09-18T08:00:00+00:00,4387.27,4390.71,4378.45,4387.41,72.77273784601073,4356.942,4324.2937041179375,4336.30605,12.49142857142858,0.002847107649257439,67.77512998266954,1.2500000000000182,False,RSI_NOT_BELOW_32|CLOSE_NOT_NEAR_OR_BELOW_LOWER_BB|RSI_RECOVERY_NOT_CONFIRMED
2026-09-18T12:56:01.367183+00:00,SIE_OLD_MR_REGIME_EXHAUSTION_CONFIRM_V1,PAXG,PAXGUSDT,strategy-lab-v1.0.0:SIE_OLD_MR_REGIME_EXHAUSTION_CONFIRM_V1,1789722000000,2026-09-18T09:00:00+00:00,4387.33,4389.28,4368.22,4370.13,65.23144286905782,4357.3105,4324.244159122867,4336.0986,13.14142857142854,0.0030071024366388503,72.77273784601073,1.2499999999999827,False,PLANNED_REWARD_TOO_LOW|RSI_NOT_BELOW_32|CLOSE_NOT_NEAR_OR_BELOW_LOWER_BB|RSI_RECOVERY_NOT_CONFIRMED
2026-09-18T12:56:01.367183+00:00,SIE_OLD_MR_REGIME_EXHAUSTION_CONFIRM_V1,PAXG,PAXGUSDT,strategy-lab-v1.0.0:SIE_OLD_MR_REGIME_EXHAUSTION_CONFIRM_V1,1789725600000,2026-09-18T10:00:00+00:00,4370.52,4374.91,4369.75,4374.91,68.63344542953226,4358.449,4324.614109191802,4335.87755,13.253571428571377,0.0030294500752178623,65.23144286905782,1.2500000000000344,False,RSI_NOT_BELOW_32|CLOSE_NOT_NEAR_OR_BELOW_LOWER_BB
2026-09-18T12:56:01.367183+00:00,SIE_OLD_MR_REGIME_EXHAUSTION_CONFIRM_V1,PAXG,PAXGUSDT,strategy-lab-v1.0.0:SIE_OLD_MR_REGIME_EXHAUSTION_CONFIRM_V1,1789729200000,2026-09-18T11:00:00+00:00,4375.54,4379.64,4364.78,4371.64,66.23363744545861,4358.695,4324.552996836701,4335.67735,13.942142857142828,0.0031892248348772607,68.63344542953226,1.2500000000000162,False,RSI_NOT_BELOW_32|CLOSE_NOT_NEAR_OR_BELOW_LOWER_BB|RSI_RECOVERY_NOT_CONFIRMED
2026-09-18T12:56:01.367183+00:00,SIE_OLD_MR_REGIME_EXHAUSTION_CONFIRM_V1,PAXG,PAXGUSDT,strategy-lab-v1.0.0:SIE_OLD_MR_REGIME_EXHAUSTION_CONFIRM_V1,1789732800000,2026-09-18T12:00:00+00:00,4373.46,4373.46,4347.69,4358.91,58.276846236175366,4358.697,4324.554951379528,4335.42575,15.191428571428592,0.003485143894099349,66.23363744545861,1.25000000000003,False,RSI_NOT_BELOW_32|CLOSE_NOT_NEAR_OR_BELOW_LOWER_BB|RSI_RECOVERY_NOT_CONFIRMED
2026-09-18T17:38:59.275811+00:00,SIE_OLD_MR_REGIME_EXHAUSTION_CONFIRM_V1,BTC,BTCUSDT,strategy-lab-v1.0.0:SIE_OLD_MR_REGIME_EXHAUSTION_CONFIRM_V1,1789736400000,2026-09-18T13:00:00+00:00,77977.65,80462.52,77900.0,80022.05,91.70225761260227,77337.37299999999,75509.22877649762,77063.30644999999,529.4414285714271,0.006616194268597556,84.11684816992411,1.2499999999999931,False,PLANNED_REWARD_TOO_LOW|RSI_NOT_BELOW_32|CLOSE_NOT_NEAR_OR_BELOW_LOWER_BB
2026-09-18T17:38:59.275811+00:00,SIE_OLD_MR_REGIME_EXHAUSTION_CONFIRM_V1,BTC,BTCUSDT,strategy-lab-v1.0.0:SIE_OLD_MR_REGIME_EXHAUSTION_CONFIRM_V1,1789740000000,2026-09-18T14:00:00+00:00,80024.05,80950.0,80024.05,80908.96,92.85358103153244,77557.501,75199.23267965192,77075.8791,572.3492857142846,0.007073991381353618,91.70225761260227,1.2499999999999936,False,PLANNED_REWARD_TOO_LOW|RSI_NOT_BELOW_32|CLOSE_NOT_NEAR_OR_BELOW_LOWER_BB
2026-09-18T17:38:59.275811+00:00,SIE_OLD_MR_REGIME_EXHAUSTION_CONFIRM_V1,BTC,BTCUSDT,strategy-lab-v1.0.0:SIE_OLD_MR_REGIME_EXHAUSTION_CONFIRM_V1,1789743600000,2026-09-18T15:00:00+00:00,80913.02,81127.8,80471.0,80700.62,88.93440172794472,77766.30350000001,75092.45128751469,77088.98465,601.0007142857139,0.0074472874469330465,92.85358103153244,1.25,False,RSI_NOT_BELOW_32|CLOSE_NOT_NEAR_OR_BELOW_LOWER_BB|RSI_RECOVERY_NOT_CONFIRMED
2026-09-18T17:38:59.275811+00:00,SIE_OLD_MR_REGIME_EXHAUSTION_CONFIRM_V1,BTC,BTCUSDT,strategy-lab-v1.0.0:SIE_OLD_MR_REGIME_EXHAUSTION_CONFIRM_V1,1789747200000,2026-09-18T16:00:00+00:00,80700.63,81253.15,80631.63,80824.06,88.66542875767897,77982.57949999999,75065.23232734796,77102.6777,616.7585714285711,0.007630878372462001,88.93440172794472,1.2500000000000118,False,RSI_NOT_BELOW_32|CLOSE_NOT_NEAR_OR_BELOW_LOWER_BB|RSI_RECOVERY_NOT_CONFIRMED
2026-09-18T17:38:59.275811+00:00,SIE_OLD_MR_REGIME_EXHAUSTION_CONFIRM_V1,BTC,BTCUSDT,strategy-lab-v1.0.0:SIE_OLD_MR_REGIME_EXHAUSTION_CONFIRM_V1,1789750800000,2026-09-18T17:00:00+00:00,80825.32,80939.98,80552.76,80617.25,83.9591313353825,78195.995,75165.60361459413,77115.96495,599.5564285714281,0.007437073685488256,88.66542875767897,1.249999999999994,False,PLANNED_REWARD_TOO_LOW|RSI_NOT_BELOW_32|CLOSE_NOT_NEAR_OR_BELOW_LOWER_BB|RSI_RECOVERY_NOT_CONFIRMED
2026-09-18T17:38:59.275811+00:00,SIE_OLD_MR_REGIME_EXHAUSTION_CONFIRM_V1,SOL,SOLUSDT,strategy-lab-v1.0.0:SIE_OLD_MR_REGIME_EXHAUSTION_CONFIRM_V1,1789736400000,2026-09-18T13:00:00+00:00,105.68,109.33,105.37,108.47,86.05619146722161,103.92549999999999,99.20167326736049,100.7263,1.2814285714285703,0.011813668031977231,80.88445078459341,1.2500000000000056,False,RSI_NOT_BELOW_32|CLOSE_NOT_NEAR_OR_BELOW_LOWER_BB
2026-09-18T17:38:59.275811+00:00,SIE_OLD_MR_REGIME_EXHAUSTION_CONFIRM_V1,SOL,SOLUSDT,strategy-lab-v1.0.0:SIE_OLD_MR_REGIME_EXHAUSTION_CONFIRM_V1,1789740000000,2026-09-18T14:00:00+00:00,108.45,110.93,108.33,110.72,90.30042918454939,104.424,99.08201385250771,100.7703,1.4085714285714275,0.012721924029727489,86.05619146722161,1.250000000000005,False,RSI_NOT_BELOW_32|CLOSE_NOT_NEAR_OR_BELOW_LOWER_BB
2026-09-18T17:38:59.275811+00:00,SIE_OLD_MR_REGIME_EXHAUSTION_CONFIRM_V1,SOL,SOLUSDT,strategy-lab-v1.0.0:SIE_OLD_MR_REGIME_EXHAUSTION_CONFIRM_V1,1789743600000,2026-09-18T15:00:00+00:00,110.71,111.55,109.32,111.11,89.6991795806746,104.9345,99.1077359752604,100.81935,1.461428571428571,0.013152988672743867,90.30042918454939,1.2500000000000049,False,RSI_NOT_BELOW_32|CLOSE_NOT_NEAR_OR_BELOW_LOWER_BB|RSI_RECOVERY_NOT_CONFIRMED
2026-09-18T17:38:59.275811+00:00,SIE_OLD_MR_REGIME_EXHAUSTION_CONFIRM_V1,SOL,SOLUSDT,strategy-lab-v1.0.0:SIE_OLD_MR_REGIME_EXHAUSTION_CONFIRM_V1,1789747200000,2026-09-18T16:00:00+00:00,111.11,112.28,110.97,111.68,89.9733806566105,105.45750000000001,99.1966761724195,100.87205,1.500714285714285,0.013437627916496104,89.6991795806746,1.2499999999999953,False,PLANNED_REWARD_TOO_LOW|RSI_NOT_BELOW_32|CLOSE_NOT_NEAR_OR_BELOW_LOWER_BB
2026-09-18T17:38:59.275811+00:00,SIE_OLD_MR_REGIME_EXHAUSTION_CONFIRM_V1,SOL,SOLUSDT,strategy-lab-v1.0.0:SIE_OLD_MR_REGIME_EXHAUSTION_CONFIRM_V1,1789750800000,2026-09-18T17:00:00+00:00,111.68,112.54,111.34,112.0,88.38643371017476,106.00450000000001,99.47040947415022,100.92655,1.412857142857142,0.012614795918367339,89.9733806566105,1.25,False,RSI_NOT_BELOW_32|CLOSE_NOT_NEAR_OR_BELOW_LOWER_BB|RSI_RECOVERY_NOT_CONFIRMED
2026-09-18T17:38:59.275811+00:00,SIE_OLD_MR_REGIME_EXHAUSTION_CONFIRM_V1,XRP,XRPUSDT,strategy-lab-v1.0.0:SIE_OLD_MR_REGIME_EXHAUSTION_CONFIRM_V1,1789736400000,2026-09-18T13:00:00+00:00,1.3224,1.3734,1.3183,1.3604,79.94505494505495,1.3149700000000002,1.2785381952135224,1.348187,0.014692857142857143,0.010800394841853236,69.3165969316597,1.2500000000000038,False,TREND_SUPPORT_NOT_CONFIRMED|RSI_NOT_BELOW_32|CLOSE_NOT_NEAR_OR_BELOW_LOWER_BB
2026-09-18T17:38:59.275811+00:00,SIE_OLD_MR_REGIME_EXHAUSTION_CONFIRM_V1,XRP,XRPUSDT,strategy-lab-v1.0.0:SIE_OLD_MR_REGIME_EXHAUSTION_CONFIRM_V1,1789740000000,2026-09-18T14:00:00+00:00,1.3604,1.402,1.3602,1.3997,84.79166666666663,1.3202450000000001,1.2695939397939193,1.3482429999999999,0.016992857142857126,0.012140356607028025,79.94505494505495,1.2500000000000033,False,TREND_SUPPORT_NOT_CONFIRMED|RSI_NOT_BELOW_32|CLOSE_NOT_NEAR_OR_BELOW_LOWER_BB
2026-09-18T17:38:59.275811+00:00,SIE_OLD_MR_REGIME_EXHAUSTION_CONFIRM_V1,XRP,XRPUSDT,strategy-lab-v1.0.0:SIE_OLD_MR_REGIME_EXHAUSTION_CONFIRM_V1,1789743600000,2026-09-18T15:00:00+00:00,1.4,1.4014,1.3706,1.3845,76.00258732212164,1.3247449999999998,1.2683738203068267,1.3482525,0.018635714285714262,0.01346024867151626,84.79166666666663,1.249999999999994,False,TREND_SUPPORT_NOT_CONFIRMED|PLANNED_REWARD_TOO_LOW|RSI_NOT_BELOW_32|CLOSE_NOT_NEAR_OR_BELOW_LOWER_BB|RSI_RECOVERY_NOT_CONFIRMED
2026-09-18T17:38:59.275811+00:00,SIE_OLD_MR_REGIME_EXHAUSTION_CONFIRM_V1,XRP,XRPUSDT,strategy-lab-v1.0.0:SIE_OLD_MR_REGIME_EXHAUSTION_CONFIRM_V1,1789747200000,2026-09-18T16:00:00+00:00,1.3846,1.393,1.3766,1.3801,73.71754274857511,1.328865,1.2690623152776563,1.3482455,0.019064285714285693,0.013813698800293959,76.00258732212164,1.2499999999999942,False,TREND_SUPPORT_NOT_CONFIRMED|PLANNED_REWARD_TOO_LOW|RSI_NOT_BELOW_32|CLOSE_NOT_NEAR_OR_BELOW_LOWER_BB|RSI_RECOVERY_NOT_CONFIRMED
2026-09-18T17:38:59.275811+00:00,SIE_OLD_MR_REGIME_EXHAUSTION_CONFIRM_V1,XRP,XRPUSDT,strategy-lab-v1.0.0:SIE_OLD_MR_REGIME_EXHAUSTION_CONFIRM_V1,1789750800000,2026-09-18T17:00:00+00:00,1.3799,1.3861,1.3739,1.3838,70.60906515580741,1.33351,1.2718224031915653,1.3482759999999998,0.01820714285714285,0.013157351392645506,73.71754274857511,1.249999999999994,False,TREND_SUPPORT_NOT_CONFIRMED|PLANNED_REWARD_TOO_LOW|RSI_NOT_BELOW_32|CLOSE_NOT_NEAR_OR_BELOW_LOWER_BB|RSI_RECOVERY_NOT_CONFIRMED
2026-09-18T17:38:59.275811+00:00,SIE_OLD_MR_REGIME_EXHAUSTION_CONFIRM_V1,DOGE,DOGEUSDT,strategy-lab-v1.0.0:SIE_OLD_MR_REGIME_EXHAUSTION_CONFIRM_V1,1789736400000,2026-09-18T13:00:00+00:00,0.08536,0.08768,0.08501,0.08723,88.84239888423994,0.0835785,0.08001788614842913,0.0831357,0.0009478571428571432,0.010866182997330541,85.5334538878843,1.2500000000000073,False,RSI_NOT_BELOW_32|CLOSE_NOT_NEAR_OR_BELOW_LOWER_BB
2026-09-18T17:38:59.275811+00:00,SIE_OLD_MR_REGIME_EXHAUSTION_CONFIRM_V1,DOGE,DOGEUSDT,strategy-lab-v1.0.0:SIE_OLD_MR_REGIME_EXHAUSTION_CONFIRM_V1,1789740000000,2026-09-18T14:00:00+00:00,0.08724,0.08817,0.0867,0.08799,89.79591836734699,0.0839085,0.08001276759132527,0.08314694999999998,0.0010185714285714281,0.01157599077817284,88.84239888423994,1.25,False,RSI_NOT_BELOW_32|CLOSE_NOT_NEAR_OR_BELOW_LOWER_BB
2026-09-18T17:38:59.275811+00:00,SIE_OLD_MR_REGIME_EXHAUSTION_CONFIRM_V1,DOGE,DOGEUSDT,strategy-lab-v1.0.0:SIE_OLD_MR_REGIME_EXHAUSTION_CONFIRM_V1,1789743600000,2026-09-18T15:00:00+00:00,0.08797,0.08808,0.08683,0.08746,82.86082474226805,0.08420000000000001,0.08016005445581272,0.08315769999999999,0.0010571428571428568,0.01208715821110058,89.79591836734699,1.2500000000000033,False,RSI_NOT_BELOW_32|CLOSE_NOT_NEAR_OR_BELOW_LOWER_BB|RSI_RECOVERY_NOT_CONFIRMED
2026-09-18T17:38:59.275811+00:00,SIE_OLD_MR_REGIME_EXHAUSTION_CONFIRM_V1,DOGE,DOGEUSDT,strategy-lab-v1.0.0:SIE_OLD_MR_REGIME_EXHAUSTION_CONFIRM_V1,1789747200000,2026-09-18T16:00:00+00:00,0.08745,0.08825,0.08729,0.08771,82.45382585751979,0.084498,0.08034716104865548,0.08317000000000001,0.0010699999999999985,0.01219929312507124,82.86082474226805,1.2500000000000033,False,RSI_NOT_BELOW_32|CLOSE_NOT_NEAR_OR_BELOW_LOWER_BB|RSI_RECOVERY_NOT_CONFIRMED
2026-09-18T17:38:59.275811+00:00,SIE_OLD_MR_REGIME_EXHAUSTION_CONFIRM_V1,DOGE,DOGEUSDT,strategy-lab-v1.0.0:SIE_OLD_MR_REGIME_EXHAUSTION_CONFIRM_V1,1789750800000,2026-09-18T17:00:00+00:00,0.08772,0.08772,0.08718,0.08744,74.1518578352182,0.08480499999999999,0.08073829371604008,0.0831825,0.0009864285714285706,0.011281205071232508,82.45382585751979,1.2499999999999964,False,PLANNED_REWARD_TOO_LOW|RSI_NOT_BELOW_32|CLOSE_NOT_NEAR_OR_BELOW_LOWER_BB|RSI_RECOVERY_NOT_CONFIRMED
2026-09-18T17:38:59.275811+00:00,SIE_OLD_MR_REGIME_EXHAUSTION_CONFIRM_V1,BNB,BNBUSDT,strategy-lab-v1.0.0:SIE_OLD_MR_REGIME_EXHAUSTION_CONFIRM_V1,1789736400000,2026-09-18T13:00:00+00:00,745.9,761.6,745.17,757.9,73.87429643527207,744.9295,727.2259077374067,723.32745,7.445714285714295,0.00982413812602493,66.5565896127289,1.2499999999999925,False,PLANNED_REWARD_TOO_LOW|RSI_NOT_BELOW_32|CLOSE_NOT_NEAR_OR_BELOW_LOWER_BB
2026-09-18T17:38:59.275811+00:00,SIE_OLD_MR_REGIME_EXHAUSTION_CONFIRM_V1,BNB,BNBUSDT,strategy-lab-v1.0.0:SIE_OLD_MR_REGIME_EXHAUSTION_CONFIRM_V1,1789740000000,2026-09-18T14:00:00+00:00,757.96,761.2,755.1,760.0,75.03361721201259,746.5564999999999,729.6090526700872,723.5225999999999,7.555714285714292,0.00994172932330828,73.87429643527207,1.2499999999999962,False,PLANNED_REWARD_TOO_LOW|RSI_NOT_BELOW_32|CLOSE_NOT_NEAR_OR_BELOW_LOWER_BB
2026-09-18T17:38:59.275811+00:00,SIE_OLD_MR_REGIME_EXHAUSTION_CONFIRM_V1,BNB,BNBUSDT,strategy-lab-v1.0.0:SIE_OLD_MR_REGIME_EXHAUSTION_CONFIRM_V1,1789743600000,2026-09-18T15:00:00+00:00,760.15,760.89,753.38,756.86,66.40790402258298,747.8025,731.6931885621955,723.7127500000001,7.61071428571429,0.010055643429054633,75.03361721201259,1.2499999999999925,False,PLANNED_REWARD_TOO_LOW|RSI_NOT_BELOW_32|CLOSE_NOT_NEAR_OR_BELOW_LOWER_BB|RSI_RECOVERY_NOT_CONFIRMED
2026-09-18T17:38:59.275811+00:00,SIE_OLD_MR_REGIME_EXHAUSTION_CONFIRM_V1,BNB,BNBUSDT,strategy-lab-v1.0.0:SIE_OLD_MR_REGIME_EXHAUSTION_CONFIRM_V1,1789747200000,2026-09-18T16:00:00+00:00,756.63,761.0,755.88,758.3,63.42213114754091,749.0049999999999,733.5443615914415,723.9134999999999,7.3728571428571446,0.009722876358772444,66.40790402258298,1.2500000000000078,False,RSI_NOT_BELOW_32|CLOSE_NOT_NEAR_OR_BELOW_LOWER_BB|RSI_RECOVERY_NOT_CONFIRMED
2026-09-18T17:38:59.275811+00:00,SIE_OLD_MR_REGIME_EXHAUSTION_CONFIRM_V1,BNB,BNBUSDT,strategy-lab-v1.0.0:SIE_OLD_MR_REGIME_EXHAUSTION_CONFIRM_V1,1789750800000,2026-09-18T17:00:00+00:00,758.12,759.24,756.36,758.01,60.22386022386027,750.231,736.0502385253753,724.1179000000001,7.120714285714281,0.009393958240279523,63.42213114754091,1.25,False,RSI_NOT_BELOW_32|CLOSE_NOT_NEAR_OR_BELOW_LOWER_BB|RSI_RECOVERY_NOT_CONFIRMED
2026-09-18T17:38:59.275811+00:00,SIE_OLD_MR_REGIME_EXHAUSTION_CONFIRM_V1,PAXG,PAXGUSDT,strategy-lab-v1.0.0:SIE_OLD_MR_REGIME_EXHAUSTION_CONFIRM_V1,1789736400000,2026-09-18T13:00:00+00:00,4365.31,4367.38,4344.6,4344.75,51.07578676942852,4358.486,4323.685885977165,4335.03675,16.313571428571386,0.003754777933959695,61.82231053079766,1.249999999999986,False,PLANNED_REWARD_TOO_LOW|RSI_NOT_BELOW_32|CLOSE_NOT_NEAR_OR_BELOW_LOWER_BB|RSI_RECOVERY_NOT_CONFIRMED
2026-09-18T17:38:59.275811+00:00,SIE_OLD_MR_REGIME_EXHAUSTION_CONFIRM_V1,PAXG,PAXGUSDT,strategy-lab-v1.0.0:SIE_OLD_MR_REGIME_EXHAUSTION_CONFIRM_V1,1789740000000,2026-09-18T14:00:00+00:00,4344.63,4355.29,4340.37,4349.11,47.963453163692044,4358.529,4323.777492464322,4334.665849999999,16.215714285714252,0.0037285132557498555,51.07578676942852,1.25,False,RSI_NOT_BELOW_32|CLOSE_NOT_NEAR_OR_BELOW_LOWER_BB|RSI_RECOVERY_NOT_CONFIRMED
2026-09-18T17:38:59.275811+00:00,SIE_OLD_MR_REGIME_EXHAUSTION_CONFIRM_V1,PAXG,PAXGUSDT,strategy-lab-v1.0.0:SIE_OLD_MR_REGIME_EXHAUSTION_CONFIRM_V1,1789743600000,2026-09-18T15:00:00+00:00,4348.75,4352.35,4343.07,4350.99,53.34987593052112,4359.033,4325.033989955555,4334.37805,15.645714285714282,0.003595897551066374,47.963453163692044,1.25,False,RSI_NOT_BELOW_32|CLOSE_NOT_NEAR_OR_BELOW_LOWER_BB
2026-09-18T17:38:59.275811+00:00,SIE_OLD_MR_REGIME_EXHAUSTION_CONFIRM_V1,PAXG,PAXGUSDT,strategy-lab-v1.0.0:SIE_OLD_MR_REGIME_EXHAUSTION_CONFIRM_V1,1789747200000,2026-09-18T16:00:00+00:00,4352.07,4377.67,4350.81,4377.67,63.24550272449054,4360.9995,4327.469040727835,4334.293,16.714285714285715,0.00381807804477855,53.34987593052112,1.2500000000000135,False,RSI_NOT_BELOW_32|CLOSE_NOT_NEAR_OR_BELOW_LOWER_BB
2026-09-18T17:38:59.275811+00:00,SIE_OLD_MR_REGIME_EXHAUSTION_CONFIRM_V1,PAXG,PAXGUSDT,strategy-lab-v1.0.0:SIE_OLD_MR_REGIME_EXHAUSTION_CONFIRM_V1,1789750800000,2026-09-18T17:00:00+00:00,4377.61,4388.58,4375.59,4388.48,63.333085114304765,4363.4785,4329.521646037917,4334.2679,15.8742857142857,0.0036172628596429063,63.24550272449054,1.25,False,RSI_NOT_BELOW_32|CLOSE_NOT_NEAR_OR_BELOW_LOWER_BB
2026-09-18T20:50:42.625443+00:00,SIE_OLD_MR_REGIME_EXHAUSTION_CONFIRM_V1,BTC,BTCUSDT,strategy-lab-v1.0.0:SIE_OLD_MR_REGIME_EXHAUSTION_CONFIRM_V1,1789754400000,2026-09-18T18:00:00+00:00,80994.65,81132.82,80776.12,80926.37,86.35508735540783,78443.18950000001,75257.35246671947,77133.33155,603.471428571429,0.007457043094499716,88.12051121200602,1.250000000000006,False,RSI_NOT_BELOW_32|CLOSE_NOT_NEAR_OR_BELOW_LOWER_BB|RSI_RECOVERY_NOT_CONFIRMED
2026-09-18T20:50:42.625443+00:00,SIE_OLD_MR_REGIME_EXHAUSTION_CONFIRM_V1,BTC,BTCUSDT,strategy-lab-v1.0.0:SIE_OLD_MR_REGIME_EXHAUSTION_CONFIRM_V1,1789758000000,2026-09-18T19:00:00+00:00,80926.37,81388.47,80884.96,81193.47,88.48000555741662,78685.426,75437.30218169828,77150.24715,619.7435714285717,0.007632923822920386,86.35508735540783,1.2500000000000058,False,RSI_NOT_BELOW_32|CLOSE_NOT_NEAR_OR_BELOW_LOWER_BB
2026-09-18T20:50:42.625443+00:00,SIE_OLD_MR_REGIME_EXHAUSTION_CONFIRM_V1,BTC,BTCUSDT,strategy-lab-v1.0.0:SIE_OLD_MR_REGIME_EXHAUSTION_CONFIRM_V1,1789761600000,2026-09-18T20:00:00+00:00,81199.62,81226.79,80918.68,81161.78,87.65874200072894,78917.2095,75656.94100114562,77171.71380000001,622.1578571428576,0.0076656507181441505,88.48000555741662,1.25,False,RSI_NOT_BELOW_32|CLOSE_NOT_NEAR_OR_BELOW_LOWER_BB|RSI_RECOVERY_NOT_CONFIRMED
2026-09-18T20:50:42.625443+00:00,SIE_OLD_MR_REGIME_EXHAUSTION_CONFIRM_V1,SOL,SOLUSDT,strategy-lab-v1.0.0:SIE_OLD_MR_REGIME_EXHAUSTION_CONFIRM_V1,1789754400000,2026-09-18T18:00:00+00:00,112.56,112.87,112.01,112.14,83.50730688935283,106.57250000000002,99.7812147755377,100.9851,1.3771428571428552,0.012280567657774704,89.05038759689926,1.2500000000000027,False,RSI_NOT_BELOW_32|CLOSE_NOT_NEAR_OR_BELOW_LOWER_BB|RSI_RECOVERY_NOT_CONFIRMED
2026-09-18T20:50:42.625443+00:00,SIE_OLD_MR_REGIME_EXHAUSTION_CONFIRM_V1,SOL,SOLUSDT,strategy-lab-v1.0.0:SIE_OLD_MR_REGIME_EXHAUSTION_CONFIRM_V1,1789758000000,2026-09-18T19:00:00+00:00,112.16,114.34,112.16,114.22,89.9197145405888,107.2065,100.05490080821077,101.0513,1.4778571428571416,0.012938689746604287,83.50730688935283,1.25,False,RSI_NOT_BELOW_32|CLOSE_NOT_NEAR_OR_BELOW_LOWER_BB
2026-09-18T20:50:42.625443+00:00,SIE_OLD_MR_REGIME_EXHAUSTION_CONFIRM_V1,SOL,SOLUSDT,strategy-lab-v1.0.0:SIE_OLD_MR_REGIME_EXHAUSTION_CONFIRM_V1,1789761600000,2026-09-18T20:00:00+00:00,114.2,114.2,113.09,113.5,84.21501706484645,107.81499999999998,100.69606328164095,101.1243,1.5214285714285702,0.013404657016991808,89.9197145405888,1.2499999999999953,False,PLANNED_REWARD_TOO_LOW|RSI_NOT_BELOW_32|CLOSE_NOT_NEAR_OR_BELOW_LOWER_BB|RSI_RECOVERY_NOT_CONFIRMED
2026-09-18T20:50:42.625443+00:00,SIE_OLD_MR_REGIME_EXHAUSTION_CONFIRM_V1,XRP,XRPUSDT,strategy-lab-v1.0.0:SIE_OLD_MR_REGIME_EXHAUSTION_CONFIRM_V1,1789754400000,2026-09-18T18:00:00+00:00,1.3911,1.3934,1.3843,1.3859,69.98037933289729,1.338415,1.2742238393935736,1.348368,0.01823571428571426,0.013158030367064191,72.05387205387211,1.249999999999994,False,TREND_SUPPORT_NOT_CONFIRMED|PLANNED_REWARD_TOO_LOW|RSI_NOT_BELOW_32|CLOSE_NOT_NEAR_OR_BELOW_LOWER_BB|RSI_RECOVERY_NOT_CONFIRMED
2026-09-18T20:50:42.625443+00:00,SIE_OLD_MR_REGIME_EXHAUSTION_CONFIRM_V1,XRP,XRPUSDT,strategy-lab-v1.0.0:SIE_OLD_MR_REGIME_EXHAUSTION_CONFIRM_V1,1789758000000,2026-09-18T19:00:00+00:00,1.3864,1.4128,1.3858,1.4119,77.59626604434072,1.3442599999999998,1.275799167402083,1.348548,0.019442857142857126,0.013770704117045915,69.98037933289729,1.2499999999999971,False,TREND_SUPPORT_NOT_CONFIRMED|PLANNED_REWARD_TOO_LOW|RSI_NOT_BELOW_32|CLOSE_NOT_NEAR_OR_BELOW_LOWER_BB
2026-09-18T20:50:42.625443+00:00,SIE_OLD_MR_REGIME_EXHAUSTION_CONFIRM_V1,XRP,XRPUSDT,strategy-lab-v1.0.0:SIE_OLD_MR_REGIME_EXHAUSTION_CONFIRM_V1,1789761600000,2026-09-18T20:00:00+00:00,1.4114,1.4144,1.3981,1.406,74.4815668202765,1.349585,1.2793344690411526,1.348788,0.02014285714285713,0.01432635643161958,77.59626604434072,1.2499999999999973,False,PLANNED_REWARD_TOO_LOW|RSI_NOT_BELOW_32|CLOSE_NOT_NEAR_OR_BELOW_LOWER_BB|RSI_RECOVERY_NOT_CONFIRMED
2026-09-18T20:50:42.625443+00:00,SIE_OLD_MR_REGIME_EXHAUSTION_CONFIRM_V1,DOGE,DOGEUSDT,strategy-lab-v1.0.0:SIE_OLD_MR_REGIME_EXHAUSTION_CONFIRM_V1,1789754400000,2026-09-18T18:00:00+00:00,0.08757,0.08757,0.08711,0.08734,72.92993630573257,0.0851085,0.08119367548286015,0.08319485,0.0009578571428571422,0.010966992705027963,75.9933774834438,1.2499999999999927,False,PLANNED_REWARD_TOO_LOW|RSI_NOT_BELOW_32|CLOSE_NOT_NEAR_OR_BELOW_LOWER_BB|RSI_RECOVERY_NOT_CONFIRMED
2026-09-18T20:50:42.625443+00:00,SIE_OLD_MR_REGIME_EXHAUSTION_CONFIRM_V1,DOGE,DOGEUSDT,strategy-lab-v1.0.0:SIE_OLD_MR_REGIME_EXHAUSTION_CONFIRM_V1,1789758000000,2026-09-18T19:00:00+00:00,0.08735,0.0881,0.08731,0.08797,79.66360856269118,0.085424,0.08165745038529963,0.0832091,0.0009685714285714278,0.01101024699978888,72.92993630573257,1.25,False,RSI_NOT_BELOW_32|CLOSE_NOT_NEAR_OR_BELOW_LOWER_BB
2026-09-18T20:50:42.625443+00:00,SIE_OLD_MR_REGIME_EXHAUSTION_CONFIRM_V1,DOGE,DOGEUSDT,strategy-lab-v1.0.0:SIE_OLD_MR_REGIME_EXHAUSTION_CONFIRM_V1,1789761600000,2026-09-18T20:00:00+00:00,0.08796,0.08842,0.08765,0.08836,80.78034682080927,0.0857545,0.08218037926896703,0.08323234999999998,0.0009971428571428562,0.01128500291017266,79.66360856269118,1.25,False,RSI_NOT_BELOW_32|CLOSE_NOT_NEAR_OR_BELOW_LOWER_BB
2026-09-18T20:50:42.625443+00:00,SIE_OLD_MR_REGIME_EXHAUSTION_CONFIRM_V1,BNB,BNBUSDT,strategy-lab-v1.0.0:SIE_OLD_MR_REGIME_EXHAUSTION_CONFIRM_V1,1789754400000,2026-09-18T18:00:00+00:00,761.29,765.39,760.46,764.34,65.88628762541813,751.8675,737.8897635952665,724.3709,7.365714285714286,0.009636698701774454,63.682604272634805,1.2499999999999962,False,PLANNED_REWARD_TOO_LOW|RSI_NOT_BELOW_32|CLOSE_NOT_NEAR_OR_BELOW_LOWER_BB
2026-09-18T20:50:42.625443+00:00,SIE_OLD_MR_REGIME_EXHAUSTION_CONFIRM_V1,BNB,BNBUSDT,strategy-lab-v1.0.0:SIE_OLD_MR_REGIME_EXHAUSTION_CONFIRM_V1,1789758000000,2026-09-18T19:00:00+00:00,764.12,768.18,763.98,766.07,66.4315937940762,753.2940000000001,739.6366116698608,724.61865,7.410714285714278,0.0096736777131519,65.88628762541813,1.2499999999999962,False,PLANNED_REWARD_TOO_LOW|RSI_NOT_BELOW_32|CLOSE_NOT_NEAR_OR_BELOW_LOWER_BB
2026-09-18T20:50:42.625443+00:00,SIE_OLD_MR_REGIME_EXHAUSTION_CONFIRM_V1,BNB,BNBUSDT,strategy-lab-v1.0.0:SIE_OLD_MR_REGIME_EXHAUSTION_CONFIRM_V1,1789761600000,2026-09-18T20:00:00+00:00,766.17,766.17,762.88,764.76,62.46087165904166,754.6490000000001,742.1354235328092,724.91545,7.395714285714275,0.00967063429796835,66.4315937940762,1.2500000000000038,False,RSI_NOT_BELOW_32|CLOSE_NOT_NEAR_OR_BELOW_LOWER_BB|RSI_RECOVERY_NOT_CONFIRMED
2026-09-18T20:50:42.625443+00:00,SIE_OLD_MR_REGIME_EXHAUSTION_CONFIRM_V1,PAXG,PAXGUSDT,strategy-lab-v1.0.0:SIE_OLD_MR_REGIME_EXHAUSTION_CONFIRM_V1,1789754400000,2026-09-18T18:00:00+00:00,4386.08,4386.08,4372.4,4374.35,53.88048411497741,4365.0585,4332.857796731243,4334.21835,15.75214285714284,0.00360102480531801,62.665857911896275,1.2499999999999856,False,PLANNED_REWARD_TOO_LOW|RSI_NOT_BELOW_32|CLOSE_NOT_NEAR_OR_BELOW_LOWER_BB|RSI_RECOVERY_NOT_CONFIRMED
2026-09-18T20:50:42.625443+00:00,SIE_OLD_MR_REGIME_EXHAUSTION_CONFIRM_V1,PAXG,PAXGUSDT,strategy-lab-v1.0.0:SIE_OLD_MR_REGIME_EXHAUSTION_CONFIRM_V1,1789758000000,2026-09-18T19:00:00+00:00,4374.21,4378.64,4367.91,4370.11,48.958985597995934,4366.4605,4335.990314916832,4334.19115,15.439285714285754,0.003532928396375779,53.88048411497741,1.2499999999999853,False,PLANNED_REWARD_TOO_LOW|RSI_NOT_BELOW_32|CLOSE_NOT_NEAR_OR_BELOW_LOWER_BB|RSI_RECOVERY_NOT_CONFIRMED
2026-09-18T20:50:42.625443+00:00,SIE_OLD_MR_REGIME_EXHAUSTION_CONFIRM_V1,PAXG,PAXGUSDT,strategy-lab-v1.0.0:SIE_OLD_MR_REGIME_EXHAUSTION_CONFIRM_V1,1789761600000,2026-09-18T20:00:00+00:00,4370.42,4375.0,4368.3,4372.07,42.43467514124278,4367.37,4337.373951593543,4334.316750000001,14.60857142857146,0.003341339783802972,48.958985597995934,1.2500000000000155,False,RSI_NOT_BELOW_32|CLOSE_NOT_NEAR_OR_BELOW_LOWER_BB|RSI_RECOVERY_NOT_CONFIRMED
2026-09-19T00:12:58.646945+00:00,SIE_OLD_MR_REGIME_EXHAUSTION_CONFIRM_V1,BTC,BTCUSDT,strategy-lab-v1.0.0:SIE_OLD_MR_REGIME_EXHAUSTION_CONFIRM_V1,1789765200000,2026-09-18T21:00:00+00:00,81099.99,81294.85,81081.0,81223.78,86.31636141076898,79142.16649999999,75914.18864740955,77191.79860000001,616.5442857142864,0.007590686935701421,86.55045905349208,1.249999999999994,False,PLANNED_REWARD_TOO_LOW|RSI_NOT_BELOW_32|CLOSE_NOT_NEAR_OR_BELOW_LOWER_BB|RSI_RECOVERY_NOT_CONFIRMED
2026-09-19T00:12:58.646945+00:00,SIE_OLD_MR_REGIME_EXHAUSTION_CONFIRM_V1,BTC,BTCUSDT,strategy-lab-v1.0.0:SIE_OLD_MR_REGIME_EXHAUSTION_CONFIRM_V1,1789768800000,2026-09-18T22:00:00+00:00,81223.78,81364.5,81062.31,81133.49,83.1513091766315,79353.374,76185.19193371978,77210.51205,593.6514285714293,0.007316971432776148,86.31636141076898,1.25,False,RSI_NOT_BELOW_32|CLOSE_NOT_NEAR_OR_BELOW_LOWER_BB|RSI_RECOVERY_NOT_CONFIRMED
2026-09-19T00:12:58.646945+00:00,SIE_OLD_MR_REGIME_EXHAUSTION_CONFIRM_V1,BTC,BTCUSDT,strategy-lab-v1.0.0:SIE_OLD_MR_REGIME_EXHAUSTION_CONFIRM_V1,1789772400000,2026-09-18T23:00:00+00:00,81133.49,81196.49,80844.12,80875.04,79.30776539170844,79531.5195,76442.79931228101,77228.79355,583.9907142857161,0.007220901705714348,83.1513091766315,1.2499999999999938,False,PLANNED_REWARD_TOO_LOW|RSI_NOT_BELOW_32|CLOSE_NOT_NEAR_OR_BELOW_LOWER_BB|RSI_RECOVERY_NOT_CONFIRMED
2026-09-19T00:12:58.646945+00:00,SIE_OLD_MR_REGIME_EXHAUSTION_CONFIRM_V1,BTC,BTCUSDT,strategy-lab-v1.0.0:SIE_OLD_MR_REGIME_EXHAUSTION_CONFIRM_V1,1789776000000,2026-09-19T00:00:00+00:00,80875.04,80933.58,80822.48,80900.0,79.09040753113679,79701.2695,76704.91777381314,77247.49245,573.1121428571454,0.0070842044852551965,79.30776539170844,1.2500000000000064,False,RSI_NOT_BELOW_32|CLOSE_NOT_NEAR_OR_BELOW_LOWER_BB|RSI_RECOVERY_NOT_CONFIRMED
2026-09-19T00:12:58.646945+00:00,SIE_OLD_MR_REGIME_EXHAUSTION_CONFIRM_V1,SOL,SOLUSDT,strategy-lab-v1.0.0:SIE_OLD_MR_REGIME_EXHAUSTION_CONFIRM_V1,1789765200000,2026-09-18T21:00:00+00:00,113.52,113.76,113.02,113.17,81.54106689246406,108.354,101.32472578426471,101.19165,1.5264285714285708,0.013487925876368037,84.28693424423577,1.2500000000000047,False,RSI_NOT_BELOW_32|CLOSE_NOT_NEAR_OR_BELOW_LOWER_BB|RSI_RECOVERY_NOT_CONFIRMED
2026-09-19T00:12:58.646945+00:00,SIE_OLD_MR_REGIME_EXHAUSTION_CONFIRM_V1,SOL,SOLUSDT,strategy-lab-v1.0.0:SIE_OLD_MR_REGIME_EXHAUSTION_CONFIRM_V1,1789768800000,2026-09-18T22:00:00+00:00,113.18,113.59,112.77,113.17,80.70796460176994,108.87899999999999,102.0609800528305,101.25665000000001,1.508571428571429,0.013330135447304312,81.54106689246406,1.25,False,RSI_NOT_BELOW_32|CLOSE_NOT_NEAR_OR_BELOW_LOWER_BB|RSI_RECOVERY_NOT_CONFIRMED
2026-09-19T00:12:58.646945+00:00,SIE_OLD_MR_REGIME_EXHAUSTION_CONFIRM_V1,SOL,SOLUSDT,strategy-lab-v1.0.0:SIE_OLD_MR_REGIME_EXHAUSTION_CONFIRM_V1,1789772400000,2026-09-18T23:00:00+00:00,113.17,113.45,112.48,112.7,77.3116438356165,109.2875,102.58263944962303,101.32164999999999,1.451428571428572,0.012878691849410576,80.70796460176994,1.2499999999999976,False,PLANNED_REWARD_TOO_LOW|RSI_NOT_BELOW_32|CLOSE_NOT_NEAR_OR_BELOW_LOWER_BB|RSI_RECOVERY_NOT_CONFIRMED
2026-09-19T00:12:58.646945+00:00,SIE_OLD_MR_REGIME_EXHAUSTION_CONFIRM_V1,SOL,SOLUSDT,strategy-lab-v1.0.0:SIE_OLD_MR_REGIME_EXHAUSTION_CONFIRM_V1,1789776000000,2026-09-19T00:00:00+00:00,112.7,112.78,112.35,112.67,77.97927461139899,109.63499999999999,102.98556543757279,101.38685,1.4528571428571442,0.012894800238369968,77.3116438356165,1.2500000000000049,False,RSI_NOT_BELOW_32|CLOSE_NOT_NEAR_OR_BELOW_LOWER_BB|RSI_RECOVERY_NOT_CONFIRMED
2026-09-19T00:12:58.646945+00:00,SIE_OLD_MR_REGIME_EXHAUSTION_CONFIRM_V1,XRP,XRPUSDT,strategy-lab-v1.0.0:SIE_OLD_MR_REGIME_EXHAUSTION_CONFIRM_V1,1789765200000,2026-09-18T21:00:00+00:00,1.4025,1.4087,1.3976,1.4008,71.18742724097791,1.35425,1.2843608449042339,1.348956,0.02021428571428571,0.014430529493350734,73.05084745762717,1.2500000000000056,False,RSI_NOT_BELOW_32|CLOSE_NOT_NEAR_OR_BELOW_LOWER_BB|RSI_RECOVERY_NOT_CONFIRMED
2026-09-19T00:12:58.646945+00:00,SIE_OLD_MR_REGIME_EXHAUSTION_CONFIRM_V1,XRP,XRPUSDT,strategy-lab-v1.0.0:SIE_OLD_MR_REGIME_EXHAUSTION_CONFIRM_V1,1789768800000,2026-09-18T22:00:00+00:00,1.4008,1.4053,1.3924,1.398,68.60744297719084,1.3588900000000002,1.290333398567315,1.3491469999999999,0.02008571428571428,0.014367463723686896,71.18742724097791,1.2499999999999973,False,PLANNED_REWARD_TOO_LOW|RSI_NOT_BELOW_32|CLOSE_NOT_NEAR_OR_BELOW_LOWER_BB|RSI_RECOVERY_NOT_CONFIRMED
2026-09-19T00:12:58.646945+00:00,SIE_OLD_MR_REGIME_EXHAUSTION_CONFIRM_V1,XRP,XRPUSDT,strategy-lab-v1.0.0:SIE_OLD_MR_REGIME_EXHAUSTION_CONFIRM_V1,1789772400000,2026-09-18T23:00:00+00:00,1.3982,1.4016,1.3934,1.396,68.48412222887956,1.36241,1.2938225988245653,1.3493455,0.019978571428571432,0.014311297584936556,68.60744297719084,1.2499999999999971,False,PLANNED_REWARD_TOO_LOW|RSI_NOT_BELOW_32|CLOSE_NOT_NEAR_OR_BELOW_LOWER_BB|RSI_RECOVERY_NOT_CONFIRMED
2026-09-19T00:12:58.646945+00:00,SIE_OLD_MR_REGIME_EXHAUSTION_CONFIRM_V1,XRP,XRPUSDT,strategy-lab-v1.0.0:SIE_OLD_MR_REGIME_EXHAUSTION_CONFIRM_V1,1789776000000,2026-09-19T00:00:00+00:00,1.3961,1.398,1.3947,1.397,70.21924482338613,1.36602,1.2981341075038415,1.349561,0.019649999999999994,0.014065855404438077,68.48412222887956,1.2500000000000056,False,RSI_NOT_BELOW_32|CLOSE_NOT_NEAR_OR_BELOW_LOWER_BB
2026-09-19T00:12:58.646945+00:00,SIE_OLD_MR_REGIME_EXHAUSTION_CONFIRM_V1,DOGE,DOGEUSDT,strategy-lab-v1.0.0:SIE_OLD_MR_REGIME_EXHAUSTION_CONFIRM_V1,1789765200000,2026-09-18T21:00:00+00:00,0.08826,0.08851,0.08792,0.08818,78.7009063444108,0.08604049999999999,0.08269131815960974,0.08325300000000001,0.001009999999999999,0.011453844409163064,80.49853372434023,1.2500000000000033,False,RSI_NOT_BELOW_32|CLOSE_NOT_NEAR_OR_BELOW_LOWER_BB|RSI_RECOVERY_NOT_CONFIRMED
2026-09-19T00:12:58.646945+00:00,SIE_OLD_MR_REGIME_EXHAUSTION_CONFIRM_V1,DOGE,DOGEUSDT,strategy-lab-v1.0.0:SIE_OLD_MR_REGIME_EXHAUSTION_CONFIRM_V1,1789768800000,2026-09-18T22:00:00+00:00,0.08822,0.08866,0.08799,0.08809,76.11464968152868,0.0863055,0.08319695387680992,0.0832746,0.0010064285714285709,0.011425003648865601,78.7009063444108,1.25,False,RSI_NOT_BELOW_32|CLOSE_NOT_NEAR_OR_BELOW_LOWER_BB|RSI_RECOVERY_NOT_CONFIRMED
2026-09-19T00:12:58.646945+00:00,SIE_OLD_MR_REGIME_EXHAUSTION_CONFIRM_V1,DOGE,DOGEUSDT,strategy-lab-v1.0.0:SIE_OLD_MR_REGIME_EXHAUSTION_CONFIRM_V1,1789772400000,2026-09-18T23:00:00+00:00,0.08813,0.08819,0.08736,0.08747,64.84245439469322,0.0864565,0.08343086105921409,0.08329360000000001,0.0009807142857142861,0.011212007382122854,76.11464968152868,1.25,False,RSI_NOT_BELOW_32|CLOSE_NOT_NEAR_OR_BELOW_LOWER_BB|RSI_RECOVERY_NOT_CONFIRMED
2026-09-19T00:12:58.646945+00:00,SIE_OLD_MR_REGIME_EXHAUSTION_CONFIRM_V1,DOGE,DOGEUSDT,strategy-lab-v1.0.0:SIE_OLD_MR_REGIME_EXHAUSTION_CONFIRM_V1,1789776000000,2026-09-19T00:00:00+00:00,0.08746,0.0876,0.08729,0.08756,65.24590163934428,0.0866115,0.08369521280563792,0.08331419999999999,0.0009150000000000001,0.010449977158519873,64.84245439469322,1.25,False,RSI_NOT_BELOW_32|CLOSE_NOT_NEAR_OR_BELOW_LOWER_BB
2026-09-19T00:12:58.646945+00:00,SIE_OLD_MR_REGIME_EXHAUSTION_CONFIRM_V1,BNB,BNBUSDT,strategy-lab-v1.0.0:SIE_OLD_MR_REGIME_EXHAUSTION_CONFIRM_V1,1789765200000,2026-09-18T21:00:00+00:00,764.12,764.95,763.18,763.71,63.46666666666664,755.6245000000001,743.9301313124546,725.17645,7.089999999999999,0.009283628602479997,60.579168612797815,1.250000000000004,False,RSI_NOT_BELOW_32|CLOSE_NOT_NEAR_OR_BELOW_LOWER_BB
2026-09-19T00:12:58.646945+00:00,SIE_OLD_MR_REGIME_EXHAUSTION_CONFIRM_V1,BNB,BNBUSDT,strategy-lab-v1.0.0:SIE_OLD_MR_REGIME_EXHAUSTION_CONFIRM_V1,1789768800000,2026-09-18T22:00:00+00:00,763.78,764.61,761.59,764.0,62.25895316804401,756.4334999999999,744.7721068156393,725.4492,7.056428571428569,0.009236163051608074,63.46666666666664,1.25,False,RSI_NOT_BELOW_32|CLOSE_NOT_NEAR_OR_BELOW_LOWER_BB|RSI_RECOVERY_NOT_CONFIRMED
2026-09-19T00:12:58.646945+00:00,SIE_OLD_MR_REGIME_EXHAUSTION_CONFIRM_V1,BNB,BNBUSDT,strategy-lab-v1.0.0:SIE_OLD_MR_REGIME_EXHAUSTION_CONFIRM_V1,1789772400000,2026-09-18T23:00:00+00:00,764.19,764.6,760.42,761.34,63.096446700507684,756.9745,745.4576332819967,725.7147500000001,6.945000000000001,0.009122074237528569,62.25895316804401,1.250000000000004,False,RSI_NOT_BELOW_32|CLOSE_NOT_NEAR_OR_BELOW_LOWER_BB|RSI_RECOVERY_NOT_CONFIRMED
2026-09-19T00:12:58.646945+00:00,SIE_OLD_MR_REGIME_EXHAUSTION_CONFIRM_V1,BNB,BNBUSDT,strategy-lab-v1.0.0:SIE_OLD_MR_REGIME_EXHAUSTION_CONFIRM_V1,1789776000000,2026-09-19T00:00:00+00:00,760.91,761.24,759.88,761.23,61.928274428274506,757.484,746.1624251978686,725.9810000000001,5.201428571428575,0.006832926410452261,63.096446700507684,1.25,False,RSI_NOT_BELOW_32|CLOSE_NOT_NEAR_OR_BELOW_LOWER_BB|RSI_RECOVERY_NOT_CONFIRMED
2026-09-19T00:12:58.646945+00:00,SIE_OLD_MR_REGIME_EXHAUSTION_CONFIRM_V1,PAXG,PAXGUSDT,strategy-lab-v1.0.0:SIE_OLD_MR_REGIME_EXHAUSTION_CONFIRM_V1,1789765200000,2026-09-18T21:00:00+00:00,4370.7,4373.94,4370.1,4373.44,43.498152384303765,4368.782,4340.768911202044,4334.3394,14.37785714285714,0.0032875395896267336,41.662193594560584,1.2500000000000315,False,RSI_NOT_BELOW_32|CLOSE_NOT_NEAR_OR_BELOW_LOWER_BB
2026-09-19T00:12:58.646945+00:00,SIE_OLD_MR_REGIME_EXHAUSTION_CONFIRM_V1,PAXG,PAXGUSDT,strategy-lab-v1.0.0:SIE_OLD_MR_REGIME_EXHAUSTION_CONFIRM_V1,1789768800000,2026-09-18T22:00:00+00:00,4372.26,4374.47,4371.41,4374.47,44.31858096241676,4370.3965,4345.113223096044,4334.4215,13.720714285714296,0.0031365432351151785,43.498152384303765,1.2500000000000167,False,RSI_NOT_BELOW_32|CLOSE_NOT_NEAR_OR_BELOW_LOWER_BB
2026-09-19T00:12:58.646945+00:00,SIE_OLD_MR_REGIME_EXHAUSTION_CONFIRM_V1,PAXG,PAXGUSDT,strategy-lab-v1.0.0:SIE_OLD_MR_REGIME_EXHAUSTION_CONFIRM_V1,1789772400000,2026-09-18T23:00:00+00:00,4373.16,4374.68,4367.63,4369.03,49.46099568796533,4371.2145,4347.254214129373,4334.44175,12.72000000000006,0.0029114013865778124,44.31858096241676,1.250000000000018,False,RSI_NOT_BELOW_32|CLOSE_NOT_NEAR_OR_BELOW_LOWER_BB|RSI_RECOVERY_NOT_CONFIRMED
2026-09-19T00:12:58.646945+00:00,SIE_OLD_MR_REGIME_EXHAUSTION_CONFIRM_V1,PAXG,PAXGUSDT,strategy-lab-v1.0.0:SIE_OLD_MR_REGIME_EXHAUSTION_CONFIRM_V1,1789776000000,2026-09-19T00:00:00+00:00,4369.02,4369.02,4366.76,4366.98,46.00745141476176,4371.359,4347.537869128395,4334.4524,12.513571428571465,0.002865497764718745,49.46099568796533,1.25,False,RSI_NOT_BELOW_32|CLOSE_NOT_NEAR_OR_BELOW_LOWER_BB|RSI_RECOVERY_NOT_CONFIRMED
2026-09-19T07:17:15.575218+00:00,SIE_OLD_MR_REGIME_EXHAUSTION_CONFIRM_V1,BTC,BTCUSDT,strategy-lab-v1.0.0:SIE_OLD_MR_REGIME_EXHAUSTION_CONFIRM_V1,1789779600000,2026-09-19T01:00:00+00:00,81659.0,81720.0,81029.99,81262.5,79.54013261510676,79930.937,76981.6957318146,77271.16285000001,642.192857142859,0.007902696288483113,82.04512220597414,1.2500000000000113,False,RSI_NOT_BELOW_32|CLOSE_NOT_NEAR_OR_BELOW_LOWER_BB|RSI_RECOVERY_NOT_CONFIRMED
2026-09-19T07:17:15.575218+00:00,SIE_OLD_MR_REGIME_EXHAUSTION_CONFIRM_V1,BTC,BTCUSDT,strategy-lab-v1.0.0:SIE_OLD_MR_REGIME_EXHAUSTION_CONFIRM_V1,1789783200000,2026-09-19T02:00:00+00:00,81262.5,81426.93,81228.0,81276.05,79.8427519316721,80118.3705,77331.98442905021,77291.4501,641.3728571428583,0.007891289711333883,79.54013261510676,1.2500000000000058,False,RSI_NOT_BELOW_32|CLOSE_NOT_NEAR_OR_BELOW_LOWER_BB
2026-09-19T07:17:15.575218+00:00,SIE_OLD_MR_REGIME_EXHAUSTION_CONFIRM_V1,BTC,BTCUSDT,strategy-lab-v1.0.0:SIE_OLD_MR_REGIME_EXHAUSTION_CONFIRM_V1,1789786800000,2026-09-19T03:00:00+00:00,81276.05,81380.0,81092.99,81105.04,64.82366113591604,80286.88350000001,77696.7554302291,77311.35729999999,478.83642857142905,0.005903904721228534,79.8427519316721,1.25,False,RSI_NOT_BELOW_32|CLOSE_NOT_NEAR_OR_BELOW_LOWER_BB|RSI_RECOVERY_NOT_CONFIRMED
2026-09-19T07:17:15.575218+00:00,SIE_OLD_MR_REGIME_EXHAUSTION_CONFIRM_V1,BTC,BTCUSDT,strategy-lab-v1.0.0:SIE_OLD_MR_REGIME_EXHAUSTION_CONFIRM_V1,1789790400000,2026-09-19T04:00:00+00:00,81105.04,81208.2,80892.0,81002.41,51.62882630384533,80427.4265,78007.90894114341,77330.1743,435.14000000000044,0.005371938933668769,64.82366113591604,1.2500000000000084,False,RSI_NOT_BELOW_32|CLOSE_NOT_NEAR_OR_BELOW_LOWER_BB|RSI_RECOVERY_NOT_CONFIRMED
2026-09-19T07:17:15.575218+00:00,SIE_OLD_MR_REGIME_EXHAUSTION_CONFIRM_V1,BTC,BTCUSDT,strategy-lab-v1.0.0:SIE_OLD_MR_REGIME_EXHAUSTION_CONFIRM_V1,1789794000000,2026-09-19T05:00:00+00:00,81002.41,81126.01,80985.52,81022.5,56.00437251434506,80571.14450000001,78379.5152275674,77349.65694999999,398.26071428571385,0.004915433543592383,51.62882630384533,1.25,False,RSI_NOT_BELOW_32|CLOSE_NOT_NEAR_OR_BELOW_LOWER_BB
2026-09-19T07:17:15.575218+00:00,SIE_OLD_MR_REGIME_EXHAUSTION_CONFIRM_V1,BTC,BTCUSDT,strategy-lab-v1.0.0:SIE_OLD_MR_REGIME_EXHAUSTION_CONFIRM_V1,1789797600000,2026-09-19T06:00:00+00:00,81022.5,81077.04,80843.61,81023.15,53.89214064803188,80711.22899999999,78797.7498274662,77370.762,370.53999999999985,0.004573260851991065,56.00437251434506,1.2499999999999902,False,PLANNED_REWARD_TOO_LOW|RSI_NOT_BELOW_32|CLOSE_NOT_NEAR_OR_BELOW_LOWER_BB|RSI_RECOVERY_NOT_CONFIRMED
2026-09-19T07:17:15.575218+00:00,SIE_OLD_MR_REGIME_EXHAUSTION_CONFIRM_V1,BTC,BTCUSDT,strategy-lab-v1.0.0:SIE_OLD_MR_REGIME_EXHAUSTION_CONFIRM_V1,1789801200000,2026-09-19T07:00:00+00:00,81023.15,81084.74,81023.15,81078.96,51.72587419457854,80865.41750000001,79410.09010818752,77393.47405,342.99357142857167,0.004230364713959968,53.89214064803188,1.2500000000000107,False,RSI_NOT_BELOW_32|CLOSE_NOT_NEAR_OR_BELOW_LOWER_BB|RSI_RECOVERY_NOT_CONFIRMED
2026-09-19T07:17:15.575218+00:00,SIE_OLD_MR_REGIME_EXHAUSTION_CONFIRM_V1,SOL,SOLUSDT,strategy-lab-v1.0.0:SIE_OLD_MR_REGIME_EXHAUSTION_CONFIRM_V1,1789779600000,2026-09-19T01:00:00+00:00,113.65,114.1,112.86,113.39,81.78835110746513,110.0895,103.47407718660392,101.45900000000002,1.6014285714285725,0.014123190505587552,79.82385908726984,1.2500000000000022,False,RSI_NOT_BELOW_32|CLOSE_NOT_NEAR_OR_BELOW_LOWER_BB|RSI_RECOVERY_NOT_CONFIRMED
2026-09-19T07:17:15.575218+00:00,SIE_OLD_MR_REGIME_EXHAUSTION_CONFIRM_V1,SOL,SOLUSDT,strategy-lab-v1.0.0:SIE_OLD_MR_REGIME_EXHAUSTION_CONFIRM_V1,1789783200000,2026-09-19T02:00:00+00:00,113.39,113.82,113.31,113.58,81.98051948051948,110.49450000000002,104.0683861665855,101.52744999999999,1.5828571428571436,0.01393605514049255,81.78835110746513,1.2500000000000022,False,RSI_NOT_BELOW_32|CLOSE_NOT_NEAR_OR_BELOW_LOWER_BB
2026-09-19T07:17:15.575218+00:00,SIE_OLD_MR_REGIME_EXHAUSTION_CONFIRM_V1,SOL,SOLUSDT,strategy-lab-v1.0.0:SIE_OLD_MR_REGIME_EXHAUSTION_CONFIRM_V1,1789786800000,2026-09-19T03:00:00+00:00,113.59,113.8,113.11,113.21,73.89112903225804,110.869,104.73307659760964,101.59545,1.3492857142857153,0.011918432243491877,81.98051948051948,1.25,False,RSI_NOT_BELOW_32|CLOSE_NOT_NEAR_OR_BELOW_LOWER_BB|RSI_RECOVERY_NOT_CONFIRMED
2026-09-19T07:17:15.575218+00:00,SIE_OLD_MR_REGIME_EXHAUSTION_CONFIRM_V1,SOL,SOLUSDT,strategy-lab-v1.0.0:SIE_OLD_MR_REGIME_EXHAUSTION_CONFIRM_V1,1789790400000,2026-09-19T04:00:00+00:00,113.21,113.43,112.01,112.33,59.41520467836257,111.174,105.39470108058065,101.65695,1.2650000000000006,0.011261461764444054,73.89112903225804,1.2499999999999971,False,PLANNED_REWARD_TOO_LOW|RSI_NOT_BELOW_32|CLOSE_NOT_NEAR_OR_BELOW_LOWER_BB|RSI_RECOVERY_NOT_CONFIRMED
2026-09-19T07:17:15.575218+00:00,SIE_OLD_MR_REGIME_EXHAUSTION_CONFIRM_V1,SOL,SOLUSDT,strategy-lab-v1.0.0:SIE_OLD_MR_REGIME_EXHAUSTION_CONFIRM_V1,1789794000000,2026-09-19T05:00:00+00:00,112.32,112.96,111.79,111.9,54.59837019790458,111.453,106.11613912491605,101.71755000000002,1.1892857142857136,0.010628111834546145,59.41520467836257,1.249999999999994,False,PLANNED_REWARD_TOO_LOW|RSI_NOT_BELOW_32|CLOSE_NOT_NEAR_OR_BELOW_LOWER_BB|RSI_RECOVERY_NOT_CONFIRMED
2026-09-19T07:17:15.575218+00:00,SIE_OLD_MR_REGIME_EXHAUSTION_CONFIRM_V1,SOL,SOLUSDT,strategy-lab-v1.0.0:SIE_OLD_MR_REGIME_EXHAUSTION_CONFIRM_V1,1789797600000,2026-09-19T06:00:00+00:00,111.89,112.03,111.14,111.79,50.67650676506765,111.73300000000002,106.97365508709426,101.78029999999998,1.1592857142857136,0.010370209448839015,54.59837019790458,1.25,False,RSI_NOT_BELOW_32|CLOSE_NOT_NEAR_OR_BELOW_LOWER_BB|RSI_RECOVERY_NOT_CONFIRMED
2026-09-19T07:17:15.575218+00:00,SIE_OLD_MR_REGIME_EXHAUSTION_CONFIRM_V1,SOL,SOLUSDT,strategy-lab-v1.0.0:SIE_OLD_MR_REGIME_EXHAUSTION_CONFIRM_V1,1789801200000,2026-09-19T07:00:00+00:00,111.8,112.13,111.73,112.09,46.67553191489361,112.05549999999998,108.20376026320544,101.84764999999999,1.0914285714285705,0.009737073525100995,50.67650676506765,1.2500000000000064,False,RSI_NOT_BELOW_32|CLOSE_NOT_NEAR_OR_BELOW_LOWER_BB|RSI_RECOVERY_NOT_CONFIRMED
2026-09-19T07:17:15.575218+00:00,SIE_OLD_MR_REGIME_EXHAUSTION_CONFIRM_V1,XRP,XRPUSDT,strategy-lab-v1.0.0:SIE_OLD_MR_REGIME_EXHAUSTION_CONFIRM_V1,1789779600000,2026-09-19T01:00:00+00:00,1.4088,1.414,1.3926,1.412,76.19883040935673,1.37133,1.3034126060570637,1.349879,0.02155714285714283,0.015267098340752714,72.16846898121801,1.2499999999999973,False,PLANNED_REWARD_TOO_LOW|RSI_NOT_BELOW_32|CLOSE_NOT_NEAR_OR_BELOW_LOWER_BB
2026-09-19T07:17:15.575218+00:00,SIE_OLD_MR_REGIME_EXHAUSTION_CONFIRM_V1,XRP,XRPUSDT,strategy-lab-v1.0.0:SIE_OLD_MR_REGIME_EXHAUSTION_CONFIRM_V1,1789783200000,2026-09-19T02:00:00+00:00,1.4122,1.4271,1.4109,1.4129,76.26822157434404,1.375925,1.30983939264106,1.3501660000000002,0.022085714285714264,0.015631477306047324,76.19883040935673,1.249999999999995,False,PLANNED_REWARD_TOO_LOW|RSI_NOT_BELOW_32|CLOSE_NOT_NEAR_OR_BELOW_LOWER_BB
2026-09-19T07:17:15.575218+00:00,SIE_OLD_MR_REGIME_EXHAUSTION_CONFIRM_V1,XRP,XRPUSDT,strategy-lab-v1.0.0:SIE_OLD_MR_REGIME_EXHAUSTION_CONFIRM_V1,1789786800000,2026-09-19T03:00:00+00:00,1.413,1.4206,1.4035,1.4177,70.6560922855083,1.38041,1.3157840330826687,1.350504,0.019371428571428564,0.013663982909944673,76.26822157434404,1.25,False,RSI_NOT_BELOW_32|CLOSE_NOT_NEAR_OR_BELOW_LOWER_BB|RSI_RECOVERY_NOT_CONFIRMED
2026-09-19T07:17:15.575218+00:00,SIE_OLD_MR_REGIME_EXHAUSTION_CONFIRM_V1,XRP,XRPUSDT,strategy-lab-v1.0.0:SIE_OLD_MR_REGIME_EXHAUSTION_CONFIRM_V1,1789790400000,2026-09-19T04:00:00+00:00,1.4177,1.4266,1.4075,1.4142,57.04567541302233,1.38432,1.3214768110293567,1.3508085,0.017750000000000012,0.012551265733276773,70.6560922855083,1.2499999999999938,False,PLANNED_REWARD_TOO_LOW|RSI_NOT_BELOW_32|CLOSE_NOT_NEAR_OR_BELOW_LOWER_BB|RSI_RECOVERY_NOT_CONFIRMED
2026-09-19T07:17:15.575218+00:00,SIE_OLD_MR_REGIME_EXHAUSTION_CONFIRM_V1,XRP,XRPUSDT,strategy-lab-v1.0.0:SIE_OLD_MR_REGIME_EXHAUSTION_CONFIRM_V1,1789794000000,2026-09-19T05:00:00+00:00,1.4144,1.4384,1.4133,1.4263,70.94188376753496,1.3889200000000002,1.327955334824179,1.3511825000000002,0.017342857142857153,0.012159333340010625,57.04567541302233,1.250000000000003,False,RSI_NOT_BELOW_32|CLOSE_NOT_NEAR_OR_BELOW_LOWER_BB
2026-09-19T07:17:15.575218+00:00,SIE_OLD_MR_REGIME_EXHAUSTION_CONFIRM_V1,XRP,XRPUSDT,strategy-lab-v1.0.0:SIE_OLD_MR_REGIME_EXHAUSTION_CONFIRM_V1,1789797600000,2026-09-19T06:00:00+00:00,1.4268,1.4294,1.4153,1.421,70.30784508440911,1.39344,1.3372212344496965,1.351576,0.01717857142857144,0.012089072082034791,70.94188376753496,1.25,False,RSI_NOT_BELOW_32|CLOSE_NOT_NEAR_OR_BELOW_LOWER_BB|RSI_RECOVERY_NOT_CONFIRMED
2026-09-19T07:17:15.575218+00:00,SIE_OLD_MR_REGIME_EXHAUSTION_CONFIRM_V1,XRP,XRPUSDT,strategy-lab-v1.0.0:SIE_OLD_MR_REGIME_EXHAUSTION_CONFIRM_V1,1789801200000,2026-09-19T07:00:00+00:00,1.4211,1.4225,1.4167,1.4203,66.150442477876,1.3983349999999999,1.3514344552270448,1.3520070000000002,0.016357142857142865,0.011516681586385177,70.30784508440911,1.2500000000000033,False,RSI_NOT_BELOW_32|CLOSE_NOT_NEAR_OR_BELOW_LOWER_BB|RSI_RECOVERY_NOT_CONFIRMED
2026-09-19T07:17:15.575218+00:00,SIE_OLD_MR_REGIME_EXHAUSTION_CONFIRM_V1,DOGE,DOGEUSDT,strategy-lab-v1.0.0:SIE_OLD_MR_REGIME_EXHAUSTION_CONFIRM_V1,1789779600000,2026-09-19T01:00:00+00:00,0.0879,0.08821,0.08708,0.08801,72.38562091503273,0.0868245,0.08406860831127194,0.08333665,0.0009878571428571425,0.011224373853620526,67.08074534161496,1.2500000000000036,False,RSI_NOT_BELOW_32|CLOSE_NOT_NEAR_OR_BELOW_LOWER_BB
2026-09-19T07:17:15.575218+00:00,SIE_OLD_MR_REGIME_EXHAUSTION_CONFIRM_V1,DOGE,DOGEUSDT,strategy-lab-v1.0.0:SIE_OLD_MR_REGIME_EXHAUSTION_CONFIRM_V1,1789783200000,2026-09-19T02:00:00+00:00,0.08803,0.08886,0.08797,0.08828,73.21711568938196,0.0870335,0.0845117285987821,0.08335825,0.0010071428571428553,0.011408505404880554,72.38562091503273,1.2500000000000036,False,RSI_NOT_BELOW_32|CLOSE_NOT_NEAR_OR_BELOW_LOWER_BB
2026-09-19T07:17:15.575218+00:00,SIE_OLD_MR_REGIME_EXHAUSTION_CONFIRM_V1,DOGE,DOGEUSDT,strategy-lab-v1.0.0:SIE_OLD_MR_REGIME_EXHAUSTION_CONFIRM_V1,1789786800000,2026-09-19T03:00:00+00:00,0.08827,0.08844,0.08765,0.08802,58.42217484008531,0.0872155,0.08497646918288279,0.08337865000000001,0.0008728571428571415,0.009916577401239962,73.21711568938196,1.250000000000008,False,RSI_NOT_BELOW_32|CLOSE_NOT_NEAR_OR_BELOW_LOWER_BB|RSI_RECOVERY_NOT_CONFIRMED
2026-09-19T07:17:15.575218+00:00,SIE_OLD_MR_REGIME_EXHAUSTION_CONFIRM_V1,DOGE,DOGEUSDT,strategy-lab-v1.0.0:SIE_OLD_MR_REGIME_EXHAUSTION_CONFIRM_V1,1789790400000,2026-09-19T04:00:00+00:00,0.08804,0.08836,0.08715,0.08741,43.61233480176213,0.08734549999999999,0.0853971830340007,0.08339495000000001,0.0008542857142857122,0.009773317861637251,58.42217484008531,1.249999999999996,False,PLANNED_REWARD_TOO_LOW|RSI_NOT_BELOW_32|CLOSE_NOT_NEAR_OR_BELOW_LOWER_BB|RSI_RECOVERY_NOT_CONFIRMED
2026-09-19T07:17:15.575218+00:00,SIE_OLD_MR_REGIME_EXHAUSTION_CONFIRM_V1,DOGE,DOGEUSDT,strategy-lab-v1.0.0:SIE_OLD_MR_REGIME_EXHAUSTION_CONFIRM_V1,1789794000000,2026-09-19T05:00:00+00:00,0.08741,0.08793,0.08734,0.08747,50.122850122850245,0.08743500000000001,0.08564273327877776,0.08341190000000001,0.0008071428571428545,0.009227653562854172,43.61233480176213,1.2499999999999958,False,PLANNED_REWARD_TOO_LOW|RSI_NOT_BELOW_32|CLOSE_NOT_NEAR_OR_BELOW_LOWER_BB
2026-09-19T07:17:15.575218+00:00,SIE_OLD_MR_REGIME_EXHAUSTION_CONFIRM_V1,DOGE,DOGEUSDT,strategy-lab-v1.0.0:SIE_OLD_MR_REGIME_EXHAUSTION_CONFIRM_V1,1789797600000,2026-09-19T06:00:00+00:00,0.0874,0.08748,0.08676,0.08709,42.61904761904766,0.0875045,0.08588750927646421,0.08342975000000001,0.0007899999999999981,0.009071075898495786,50.122850122850245,1.2500000000000044,False,RSI_NOT_BELOW_32|CLOSE_NOT_NEAR_OR_BELOW_LOWER_BB|RSI_RECOVERY_NOT_CONFIRMED
2026-09-19T07:17:15.575218+00:00,SIE_OLD_MR_REGIME_EXHAUSTION_CONFIRM_V1,DOGE,DOGEUSDT,strategy-lab-v1.0.0:SIE_OLD_MR_REGIME_EXHAUSTION_CONFIRM_V1,1789801200000,2026-09-19T07:00:00+00:00,0.08709,0.08726,0.08702,0.08721,45.4761904761904,0.0876015,0.08633826170102356,0.0834516,0.000768571428571426,0.008812881877897328,42.61904761904766,1.250000000000009,False,RSI_NOT_BELOW_32|CLOSE_NOT_NEAR_OR_BELOW_LOWER_BB
2026-09-19T07:17:15.575218+00:00,SIE_OLD_MR_REGIME_EXHAUSTION_CONFIRM_V1,BNB,BNBUSDT,strategy-lab-v1.0.0:SIE_OLD_MR_REGIME_EXHAUSTION_CONFIRM_V1,1789779600000,2026-09-19T01:00:00+00:00,764.16,764.16,759.41,762.13,66.7679837892604,758.118,746.6979323994882,726.24235,5.398571428571431,0.007083530931168477,64.44987775061131,1.2499999999999947,False,PLANNED_REWARD_TOO_LOW|RSI_NOT_BELOW_32|CLOSE_NOT_NEAR_OR_BELOW_LOWER_BB|RSI_RECOVERY_NOT_CONFIRMED
2026-09-19T07:17:15.575218+00:00,SIE_OLD_MR_REGIME_EXHAUSTION_CONFIRM_V1,BNB,BNBUSDT,strategy-lab-v1.0.0:SIE_OLD_MR_REGIME_EXHAUSTION_CONFIRM_V1,1789783200000,2026-09-19T02:00:00+00:00,762.19,764.36,761.26,761.66,71.30105490938598,758.4805,747.0940335156045,726.4819,5.297857142857148,0.006955672009633101,66.7679837892604,1.2499999999999947,False,PLANNED_REWARD_TOO_LOW|RSI_NOT_BELOW_32|CLOSE_NOT_NEAR_OR_BELOW_LOWER_BB|RSI_RECOVERY_NOT_CONFIRMED
2026-09-19T07:17:15.575218+00:00,SIE_OLD_MR_REGIME_EXHAUSTION_CONFIRM_V1,BNB,BNBUSDT,strategy-lab-v1.0.0:SIE_OLD_MR_REGIME_EXHAUSTION_CONFIRM_V1,1789786800000,2026-09-19T03:00:00+00:00,761.34,762.48,758.54,759.54,53.025830258302555,758.8275,747.7605024396738,726.7091,4.40571428571429,0.005800503312155108,71.30105490938598,1.2499999999999871,False,PLANNED_REWARD_TOO_LOW|RSI_NOT_BELOW_32|CLOSE_NOT_NEAR_OR_BELOW_LOWER_BB|RSI_RECOVERY_NOT_CONFIRMED
2026-09-19T07:17:15.575218+00:00,SIE_OLD_MR_REGIME_EXHAUSTION_CONFIRM_V1,BNB,BNBUSDT,strategy-lab-v1.0.0:SIE_OLD_MR_REGIME_EXHAUSTION_CONFIRM_V1,1789790400000,2026-09-19T04:00:00+00:00,759.61,767.28,759.13,760.2,50.38971161340617,759.1270000000001,748.2535403849434,726.93625,4.552142857142859,0.005988085842071637,53.025830258302555,1.25,False,RSI_NOT_BELOW_32|CLOSE_NOT_NEAR_OR_BELOW_LOWER_BB|RSI_RECOVERY_NOT_CONFIRMED
2026-09-19T07:17:15.575218+00:00,SIE_OLD_MR_REGIME_EXHAUSTION_CONFIRM_V1,BNB,BNBUSDT,strategy-lab-v1.0.0:SIE_OLD_MR_REGIME_EXHAUSTION_CONFIRM_V1,1789794000000,2026-09-19T05:00:00+00:00,760.39,764.52,760.37,763.5,62.85824941905495,759.751,749.3897956298375,727.1832499999999,4.324285714285712,0.005663766488913834,50.38971161340617,1.249999999999987,False,PLANNED_REWARD_TOO_LOW|RSI_NOT_BELOW_32|CLOSE_NOT_NEAR_OR_BELOW_LOWER_BB
2026-09-19T07:17:15.575218+00:00,SIE_OLD_MR_REGIME_EXHAUSTION_CONFIRM_V1,BNB,BNBUSDT,strategy-lab-v1.0.0:SIE_OLD_MR_REGIME_EXHAUSTION_CONFIRM_V1,1789797600000,2026-09-19T06:00:00+00:00,763.68,764.32,756.81,761.71,56.51509361864745,760.234,750.4704014830455,727.4331,4.4950000000000045,0.005901195993225774,62.85824941905495,1.2499999999999938,False,PLANNED_REWARD_TOO_LOW|RSI_NOT_BELOW_32|CLOSE_NOT_NEAR_OR_BELOW_LOWER_BB|RSI_RECOVERY_NOT_CONFIRMED
2026-09-19T07:17:15.575218+00:00,SIE_OLD_MR_REGIME_EXHAUSTION_CONFIRM_V1,BNB,BNBUSDT,strategy-lab-v1.0.0:SIE_OLD_MR_REGIME_EXHAUSTION_CONFIRM_V1,1789801200000,2026-09-19T07:00:00+00:00,761.79,762.35,761.13,762.28,52.10437710437711,760.9035,752.618882265893,727.70135,4.2071428571428635,0.005519156815268489,56.51509361864745,1.2500000000000067,False,RSI_NOT_BELOW_32|CLOSE_NOT_NEAR_OR_BELOW_LOWER_BB|RSI_RECOVERY_NOT_CONFIRMED
2026-09-19T07:17:15.575218+00:00,SIE_OLD_MR_REGIME_EXHAUSTION_CONFIRM_V1,PAXG,PAXGUSDT,strategy-lab-v1.0.0:SIE_OLD_MR_REGIME_EXHAUSTION_CONFIRM_V1,1789779600000,2026-09-19T01:00:00+00:00,4366.12,4366.84,4361.9,4366.04,47.11280676428115,4370.978999999999,4347.024791267457,4334.50715,11.92642857142859,0.0027316352052268395,45.60790576961465,1.2500000000000382,False,RSI_NOT_BELOW_32|CLOSE_NOT_NEAR_OR_BELOW_LOWER_BB|RSI_RECOVERY_NOT_CONFIRMED
2026-09-19T07:17:15.575218+00:00,SIE_OLD_MR_REGIME_EXHAUSTION_CONFIRM_V1,PAXG,PAXGUSDT,strategy-lab-v1.0.0:SIE_OLD_MR_REGIME_EXHAUSTION_CONFIRM_V1,1789783200000,2026-09-19T02:00:00+00:00,4365.46,4367.28,4363.9,4365.91,50.313842087875614,4369.814,4347.296444715241,4334.65885,10.327142857142851,0.0023654044304950977,47.11280676428115,1.25,False,RSI_NOT_BELOW_32|CLOSE_NOT_NEAR_OR_BELOW_LOWER_BB|RSI_RECOVERY_NOT_CONFIRMED
2026-09-19T07:17:15.575218+00:00,SIE_OLD_MR_REGIME_EXHAUSTION_CONFIRM_V1,PAXG,PAXGUSDT,strategy-lab-v1.0.0:SIE_OLD_MR_REGIME_EXHAUSTION_CONFIRM_V1,1789786800000,2026-09-19T03:00:00+00:00,4365.91,4368.42,4365.76,4368.03,66.0906828863695,4368.8045,4347.927615677808,4334.8728,8.890000000000002,0.002035242431943005,50.313842087875614,1.2499999999999745,False,PLANNED_REWARD_TOO_LOW|RSI_NOT_BELOW_32|CLOSE_NOT_NEAR_OR_BELOW_LOWER_BB
2026-09-19T07:17:15.575218+00:00,SIE_OLD_MR_REGIME_EXHAUSTION_CONFIRM_V1,PAXG,PAXGUSDT,strategy-lab-v1.0.0:SIE_OLD_MR_REGIME_EXHAUSTION_CONFIRM_V1,1789790400000,2026-09-19T04:00:00+00:00,4368.15,4369.18,4367.66,4369.05,64.44927536231883,4367.8865,4348.8273150488485,4335.09765,7.932857142857172,0.0018156938334093617,66.0906828863695,1.2499999999999714,False,PLANNED_REWARD_TOO_LOW|RSI_NOT_BELOW_32|CLOSE_NOT_NEAR_OR_BELOW_LOWER_BB|RSI_RECOVERY_NOT_CONFIRMED
2026-09-19T07:17:15.575218+00:00,SIE_OLD_MR_REGIME_EXHAUSTION_CONFIRM_V1,PAXG,PAXGUSDT,strategy-lab-v1.0.0:SIE_OLD_MR_REGIME_EXHAUSTION_CONFIRM_V1,1789794000000,2026-09-19T05:00:00+00:00,4369.04,4369.04,4365.52,4366.18,60.85155022146032,4367.689,4348.645043583274,4335.3071,7.52214285714282,0.0017228201441861811,64.44927536231883,1.2499999999999698,False,PLANNED_REWARD_TOO_LOW|RSI_NOT_BELOW_32|CLOSE_NOT_NEAR_OR_BELOW_LOWER_BB|RSI_RECOVERY_NOT_CONFIRMED
2026-09-19T07:17:15.575218+00:00,SIE_OLD_MR_REGIME_EXHAUSTION_CONFIRM_V1,PAXG,PAXGUSDT,strategy-lab-v1.0.0:SIE_OLD_MR_REGIME_EXHAUSTION_CONFIRM_V1,1789797600000,2026-09-19T06:00:00+00:00,4365.64,4366.74,4362.34,4363.47,34.57192524989199,4367.117,4348.288963352432,4335.5086,5.917857142857104,0.0013562273014039521,60.85155022146032,1.2499999999999616,False,PLANNED_REWARD_TOO_LOW|RSI_NOT_BELOW_32|CLOSE_NOT_NEAR_OR_BELOW_LOWER_BB|RSI_RECOVERY_NOT_CONFIRMED
2026-09-19T07:17:15.575218+00:00,SIE_OLD_MR_REGIME_EXHAUSTION_CONFIRM_V1,PAXG,PAXGUSDT,strategy-lab-v1.0.0:SIE_OLD_MR_REGIME_EXHAUSTION_CONFIRM_V1,1789801200000,2026-09-19T07:00:00+00:00,4363.47,4364.65,4363.28,4363.28,19.8412698412712,4366.6990000000005,4347.920046993984,4335.715200000001,5.059285714285709,0.0011595143365279582,34.57192524989199,1.25000000000009,False,CLOSE_NOT_NEAR_OR_BELOW_LOWER_BB|RSI_RECOVERY_NOT_CONFIRMED
2026-09-19T12:27:54.502896+00:00,SIE_OLD_MR_REGIME_EXHAUSTION_CONFIRM_V1,BTC,BTCUSDT,strategy-lab-v1.0.0:SIE_OLD_MR_REGIME_EXHAUSTION_CONFIRM_V1,1789804800000,2026-09-19T08:00:00+00:00,81073.15,81385.55,81039.0,81297.65,57.15861239221977,81031.12700000001,80416.9816570649,77415.53964999999,353.52214285714166,0.00434849153520602,51.61078534761849,1.25,False,RSI_NOT_BELOW_32|CLOSE_NOT_NEAR_OR_BELOW_LOWER_BB
2026-09-19T12:27:54.502896+00:00,SIE_OLD_MR_REGIME_EXHAUSTION_CONFIRM_V1,BTC,BTCUSDT,strategy-lab-v1.0.0:SIE_OLD_MR_REGIME_EXHAUSTION_CONFIRM_V1,1789808400000,2026-09-19T09:00:00+00:00,81297.66,81499.81,81219.01,81298.84,52.263752884206276,81094.96650000001,80680.76926812134,77437.28835,337.6142857142851,0.004152756493380288,57.15861239221977,1.25,False,RSI_NOT_BELOW_32|CLOSE_NOT_NEAR_OR_BELOW_LOWER_BB|RSI_RECOVERY_NOT_CONFIRMED
2026-09-19T12:27:54.502896+00:00,SIE_OLD_MR_REGIME_EXHAUSTION_CONFIRM_V1,BTC,BTCUSDT,strategy-lab-v1.0.0:SIE_OLD_MR_REGIME_EXHAUSTION_CONFIRM_V1,1789812000000,2026-09-19T10:00:00+00:00,81298.84,81308.96,81165.11,81189.6,51.9122184807242,81108.9985,80702.00565601382,77459.168,325.88142857142833,0.004013832172734295,52.263752884206276,1.249999999999989,False,PLANNED_REWARD_TOO_LOW|RSI_NOT_BELOW_32|CLOSE_NOT_NEAR_OR_BELOW_LOWER_BB|RSI_RECOVERY_NOT_CONFIRMED
2026-09-19T12:27:54.502896+00:00,SIE_OLD_MR_REGIME_EXHAUSTION_CONFIRM_V1,BTC,BTCUSDT,strategy-lab-v1.0.0:SIE_OLD_MR_REGIME_EXHAUSTION_CONFIRM_V1,1789815600000,2026-09-19T11:00:00+00:00,81189.6,81350.0,81175.12,81280.0,51.2170411741785,81137.9675,80770.84345289876,77481.2363,323.0978571428568,0.003975121273903258,51.9122184807242,1.25,False,RSI_NOT_BELOW_32|CLOSE_NOT_NEAR_OR_BELOW_LOWER_BB|RSI_RECOVERY_NOT_CONFIRMED
2026-09-19T12:27:54.502896+00:00,SIE_OLD_MR_REGIME_EXHAUSTION_CONFIRM_V1,BTC,BTCUSDT,strategy-lab-v1.0.0:SIE_OLD_MR_REGIME_EXHAUSTION_CONFIRM_V1,1789819200000,2026-09-19T12:00:00+00:00,81280.0,81342.15,81188.01,81251.46,52.62394626215,81159.3375,80819.01135619084,77502.06360000001,312.5228571428566,0.003846366048596008,51.2170411741785,1.2499999999999885,False,PLANNED_REWARD_TOO_LOW|RSI_NOT_BELOW_32|CLOSE_NOT_NEAR_OR_BELOW_LOWER_BB|RSI_RECOVERY_NOT_CONFIRMED
2026-09-19T12:27:54.502896+00:00,SIE_OLD_MR_REGIME_EXHAUSTION_CONFIRM_V1,SOL,SOLUSDT,strategy-lab-v1.0.0:SIE_OLD_MR_REGIME_EXHAUSTION_CONFIRM_V1,1789804800000,2026-09-19T08:00:00+00:00,111.56,112.42,111.46,112.2,50.392670157068075,112.354,109.8135165814353,101.9104,1.116428571428571,0.009950343773873183,43.08724832214763,1.25,False,RSI_NOT_BELOW_32|CLOSE_NOT_NEAR_OR_BELOW_LOWER_BB
2026-09-19T12:27:54.502896+00:00,SIE_OLD_MR_REGIME_EXHAUSTION_CONFIRM_V1,SOL,SOLUSDT,strategy-lab-v1.0.0:SIE_OLD_MR_REGIME_EXHAUSTION_CONFIRM_V1,1789808400000,2026-09-19T09:00:00+00:00,112.22,112.44,111.4,111.79,29.648241206030164,112.51999999999998,110.67870697606212,101.97229999999999,1.0335714285714275,0.009245651923887892,50.392670157068075,1.2499999999999967,False,PLANNED_REWARD_TOO_LOW|CLOSE_NOT_NEAR_OR_BELOW_LOWER_BB|RSI_RECOVERY_NOT_CONFIRMED
2026-09-19T12:27:54.502896+00:00,SIE_OLD_MR_REGIME_EXHAUSTION_CONFIRM_V1,SOL,SOLUSDT,strategy-lab-v1.0.0:SIE_OLD_MR_REGIME_EXHAUSTION_CONFIRM_V1,1789812000000,2026-09-19T10:00:00+00:00,111.79,112.1,111.57,111.58,32.35831809872022,112.56300000000002,110.85663427132334,102.03380000000001,0.990714285714285,0.008878959362917055,29.648241206030164,1.249999999999993,False,PLANNED_REWARD_TOO_LOW|RSI_NOT_BELOW_32|CLOSE_NOT_NEAR_OR_BELOW_LOWER_BB|RSI_RECOVERY_NOT_CONFIRMED
2026-09-19T12:27:54.502896+00:00,SIE_OLD_MR_REGIME_EXHAUSTION_CONFIRM_V1,SOL,SOLUSDT,strategy-lab-v1.0.0:SIE_OLD_MR_REGIME_EXHAUSTION_CONFIRM_V1,1789815600000,2026-09-19T11:00:00+00:00,111.58,112.03,111.55,111.85,37.77777777777769,112.6,110.99200746270317,102.09665000000001,0.9721428571428561,0.008691487323583873,32.35831809872022,1.2499999999999964,False,PLANNED_REWARD_TOO_LOW|RSI_NOT_BELOW_32|CLOSE_NOT_NEAR_OR_BELOW_LOWER_BB
2026-09-19T12:27:54.502896+00:00,SIE_OLD_MR_REGIME_EXHAUSTION_CONFIRM_V1,SOL,SOLUSDT,strategy-lab-v1.0.0:SIE_OLD_MR_REGIME_EXHAUSTION_CONFIRM_V1,1789819200000,2026-09-19T12:00:00+00:00,111.85,112.0,111.58,111.67,36.559139784946204,112.5995,110.9903576818683,102.15679999999999,0.9435714285714271,0.008449641162097492,37.77777777777769,1.25,False,RSI_NOT_BELOW_32|CLOSE_NOT_NEAR_OR_BELOW_LOWER_BB|RSI_RECOVERY_NOT_CONFIRMED
2026-09-19T12:27:54.502896+00:00,SIE_OLD_MR_REGIME_EXHAUSTION_CONFIRM_V1,XRP,XRPUSDT,strategy-lab-v1.0.0:SIE_OLD_MR_REGIME_EXHAUSTION_CONFIRM_V1,1789804800000,2026-09-19T08:00:00+00:00,1.4102,1.4216,1.4081,1.4145,64.24302788844626,1.4023949999999998,1.371175168161888,1.3523190000000003,0.0172857142857143,0.012220370650911487,59.26660059464812,1.25,False,RSI_NOT_BELOW_32|CLOSE_NOT_NEAR_OR_BELOW_LOWER_BB
2026-09-19T12:27:54.502896+00:00,SIE_OLD_MR_REGIME_EXHAUSTION_CONFIRM_V1,XRP,XRPUSDT,strategy-lab-v1.0.0:SIE_OLD_MR_REGIME_EXHAUSTION_CONFIRM_V1,1789808400000,2026-09-19T09:00:00+00:00,1.4143,1.4175,1.4082,1.4129,50.657894736842174,1.40502,1.380191178038417,1.352655,0.016021428571428582,0.011339393142776263,64.24302788844626,1.2499999999999964,False,PLANNED_REWARD_TOO_LOW|RSI_NOT_BELOW_32|CLOSE_NOT_NEAR_OR_BELOW_LOWER_BB|RSI_RECOVERY_NOT_CONFIRMED
2026-09-19T12:27:54.502896+00:00,SIE_OLD_MR_REGIME_EXHAUSTION_CONFIRM_V1,XRP,XRPUSDT,strategy-lab-v1.0.0:SIE_OLD_MR_REGIME_EXHAUSTION_CONFIRM_V1,1789812000000,2026-09-19T10:00:00+00:00,1.413,1.4235,1.4108,1.4176,60.50420168067215,1.405915,1.3806314658324834,1.3530315,0.015764285714285706,0.011120404708158654,50.657894736842174,1.2500000000000036,False,RSI_NOT_BELOW_32|CLOSE_NOT_NEAR_OR_BELOW_LOWER_BB
2026-09-19T12:27:54.502896+00:00,SIE_OLD_MR_REGIME_EXHAUSTION_CONFIRM_V1,XRP,XRPUSDT,strategy-lab-v1.0.0:SIE_OLD_MR_REGIME_EXHAUSTION_CONFIRM_V1,1789815600000,2026-09-19T11:00:00+00:00,1.4175,1.4381,1.4175,1.4338,69.23076923076911,1.40838,1.3823272381502463,1.353488,0.016442857142857124,0.01146802702110275,60.50420168067215,1.2500000000000067,False,RSI_NOT_BELOW_32|CLOSE_NOT_NEAR_OR_BELOW_LOWER_BB
2026-09-19T12:27:54.502896+00:00,SIE_OLD_MR_REGIME_EXHAUSTION_CONFIRM_V1,XRP,XRPUSDT,strategy-lab-v1.0.0:SIE_OLD_MR_REGIME_EXHAUSTION_CONFIRM_V1,1789819200000,2026-09-19T12:00:00+00:00,1.4337,1.438,1.4272,1.4279,66.81664791901011,1.4107699999999999,1.3868502926439308,1.3538879999999998,0.016292857142857126,0.011410362870549147,69.23076923076911,1.25,False,RSI_NOT_BELOW_32|CLOSE_NOT_NEAR_OR_BELOW_LOWER_BB|RSI_RECOVERY_NOT_CONFIRMED
2026-09-19T12:27:54.502896+00:00,SIE_OLD_MR_REGIME_EXHAUSTION_CONFIRM_V1,DOGE,DOGEUSDT,strategy-lab-v1.0.0:SIE_OLD_MR_REGIME_EXHAUSTION_CONFIRM_V1,1789804800000,2026-09-19T08:00:00+00:00,0.08671,0.08762,0.0865,0.0873,49.593495934959364,0.087671,0.08681590000584673,0.08346815000000002,0.0008557142857142841,0.009801996399934525,39.601769911504455,1.250000000000004,False,RSI_NOT_BELOW_32|CLOSE_NOT_NEAR_OR_BELOW_LOWER_BB
2026-09-19T12:27:54.502896+00:00,SIE_OLD_MR_REGIME_EXHAUSTION_CONFIRM_V1,DOGE,DOGEUSDT,strategy-lab-v1.0.0:SIE_OLD_MR_REGIME_EXHAUSTION_CONFIRM_V1,1789808400000,2026-09-19T09:00:00+00:00,0.08724,0.08745,0.0868,0.08722,41.41876430205946,0.08767050000000001,0.08681435807251314,0.08348654999999999,0.000845714285714284,0.009696334392504974,49.593495934959364,1.25,False,RSI_NOT_BELOW_32|CLOSE_NOT_NEAR_OR_BELOW_LOWER_BB|RSI_RECOVERY_NOT_CONFIRMED
2026-09-19T12:27:54.502896+00:00,SIE_OLD_MR_REGIME_EXHAUSTION_CONFIRM_V1,DOGE,DOGEUSDT,strategy-lab-v1.0.0:SIE_OLD_MR_REGIME_EXHAUSTION_CONFIRM_V1,1789812000000,2026-09-19T10:00:00+00:00,0.08726,0.08804,0.08715,0.0876,42.600896860986424,0.087651,0.0868071777438341,0.08350735000000001,0.0008542857142857122,0.009752120026092605,41.41876430205946,1.249999999999996,False,PLANNED_REWARD_TOO_LOW|RSI_NOT_BELOW_32|CLOSE_NOT_NEAR_OR_BELOW_LOWER_BB
2026-09-19T12:27:54.502896+00:00,SIE_OLD_MR_REGIME_EXHAUSTION_CONFIRM_V1,DOGE,DOGEUSDT,strategy-lab-v1.0.0:SIE_OLD_MR_REGIME_EXHAUSTION_CONFIRM_V1,1789815600000,2026-09-19T11:00:00+00:00,0.08764,0.08845,0.08764,0.08837,51.844660194174864,0.08769650000000001,0.08680215610641044,0.08353069999999999,0.0008728571428571405,0.009877301605263556,42.600896860986424,1.249999999999992,False,PLANNED_REWARD_TOO_LOW|RSI_NOT_BELOW_32|CLOSE_NOT_NEAR_OR_BELOW_LOWER_BB
2026-09-19T12:27:54.502896+00:00,SIE_OLD_MR_REGIME_EXHAUSTION_CONFIRM_V1,DOGE,DOGEUSDT,strategy-lab-v1.0.0:SIE_OLD_MR_REGIME_EXHAUSTION_CONFIRM_V1,1789819200000,2026-09-19T12:00:00+00:00,0.08841,0.08862,0.08807,0.08828,51.84466019417473,0.087725,0.08679512904121003,0.0835519,0.0008642857142857123,0.009790277687876216,51.844660194174864,1.25,False,RSI_NOT_BELOW_32|CLOSE_NOT_NEAR_OR_BELOW_LOWER_BB|RSI_RECOVERY_NOT_CONFIRMED
2026-09-19T12:27:54.502896+00:00,SIE_OLD_MR_REGIME_EXHAUSTION_CONFIRM_V1,BNB,BNBUSDT,strategy-lab-v1.0.0:SIE_OLD_MR_REGIME_EXHAUSTION_CONFIRM_V1,1789804800000,2026-09-19T08:00:00+00:00,760.8,766.96,760.08,765.85,52.89382905327709,761.8265,756.8482542245976,727.9561500000001,4.472142857142866,0.00583945009746408,49.00414937759333,1.25,False,RSI_NOT_BELOW_32|CLOSE_NOT_NEAR_OR_BELOW_LOWER_BB
2026-09-19T12:27:54.502896+00:00,SIE_OLD_MR_REGIME_EXHAUSTION_CONFIRM_V1,BNB,BNBUSDT,strategy-lab-v1.0.0:SIE_OLD_MR_REGIME_EXHAUSTION_CONFIRM_V1,1789808400000,2026-09-19T09:00:00+00:00,765.98,769.68,764.33,766.56,50.977263661746896,762.2595,757.2166140206906,728.2241500000001,4.554285714285721,0.005941199272445369,52.89382905327709,1.2500000000000124,False,RSI_NOT_BELOW_32|CLOSE_NOT_NEAR_OR_BELOW_LOWER_BB|RSI_RECOVERY_NOT_CONFIRMED
2026-09-19T12:27:54.502896+00:00,SIE_OLD_MR_REGIME_EXHAUSTION_CONFIRM_V1,BNB,BNBUSDT,strategy-lab-v1.0.0:SIE_OLD_MR_REGIME_EXHAUSTION_CONFIRM_V1,1789812000000,2026-09-19T10:00:00+00:00,766.32,767.48,764.89,764.98,53.13929313929313,762.5085,757.4447216675376,728.4957,4.500714285714301,0.005883440463429503,50.977263661746896,1.2500000000000062,False,RSI_NOT_BELOW_32|CLOSE_NOT_NEAR_OR_BELOW_LOWER_BB|RSI_RECOVERY_NOT_CONFIRMED
2026-09-19T12:27:54.502896+00:00,SIE_OLD_MR_REGIME_EXHAUSTION_CONFIRM_V1,BNB,BNBUSDT,strategy-lab-v1.0.0:SIE_OLD_MR_REGIME_EXHAUSTION_CONFIRM_V1,1789815600000,2026-09-19T11:00:00+00:00,764.88,767.99,764.56,767.65,57.439577039274845,763.048,758.2123507157446,728.7740000000001,4.619285714285728,0.006017437262145155,53.13929313929313,1.2500000000000122,False,RSI_NOT_BELOW_32|CLOSE_NOT_NEAR_OR_BELOW_LOWER_BB
2026-09-19T12:27:54.502896+00:00,SIE_OLD_MR_REGIME_EXHAUSTION_CONFIRM_V1,BNB,BNBUSDT,strategy-lab-v1.0.0:SIE_OLD_MR_REGIME_EXHAUSTION_CONFIRM_V1,1789819200000,2026-09-19T12:00:00+00:00,767.45,768.72,766.92,768.72,58.65737344093915,763.5690000000001,758.6472771308897,729.0357,4.532142857142877,0.005895700459390776,57.439577039274845,1.25,False,RSI_NOT_BELOW_32|CLOSE_NOT_NEAR_OR_BELOW_LOWER_BB
2026-09-19T12:27:54.502896+00:00,SIE_OLD_MR_REGIME_EXHAUSTION_CONFIRM_V1,PAXG,PAXGUSDT,strategy-lab-v1.0.0:SIE_OLD_MR_REGIME_EXHAUSTION_CONFIRM_V1,1789804800000,2026-09-19T08:00:00+00:00,4363.31,4364.25,4362.12,4362.61,28.04786836200526,4366.546,4347.677954632179,4335.83415,4.317142857142828,0.000989577995086159,19.669551534226414,1.2500000000000526,False,CLOSE_NOT_NEAR_OR_BELOW_LOWER_BB|RSI_RECOVERY_NOT_CONFIRMED
2026-09-19T12:27:54.502896+00:00,SIE_OLD_MR_REGIME_EXHAUSTION_CONFIRM_V1,PAXG,PAXGUSDT,strategy-lab-v1.0.0:SIE_OLD_MR_REGIME_EXHAUSTION_CONFIRM_V1,1789808400000,2026-09-19T09:00:00+00:00,4364.02,4365.77,4362.23,4364.22,37.78515138946737,4367.5195,4351.448368770301,4335.970899999999,3.8035714285714284,0.0008715352178788943,28.04786836200526,1.2500000000000597,False,RSI_NOT_BELOW_32|CLOSE_NOT_NEAR_OR_BELOW_LOWER_BB
2026-09-19T12:27:54.502896+00:00,SIE_OLD_MR_REGIME_EXHAUSTION_CONFIRM_V1,PAXG,PAXGUSDT,strategy-lab-v1.0.0:SIE_OLD_MR_REGIME_EXHAUSTION_CONFIRM_V1,1789812000000,2026-09-19T10:00:00+00:00,4362.88,4366.2,4362.88,4364.53,37.39565943238836,4368.2905,4354.509753322036,4336.14595,3.5621428571428493,0.0008161572625558421,37.78515138946737,1.25,False,RSI_NOT_BELOW_32|CLOSE_NOT_NEAR_OR_BELOW_LOWER_BB|RSI_RECOVERY_NOT_CONFIRMED
2026-09-19T12:27:54.502896+00:00,SIE_OLD_MR_REGIME_EXHAUSTION_CONFIRM_V1,PAXG,PAXGUSDT,strategy-lab-v1.0.0:SIE_OLD_MR_REGIME_EXHAUSTION_CONFIRM_V1,1789815600000,2026-09-19T11:00:00+00:00,4363.16,4366.32,4363.16,4364.78,29.709465791942222,4368.98,4357.551500535843,4336.4087,3.5135714285714648,0.0008049824798893564,37.39565943238836,1.25,False,CLOSE_NOT_NEAR_OR_BELOW_LOWER_BB|RSI_RECOVERY_NOT_CONFIRMED
2026-09-19T12:27:54.502896+00:00,SIE_OLD_MR_REGIME_EXHAUSTION_CONFIRM_V1,PAXG,PAXGUSDT,strategy-lab-v1.0.0:SIE_OLD_MR_REGIME_EXHAUSTION_CONFIRM_V1,1789819200000,2026-09-19T12:00:00+00:00,4366.03,4366.57,4364.87,4366.57,32.12669683257897,4368.425,4357.680843448544,4336.549849999999,3.422857142857148,0.0007838777674140454,29.709465791942222,1.25,False,RSI_NOT_BELOW_32|CLOSE_NOT_NEAR_OR_BELOW_LOWER_BB
2026-09-19T17:12:43.192028+00:00,SIE_OLD_MR_REGIME_EXHAUSTION_CONFIRM_V1,BTC,BTCUSDT,strategy-lab-v1.0.0:SIE_OLD_MR_REGIME_EXHAUSTION_CONFIRM_V1,1789822800000,2026-09-19T13:00:00+00:00,81309.99,81335.99,81145.88,81323.5,61.1865539846146,81178.70700000001,80836.46744914558,77522.84735,301.4235714285699,0.0037064756365450323,53.92326842713613,1.25,False,RSI_NOT_BELOW_32|CLOSE_NOT_NEAR_OR_BELOW_LOWER_BB
2026-09-19T17:12:43.192028+00:00,SIE_OLD_MR_REGIME_EXHAUSTION_CONFIRM_V1,BTC,BTCUSDT,strategy-lab-v1.0.0:SIE_OLD_MR_REGIME_EXHAUSTION_CONFIRM_V1,1789826400000,2026-09-19T14:00:00+00:00,81324.88,81606.0,81305.92,81554.89,46.465556985281545,81210.133,80851.3218047328,77544.29625000001,263.0349999999983,0.003225251116150096,61.1865539846146,1.2499999999999722,False,PLANNED_REWARD_TOO_LOW|RSI_NOT_BELOW_32|CLOSE_NOT_NEAR_OR_BELOW_LOWER_BB|RSI_RECOVERY_NOT_CONFIRMED
2026-09-19T17:12:43.192028+00:00,SIE_OLD_MR_REGIME_EXHAUSTION_CONFIRM_V1,BTC,BTCUSDT,strategy-lab-v1.0.0:SIE_OLD_MR_REGIME_EXHAUSTION_CONFIRM_V1,1789830000000,2026-09-19T15:00:00+00:00,81554.89,81925.0,81531.4,81626.45,66.10811624222166,81231.78199999999,80829.93726029435,77566.43085,241.86285714285623,0.0029630451543936585,46.465556985281545,1.250000000000015,False,RSI_NOT_BELOW_32|CLOSE_NOT_NEAR_OR_BELOW_LOWER_BB
2026-09-19T17:12:43.192028+00:00,SIE_OLD_MR_REGIME_EXHAUSTION_CONFIRM_V1,BTC,BTCUSDT,strategy-lab-v1.0.0:SIE_OLD_MR_REGIME_EXHAUSTION_CONFIRM_V1,1789833600000,2026-09-19T16:00:00+00:00,81626.45,81889.17,81441.37,81813.35,70.61685570887028,81267.45,80797.81097755283,77588.81225,259.6392857142855,0.003173556463759099,66.10811624222166,1.249999999999972,False,PLANNED_REWARD_TOO_LOW|RSI_NOT_BELOW_32|CLOSE_NOT_NEAR_OR_BELOW_LOWER_BB
2026-09-19T17:12:43.192028+00:00,SIE_OLD_MR_REGIME_EXHAUSTION_CONFIRM_V1,BTC,BTCUSDT,strategy-lab-v1.0.0:SIE_OLD_MR_REGIME_EXHAUSTION_CONFIRM_V1,1789837200000,2026-09-19T17:00:00+00:00,81813.35,81829.76,81742.5,81742.5,76.49679940144722,81293.386,80780.91825102338,77612.49495000001,245.37142857142837,0.0030017607556831315,70.61685570887028,1.2499999999999851,False,PLANNED_REWARD_TOO_LOW|RSI_NOT_BELOW_32|CLOSE_NOT_NEAR_OR_BELOW_LOWER_BB|RSI_RECOVERY_NOT_CONFIRMED
2026-09-19T17:12:43.192028+00:00,SIE_OLD_MR_REGIME_EXHAUSTION_CONFIRM_V1,SOL,SOLUSDT,strategy-lab-v1.0.0:SIE_OLD_MR_REGIME_EXHAUSTION_CONFIRM_V1,1789822800000,2026-09-19T13:00:00+00:00,111.74,111.8,111.25,111.58,39.23076923076916,112.55250000000001,110.89017782905893,102.2157,0.913571428571427,0.008187591222185223,37.0235934664246,1.2500000000000078,False,RSI_NOT_BELOW_32|CLOSE_NOT_NEAR_OR_BELOW_LOWER_BB|RSI_RECOVERY_NOT_CONFIRMED
2026-09-19T17:12:43.192028+00:00,SIE_OLD_MR_REGIME_EXHAUSTION_CONFIRM_V1,SOL,SOLUSDT,strategy-lab-v1.0.0:SIE_OLD_MR_REGIME_EXHAUSTION_CONFIRM_V1,1789826400000,2026-09-19T14:00:00+00:00,111.58,112.16,111.42,111.76,28.828828828828875,112.5335,110.84428390961895,102.2756,0.8064285714285688,0.0072157173535126054,39.23076923076916,1.25,False,CLOSE_NOT_NEAR_OR_BELOW_LOWER_BB|RSI_RECOVERY_NOT_CONFIRMED
2026-09-19T17:12:43.192028+00:00,SIE_OLD_MR_REGIME_EXHAUSTION_CONFIRM_V1,SOL,SOLUSDT,strategy-lab-v1.0.0:SIE_OLD_MR_REGIME_EXHAUSTION_CONFIRM_V1,1789830000000,2026-09-19T15:00:00+00:00,111.76,112.1,111.46,111.61,29.493087557603687,112.40299999999999,110.85799385114419,102.33505,0.7635714285714263,0.006841424859523576,28.828828828828875,1.25,False,CLOSE_NOT_NEAR_OR_BELOW_LOWER_BB|RSI_RECOVERY_NOT_CONFIRMED
2026-09-19T17:12:43.192028+00:00,SIE_OLD_MR_REGIME_EXHAUSTION_CONFIRM_V1,SOL,SOLUSDT,strategy-lab-v1.0.0:SIE_OLD_MR_REGIME_EXHAUSTION_CONFIRM_V1,1789833600000,2026-09-19T16:00:00+00:00,111.61,111.99,111.19,111.96,31.999999999999943,112.3255,110.85676619157786,102.3954,0.7842857142857126,0.0070050528249885015,29.493087557603687,1.25,False,CLOSE_NOT_NEAR_OR_BELOW_LOWER_BB
2026-09-19T17:12:43.192028+00:00,SIE_OLD_MR_REGIME_EXHAUSTION_CONFIRM_V1,SOL,SOLUSDT,strategy-lab-v1.0.0:SIE_OLD_MR_REGIME_EXHAUSTION_CONFIRM_V1,1789837200000,2026-09-19T17:00:00+00:00,111.93,112.2,111.88,112.19,38.30275229357803,112.27650000000001,110.85924525931216,102.4595,0.7578571428571418,0.006755122050602922,31.999999999999943,1.2499999999999907,False,PLANNED_REWARD_TOO_LOW|RSI_NOT_BELOW_32|CLOSE_NOT_NEAR_OR_BELOW_LOWER_BB
2026-09-19T17:12:43.192028+00:00,SIE_OLD_MR_REGIME_EXHAUSTION_CONFIRM_V1,XRP,XRPUSDT,strategy-lab-v1.0.0:SIE_OLD_MR_REGIME_EXHAUSTION_CONFIRM_V1,1789822800000,2026-09-19T13:00:00+00:00,1.4336,1.4492,1.4309,1.4369,74.14403778040145,1.41334,1.3878537370334536,1.354356,0.0171142857142857,0.011910561426881272,71.30852340936376,1.2499999999999967,False,PLANNED_REWARD_TOO_LOW|RSI_NOT_BELOW_32|CLOSE_NOT_NEAR_OR_BELOW_LOWER_BB
2026-09-19T17:12:43.192028+00:00,SIE_OLD_MR_REGIME_EXHAUSTION_CONFIRM_V1,XRP,XRPUSDT,strategy-lab-v1.0.0:SIE_OLD_MR_REGIME_EXHAUSTION_CONFIRM_V1,1789826400000,2026-09-19T14:00:00+00:00,1.4368,1.4535,1.4355,1.4379,70.0819672131147,1.41594,1.3915974939663156,1.354781,0.01657142857142857,0.01152474342543193,74.14403778040145,1.2500000000000033,False,RSI_NOT_BELOW_32|CLOSE_NOT_NEAR_OR_BELOW_LOWER_BB|RSI_RECOVERY_NOT_CONFIRMED
2026-09-19T17:12:43.192028+00:00,SIE_OLD_MR_REGIME_EXHAUSTION_CONFIRM_V1,XRP,XRPUSDT,strategy-lab-v1.0.0:SIE_OLD_MR_REGIME_EXHAUSTION_CONFIRM_V1,1789830000000,2026-09-19T15:00:00+00:00,1.4379,1.4414,1.4277,1.4304,61.91709844559581,1.416865,1.3918112757259533,1.3551784999999998,0.016021428571428582,0.011200663151166515,70.0819672131147,1.2499999999999964,False,PLANNED_REWARD_TOO_LOW|RSI_NOT_BELOW_32|CLOSE_NOT_NEAR_OR_BELOW_LOWER_BB|RSI_RECOVERY_NOT_CONFIRMED
2026-09-19T17:12:43.192028+00:00,SIE_OLD_MR_REGIME_EXHAUSTION_CONFIRM_V1,XRP,XRPUSDT,strategy-lab-v1.0.0:SIE_OLD_MR_REGIME_EXHAUSTION_CONFIRM_V1,1789833600000,2026-09-19T16:00:00+00:00,1.4305,1.4378,1.4244,1.4338,63.111668757841834,1.418425,1.393233424027069,1.3555825,0.015821428571428573,0.011034613315266128,61.91709844559581,1.2500000000000036,False,RSI_NOT_BELOW_32|CLOSE_NOT_NEAR_OR_BELOW_LOWER_BB
2026-09-19T17:12:43.192028+00:00,SIE_OLD_MR_REGIME_EXHAUSTION_CONFIRM_V1,XRP,XRPUSDT,strategy-lab-v1.0.0:SIE_OLD_MR_REGIME_EXHAUSTION_CONFIRM_V1,1789837200000,2026-09-19T17:00:00+00:00,1.4336,1.4407,1.4328,1.4396,63.56877323420073,1.4203649999999999,1.3949266608246536,1.3560755,0.01516428571428571,0.01053367999047354,63.111668757841834,1.2499999999999964,False,PLANNED_REWARD_TOO_LOW|RSI_NOT_BELOW_32|CLOSE_NOT_NEAR_OR_BELOW_LOWER_BB
2026-09-19T17:12:43.192028+00:00,SIE_OLD_MR_REGIME_EXHAUSTION_CONFIRM_V1,DOGE,DOGEUSDT,strategy-lab-v1.0.0:SIE_OLD_MR_REGIME_EXHAUSTION_CONFIRM_V1,1789822800000,2026-09-19T13:00:00+00:00,0.08895,0.08985,0.0884,0.08883,63.17829457364349,0.08782100000000001,0.08667566336826196,0.08357909999999999,0.0009435714285714246,0.010622215789388996,57.69911504424778,1.2500000000000038,False,RSI_NOT_BELOW_32|CLOSE_NOT_NEAR_OR_BELOW_LOWER_BB|RSI_RECOVERY_NOT_CONFIRMED
2026-09-19T17:12:43.192028+00:00,SIE_OLD_MR_REGIME_EXHAUSTION_CONFIRM_V1,DOGE,DOGEUSDT,strategy-lab-v1.0.0:SIE_OLD_MR_REGIME_EXHAUSTION_CONFIRM_V1,1789826400000,2026-09-19T14:00:00+00:00,0.08877,0.08985,0.08872,0.089,61.22448979591836,0.08790400000000001,0.08667275022842597,0.0836043,0.0009485714285714256,0.010658105939004783,63.17829457364349,1.2499999999999964,False,PLANNED_REWARD_TOO_LOW|RSI_NOT_BELOW_32|CLOSE_NOT_NEAR_OR_BELOW_LOWER_BB|RSI_RECOVERY_NOT_CONFIRMED
2026-09-19T17:12:43.192028+00:00,SIE_OLD_MR_REGIME_EXHAUSTION_CONFIRM_V1,DOGE,DOGEUSDT,strategy-lab-v1.0.0:SIE_OLD_MR_REGIME_EXHAUSTION_CONFIRM_V1,1789830000000,2026-09-19T15:00:00+00:00,0.08901,0.08926,0.08842,0.08891,59.221311475409905,0.087951,0.08664383665902031,0.0836299,0.000927857142857141,0.010435914327490057,61.22448979591836,1.25,False,RSI_NOT_BELOW_32|CLOSE_NOT_NEAR_OR_BELOW_LOWER_BB|RSI_RECOVERY_NOT_CONFIRMED
2026-09-19T17:12:43.192028+00:00,SIE_OLD_MR_REGIME_EXHAUSTION_CONFIRM_V1,DOGE,DOGEUSDT,strategy-lab-v1.0.0:SIE_OLD_MR_REGIME_EXHAUSTION_CONFIRM_V1,1789833600000,2026-09-19T16:00:00+00:00,0.08892,0.08971,0.08856,0.08964,62.734082397003846,0.08802,0.08652297628609255,0.08365784999999999,0.0009464285714285703,0.010558105437623498,59.221311475409905,1.25,False,RSI_NOT_BELOW_32|CLOSE_NOT_NEAR_OR_BELOW_LOWER_BB
2026-09-19T17:12:43.192028+00:00,SIE_OLD_MR_REGIME_EXHAUSTION_CONFIRM_V1,DOGE,DOGEUSDT,strategy-lab-v1.0.0:SIE_OLD_MR_REGIME_EXHAUSTION_CONFIRM_V1,1789837200000,2026-09-19T17:00:00+00:00,0.08963,0.09047,0.08946,0.09047,70.72758037225051,0.0881345,0.08629492966973228,0.08369195,0.0009621428571428559,0.010634938179980721,62.734082397003846,1.25,False,RSI_NOT_BELOW_32|CLOSE_NOT_NEAR_OR_BELOW_LOWER_BB
2026-09-19T17:12:43.192028+00:00,SIE_OLD_MR_REGIME_EXHAUSTION_CONFIRM_V1,BNB,BNBUSDT,strategy-lab-v1.0.0:SIE_OLD_MR_REGIME_EXHAUSTION_CONFIRM_V1,1789822800000,2026-09-19T13:00:00+00:00,772.95,772.95,768.37,769.44,62.52319109461969,764.1885,757.7988105709024,729.3217999999999,4.897142857142869,0.0063645545554466484,64.21086059066377,1.2499999999999885,False,PLANNED_REWARD_TOO_LOW|RSI_NOT_BELOW_32|CLOSE_NOT_NEAR_OR_BELOW_LOWER_BB|RSI_RECOVERY_NOT_CONFIRMED
2026-09-19T17:12:43.192028+00:00,SIE_OLD_MR_REGIME_EXHAUSTION_CONFIRM_V1,BNB,BNBUSDT,strategy-lab-v1.0.0:SIE_OLD_MR_REGIME_EXHAUSTION_CONFIRM_V1,1789826400000,2026-09-19T14:00:00+00:00,769.3,772.8,769.04,769.78,59.800995024875576,764.4604999999999,757.6208670419879,729.59585,4.846428571428581,0.006295861897462368,62.52319109461969,1.25,False,RSI_NOT_BELOW_32|CLOSE_NOT_NEAR_OR_BELOW_LOWER_BB|RSI_RECOVERY_NOT_CONFIRMED
2026-09-19T17:12:43.192028+00:00,SIE_OLD_MR_REGIME_EXHAUSTION_CONFIRM_V1,BNB,BNBUSDT,strategy-lab-v1.0.0:SIE_OLD_MR_REGIME_EXHAUSTION_CONFIRM_V1,1789830000000,2026-09-19T15:00:00+00:00,770.11,771.26,766.48,766.81,57.45697896749514,764.4975000000001,757.615564589062,729.86175,4.848571428571437,0.006323041468644693,59.800995024875576,1.2500000000000118,False,RSI_NOT_BELOW_32|CLOSE_NOT_NEAR_OR_BELOW_LOWER_BB|RSI_RECOVERY_NOT_CONFIRMED
2026-09-19T17:12:43.192028+00:00,SIE_OLD_MR_REGIME_EXHAUSTION_CONFIRM_V1,BNB,BNBUSDT,strategy-lab-v1.0.0:SIE_OLD_MR_REGIME_EXHAUSTION_CONFIRM_V1,1789833600000,2026-09-19T16:00:00+00:00,766.68,768.4,764.63,768.16,60.07439553626783,764.7320000000001,757.6883713896655,730.1311999999999,4.896428571428577,0.006374230071116144,57.45697896749514,1.2500000000000058,False,RSI_NOT_BELOW_32|CLOSE_NOT_NEAR_OR_BELOW_LOWER_BB
2026-09-19T17:12:43.192028+00:00,SIE_OLD_MR_REGIME_EXHAUSTION_CONFIRM_V1,BNB,BNBUSDT,strategy-lab-v1.0.0:SIE_OLD_MR_REGIME_EXHAUSTION_CONFIRM_V1,1789837200000,2026-09-19T17:00:00+00:00,767.96,768.74,767.87,768.65,64.87104146261836,764.979,757.7519732254318,730.4113000000001,4.677142857142859,0.0060848797985336095,60.07439553626783,1.25,False,RSI_NOT_BELOW_32|CLOSE_NOT_NEAR_OR_BELOW_LOWER_BB
2026-09-19T17:12:43.192028+00:00,SIE_OLD_MR_REGIME_EXHAUSTION_CONFIRM_V1,PAXG,PAXGUSDT,strategy-lab-v1.0.0:SIE_OLD_MR_REGIME_EXHAUSTION_CONFIRM_V1,1789822800000,2026-09-19T13:00:00+00:00,4366.54,4366.54,4364.71,4365.75,40.585533869117214,4367.407,4360.307326486222,4336.6274,3.0657142857142907,0.0007022193862942887,32.03443588581844,1.2499999999998517,False,PLANNED_REWARD_TOO_LOW|RSI_NOT_BELOW_32|CLOSE_NOT_NEAR_OR_BELOW_LOWER_BB|RSI_RECOVERY_NOT_CONFIRMED
2026-09-19T17:12:43.192028+00:00,SIE_OLD_MR_REGIME_EXHAUSTION_CONFIRM_V1,PAXG,PAXGUSDT,strategy-lab-v1.0.0:SIE_OLD_MR_REGIME_EXHAUSTION_CONFIRM_V1,1789826400000,2026-09-19T14:00:00+00:00,4365.8,4366.57,4363.77,4366.57,51.50130548302878,4367.018,4360.669839321328,4336.67705,2.982142857142857,0.0006829485974444146,40.585533869117214,1.2499999999998475,False,PLANNED_REWARD_TOO_LOW|RSI_NOT_BELOW_32|CLOSE_NOT_NEAR_OR_BELOW_LOWER_BB
2026-09-19T17:12:43.192028+00:00,SIE_OLD_MR_REGIME_EXHAUSTION_CONFIRM_V1,PAXG,PAXGUSDT,strategy-lab-v1.0.0:SIE_OLD_MR_REGIME_EXHAUSTION_CONFIRM_V1,1789830000000,2026-09-19T15:00:00+00:00,4366.58,4367.41,4365.03,4366.73,52.23880597014784,4366.849,4360.661157403244,4336.7628,2.7992857142856855,0.0006410484995146679,51.50130548302878,1.25,False,RSI_NOT_BELOW_32|CLOSE_NOT_NEAR_OR_BELOW_LOWER_BB
2026-09-19T17:12:43.192028+00:00,SIE_OLD_MR_REGIME_EXHAUSTION_CONFIRM_V1,PAXG,PAXGUSDT,strategy-lab-v1.0.0:SIE_OLD_MR_REGIME_EXHAUSTION_CONFIRM_V1,1789833600000,2026-09-19T16:00:00+00:00,4366.73,4367.53,4364.45,4367.53,55.03731343283521,4366.696999999999,4360.737086913197,4336.841100000001,2.7778571428571013,0.0006360247423273799,52.23880597014784,1.25,False,RSI_NOT_BELOW_32|CLOSE_NOT_NEAR_OR_BELOW_LOWER_BB
2026-09-19T17:12:43.192028+00:00,SIE_OLD_MR_REGIME_EXHAUSTION_CONFIRM_V1,PAXG,PAXGUSDT,strategy-lab-v1.0.0:SIE_OLD_MR_REGIME_EXHAUSTION_CONFIRM_V1,1789837200000,2026-09-19T17:00:00+00:00,4366.63,4366.63,4365.21,4366.49,44.86666666666709,4366.3495,4361.255140471833,4336.93725,2.7535714285713766,0.0006306143901786966,55.03731343283521,1.2500000000001652,False,RSI_NOT_BELOW_32|CLOSE_NOT_NEAR_OR_BELOW_LOWER_BB|RSI_RECOVERY_NOT_CONFIRMED
2026-09-19T20:32:52.102821+00:00,SIE_OLD_MR_REGIME_EXHAUSTION_CONFIRM_V1,BTC,BTCUSDT,strategy-lab-v1.0.0:SIE_OLD_MR_REGIME_EXHAUSTION_CONFIRM_V1,1789840800000,2026-09-19T18:00:00+00:00,81437.1,81521.99,81308.01,81412.24,64.32441123220087,81292.05350000001,80818.64240404198,77633.19595,261.510000000001,0.00321217055322395,61.00775707750507,1.250000000000014,False,RSI_NOT_BELOW_32|CLOSE_NOT_NEAR_OR_BELOW_LOWER_BB|RSI_RECOVERY_NOT_CONFIRMED
2026-09-19T20:32:52.102821+00:00,SIE_OLD_MR_REGIME_EXHAUSTION_CONFIRM_V1,BTC,BTCUSDT,strategy-lab-v1.0.0:SIE_OLD_MR_REGIME_EXHAUSTION_CONFIRM_V1,1789844400000,2026-09-19T19:00:00+00:00,81412.24,81445.33,81281.2,81345.02,60.91320060095037,81315.5525,80882.32012360114,77654.9247,263.1985714285734,0.003235583093206854,64.32441123220087,1.2500000000000275,False,RSI_NOT_BELOW_32|CLOSE_NOT_NEAR_OR_BELOW_LOWER_BB|RSI_RECOVERY_NOT_CONFIRMED
2026-09-19T20:32:52.102821+00:00,SIE_OLD_MR_REGIME_EXHAUSTION_CONFIRM_V1,BTC,BTCUSDT,strategy-lab-v1.0.0:SIE_OLD_MR_REGIME_EXHAUSTION_CONFIRM_V1,1789848000000,2026-09-19T20:00:00+00:00,81342.96,81414.01,81230.01,81239.75,56.8445534292289,81294.65900000001,80890.071175812,77671.16915,259.66785714285965,0.0031963153153826748,60.91320060095037,1.25,False,RSI_NOT_BELOW_32|CLOSE_NOT_NEAR_OR_BELOW_LOWER_BB|RSI_RECOVERY_NOT_CONFIRMED
2026-09-19T20:32:52.102821+00:00,SIE_OLD_MR_REGIME_EXHAUSTION_CONFIRM_V1,SOL,SOLUSDT,strategy-lab-v1.0.0:SIE_OLD_MR_REGIME_EXHAUSTION_CONFIRM_V1,1789840800000,2026-09-19T18:00:00+00:00,111.37,111.64,110.64,111.11,35.1219512195122,112.13250000000001,110.64892492606482,102.51520000000001,0.7849999999999986,0.0070650706507064944,30.50847457627124,1.250000000000009,False,RSI_NOT_BELOW_32|CLOSE_NOT_NEAR_OR_BELOW_LOWER_BB|RSI_RECOVERY_NOT_CONFIRMED
2026-09-19T20:32:52.102821+00:00,SIE_OLD_MR_REGIME_EXHAUSTION_CONFIRM_V1,SOL,SOLUSDT,strategy-lab-v1.0.0:SIE_OLD_MR_REGIME_EXHAUSTION_CONFIRM_V1,1789844400000,2026-09-19T19:00:00+00:00,111.11,111.57,110.73,111.14,39.72972972972967,112.0545,110.53487537529764,102.57355,0.7614285714285701,0.006851075863132716,35.1219512195122,1.2499999999999953,False,PLANNED_REWARD_TOO_LOW|RSI_NOT_BELOW_32|CLOSE_NOT_NEAR_OR_BELOW_LOWER_BB
2026-09-19T20:32:52.102821+00:00,SIE_OLD_MR_REGIME_EXHAUSTION_CONFIRM_V1,SOL,SOLUSDT,strategy-lab-v1.0.0:SIE_OLD_MR_REGIME_EXHAUSTION_CONFIRM_V1,1789848000000,2026-09-19T20:00:00+00:00,111.12,111.32,110.9,111.03,39.72972972972967,111.924,110.52818625884336,102.62045,0.7278571428571406,0.006555499800568681,39.72972972972967,1.25,False,RSI_NOT_BELOW_32|CLOSE_NOT_NEAR_OR_BELOW_LOWER_BB|RSI_RECOVERY_NOT_CONFIRMED
2026-09-19T20:32:52.102821+00:00,SIE_OLD_MR_REGIME_EXHAUSTION_CONFIRM_V1,XRP,XRPUSDT,strategy-lab-v1.0.0:SIE_OLD_MR_REGIME_EXHAUSTION_CONFIRM_V1,1789840800000,2026-09-19T18:00:00+00:00,1.4272,1.4388,1.4207,1.43,59.801488833746916,1.42135,1.399048026993111,1.3565025,0.016149999999999998,0.011293706293706293,55.89680589680592,1.2499999999999967,False,PLANNED_REWARD_TOO_LOW|RSI_NOT_BELOW_32|CLOSE_NOT_NEAR_OR_BELOW_LOWER_BB
2026-09-19T20:32:52.102821+00:00,SIE_OLD_MR_REGIME_EXHAUSTION_CONFIRM_V1,XRP,XRPUSDT,strategy-lab-v1.0.0:SIE_OLD_MR_REGIME_EXHAUSTION_CONFIRM_V1,1789844400000,2026-09-19T19:00:00+00:00,1.4301,1.4327,1.425,1.4272,50.63113604488087,1.42291,1.403779824883185,1.3569954999999998,0.014907142857142865,0.010445027226137098,59.801488833746916,1.2500000000000038,False,RSI_NOT_BELOW_32|CLOSE_NOT_NEAR_OR_BELOW_LOWER_BB|RSI_RECOVERY_NOT_CONFIRMED
2026-09-19T20:32:52.102821+00:00,SIE_OLD_MR_REGIME_EXHAUSTION_CONFIRM_V1,XRP,XRPUSDT,strategy-lab-v1.0.0:SIE_OLD_MR_REGIME_EXHAUSTION_CONFIRM_V1,1789848000000,2026-09-19T20:00:00+00:00,1.4272,1.4349,1.4254,1.4279,55.17241379310338,1.42388,1.405834213788255,1.3573034999999998,0.01457857142857144,0.01020979860534452,50.63113604488087,1.2499999999999962,False,PLANNED_REWARD_TOO_LOW|RSI_NOT_BELOW_32|CLOSE_NOT_NEAR_OR_BELOW_LOWER_BB
2026-09-19T20:32:52.102821+00:00,SIE_OLD_MR_REGIME_EXHAUSTION_CONFIRM_V1,DOGE,DOGEUSDT,strategy-lab-v1.0.0:SIE_OLD_MR_REGIME_EXHAUSTION_CONFIRM_V1,1789840800000,2026-09-19T18:00:00+00:00,0.08984,0.09044,0.08908,0.08977,75.21367521367543,0.0881855,0.08634736534769587,0.08372070000000001,0.0010321428571428576,0.011497636817899717,67.04761904761916,1.2500000000000033,False,RSI_NOT_BELOW_32|CLOSE_NOT_NEAR_OR_BELOW_LOWER_BB|RSI_RECOVERY_NOT_CONFIRMED
2026-09-19T20:32:52.102821+00:00,SIE_OLD_MR_REGIME_EXHAUSTION_CONFIRM_V1,DOGE,DOGEUSDT,strategy-lab-v1.0.0:SIE_OLD_MR_REGIME_EXHAUSTION_CONFIRM_V1,1789844400000,2026-09-19T19:00:00+00:00,0.08977,0.09016,0.0891,0.08921,66.79536679536683,0.0882725,0.08641346933860647,0.08374834999999999,0.0010657142857142868,0.01194613031851011,75.21367521367543,1.25,False,RSI_NOT_BELOW_32|CLOSE_NOT_NEAR_OR_BELOW_LOWER_BB|RSI_RECOVERY_NOT_CONFIRMED
2026-09-19T20:32:52.102821+00:00,SIE_OLD_MR_REGIME_EXHAUSTION_CONFIRM_V1,DOGE,DOGEUSDT,strategy-lab-v1.0.0:SIE_OLD_MR_REGIME_EXHAUSTION_CONFIRM_V1,1789848000000,2026-09-19T20:00:00+00:00,0.08917,0.08936,0.08856,0.08894,68.24457593688385,0.0883245,0.08645192450085415,0.08376735,0.0010714285714285723,0.012046644607921883,66.79536679536683,1.2499999999999967,False,PLANNED_REWARD_TOO_LOW|RSI_NOT_BELOW_32|CLOSE_NOT_NEAR_OR_BELOW_LOWER_BB|RSI_RECOVERY_NOT_CONFIRMED
2026-09-19T20:32:52.102821+00:00,SIE_OLD_MR_REGIME_EXHAUSTION_CONFIRM_V1,BNB,BNBUSDT,strategy-lab-v1.0.0:SIE_OLD_MR_REGIME_EXHAUSTION_CONFIRM_V1,1789840800000,2026-09-19T18:00:00+00:00,762.6,763.92,761.28,763.44,54.507512520868154,764.647,757.5381010697646,730.63605,4.714999999999999,0.0061759928743581665,54.240134340890144,1.250000000000006,False,RSI_NOT_BELOW_32|CLOSE_NOT_NEAR_OR_BELOW_LOWER_BB
2026-09-19T20:32:52.102821+00:00,SIE_OLD_MR_REGIME_EXHAUSTION_CONFIRM_V1,BNB,BNBUSDT,strategy-lab-v1.0.0:SIE_OLD_MR_REGIME_EXHAUSTION_CONFIRM_V1,1789844400000,2026-09-19T19:00:00+00:00,763.6,763.91,762.49,762.95,49.16993661334144,764.7275000000001,757.7347012040741,730.8860500000001,4.5078571428571435,0.005908456835778417,54.507512520868154,1.25,False,RSI_NOT_BELOW_32|CLOSE_NOT_NEAR_OR_BELOW_LOWER_BB|RSI_RECOVERY_NOT_CONFIRMED
2026-09-19T20:32:52.102821+00:00,SIE_OLD_MR_REGIME_EXHAUSTION_CONFIRM_V1,BNB,BNBUSDT,strategy-lab-v1.0.0:SIE_OLD_MR_REGIME_EXHAUSTION_CONFIRM_V1,1789848000000,2026-09-19T20:00:00+00:00,762.9,763.12,760.56,762.04,50.51162790697664,764.636,757.5534004772044,731.0794999999999,4.154285714285712,0.005451532353007339,49.16993661334144,1.2500000000000069,False,RSI_NOT_BELOW_32|CLOSE_NOT_NEAR_OR_BELOW_LOWER_BB|RSI_RECOVERY_NOT_CONFIRMED
2026-09-19T20:32:52.102821+00:00,SIE_OLD_MR_REGIME_EXHAUSTION_CONFIRM_V1,PAXG,PAXGUSDT,strategy-lab-v1.0.0:SIE_OLD_MR_REGIME_EXHAUSTION_CONFIRM_V1,1789840800000,2026-09-19T18:00:00+00:00,4364.21,4365.61,4364.21,4365.16,39.09141895681395,4365.7545,4362.173028374811,4337.044150000001,2.9349999999999454,0.0006723693976852957,38.26037521318971,1.249999999999845,False,PLANNED_REWARD_TOO_LOW|RSI_NOT_BELOW_32|CLOSE_NOT_NEAR_OR_BELOW_LOWER_BB
2026-09-19T20:32:52.102821+00:00,SIE_OLD_MR_REGIME_EXHAUSTION_CONFIRM_V1,PAXG,PAXGUSDT,strategy-lab-v1.0.0:SIE_OLD_MR_REGIME_EXHAUSTION_CONFIRM_V1,1789844400000,2026-09-19T19:00:00+00:00,4364.82,4365.16,4362.78,4363.63,42.268041237113174,4365.4845000000005,4362.124104338471,4337.1787,2.8528571428571143,0.0006537807153349652,39.09141895681395,1.2500000000000797,False,RSI_NOT_BELOW_32|CLOSE_NOT_NEAR_OR_BELOW_LOWER_BB|RSI_RECOVERY_NOT_CONFIRMED
2026-09-19T20:32:52.102821+00:00,SIE_OLD_MR_REGIME_EXHAUSTION_CONFIRM_V1,PAXG,PAXGUSDT,strategy-lab-v1.0.0:SIE_OLD_MR_REGIME_EXHAUSTION_CONFIRM_V1,1789848000000,2026-09-19T20:00:00+00:00,4364.46,4364.6,4363.22,4364.4,53.19587628865762,4365.398999999999,4362.0196515417865,4337.028600000001,2.6371428571428623,0.0006042394961834072,42.268041237113174,1.2500000000000862,False,RSI_NOT_BELOW_32|CLOSE_NOT_NEAR_OR_BELOW_LOWER_BB
2026-09-20T00:05:48.912827+00:00,SIE_OLD_MR_REGIME_EXHAUSTION_CONFIRM_V1,BTC,BTCUSDT,strategy-lab-v1.0.0:SIE_OLD_MR_REGIME_EXHAUSTION_CONFIRM_V1,1789851600000,2026-09-19T21:00:00+00:00,81129.99,81200.0,80869.6,81063.73,49.72428730316694,81279.1505,80857.11165038517,77679.81195,281.2585714285732,0.00346959819673451,53.10566340749174,1.249999999999974,False,PLANNED_REWARD_TOO_LOW|RSI_NOT_BELOW_32|CLOSE_NOT_NEAR_OR_BELOW_LOWER_BB|RSI_RECOVERY_NOT_CONFIRMED
2026-09-20T00:05:48.912827+00:00,SIE_OLD_MR_REGIME_EXHAUSTION_CONFIRM_V1,BTC,BTCUSDT,strategy-lab-v1.0.0:SIE_OLD_MR_REGIME_EXHAUSTION_CONFIRM_V1,1789855200000,2026-09-19T22:00:00+00:00,81063.73,81247.23,80916.67,81232.47,48.02788434773159,81276.9715,80854.44139501787,77692.08975,280.11642857142994,0.003448330803820565,49.72428730316694,1.249999999999974,False,PLANNED_REWARD_TOO_LOW|RSI_NOT_BELOW_32|CLOSE_NOT_NEAR_OR_BELOW_LOWER_BB|RSI_RECOVERY_NOT_CONFIRMED
2026-09-20T00:05:48.912827+00:00,SIE_OLD_MR_REGIME_EXHAUSTION_CONFIRM_V1,BTC,BTCUSDT,strategy-lab-v1.0.0:SIE_OLD_MR_REGIME_EXHAUSTION_CONFIRM_V1,1789858800000,2026-09-19T23:00:00+00:00,81232.47,81340.8,81185.28,81233.91,48.03574561801582,81283.41500000001,80867.6934763027,77709.78755,271.1678571428586,0.0033381115982581487,48.02788434773159,1.25,False,RSI_NOT_BELOW_32|CLOSE_NOT_NEAR_OR_BELOW_LOWER_BB
2026-09-20T00:05:48.912827+00:00,SIE_OLD_MR_REGIME_EXHAUSTION_CONFIRM_V1,BTC,BTCUSDT,strategy-lab-v1.0.0:SIE_OLD_MR_REGIME_EXHAUSTION_CONFIRM_V1,1789862400000,2026-09-20T00:00:00+00:00,81233.91,81240.0,81196.5,81217.89,50.90698077034032,81294.189,80897.41953030604,77726.40980000001,264.000000000001,0.0032505153729061546,48.03574561801582,1.25,False,RSI_NOT_BELOW_32|CLOSE_NOT_NEAR_OR_BELOW_LOWER_BB|RSI_RECOVERY_NOT_CONFIRMED
2026-09-20T00:05:48.912827+00:00,SIE_OLD_MR_REGIME_EXHAUSTION_CONFIRM_V1,SOL,SOLUSDT,strategy-lab-v1.0.0:SIE_OLD_MR_REGIME_EXHAUSTION_CONFIRM_V1,1789851600000,2026-09-19T21:00:00+00:00,111.07,111.26,110.12,110.5,36.74999999999997,111.78150000000001,110.4291646126046,102.64885,0.7628571428571413,0.006903684550743361,40.16393442622936,1.2499999999999907,False,PLANNED_REWARD_TOO_LOW|RSI_NOT_BELOW_32|RSI_RECOVERY_NOT_CONFIRMED
2026-09-20T00:05:48.912827+00:00,SIE_OLD_MR_REGIME_EXHAUSTION_CONFIRM_V1,SOL,SOLUSDT,strategy-lab-v1.0.0:SIE_OLD_MR_REGIME_EXHAUSTION_CONFIRM_V1,1789855200000,2026-09-19T22:00:00+00:00,110.48,110.73,109.93,110.62,27.298850574712688,111.6335,110.46555693631846,102.6856,0.7514285714285691,0.0067928816798822015,36.74999999999997,1.25,False,CLOSE_NOT_NEAR_OR_BELOW_LOWER_BB|RSI_RECOVERY_NOT_CONFIRMED
2026-09-20T00:05:48.912827+00:00,SIE_OLD_MR_REGIME_EXHAUSTION_CONFIRM_V1,SOL,SOLUSDT,strategy-lab-v1.0.0:SIE_OLD_MR_REGIME_EXHAUSTION_CONFIRM_V1,1789858800000,2026-09-19T23:00:00+00:00,110.62,111.16,110.56,111.03,39.080459770114885,111.52449999999999,110.57986303269362,102.73285,0.7199999999999979,0.006484733855714652,27.298850574712688,1.2499999999999902,False,PLANNED_REWARD_TOO_LOW|RSI_NOT_BELOW_32|CLOSE_NOT_NEAR_OR_BELOW_LOWER_BB
2026-09-20T00:05:48.912827+00:00,SIE_OLD_MR_REGIME_EXHAUSTION_CONFIRM_V1,SOL,SOLUSDT,strategy-lab-v1.0.0:SIE_OLD_MR_REGIME_EXHAUSTION_CONFIRM_V1,1789862400000,2026-09-20T00:00:00+00:00,111.03,111.05,110.97,110.98,40.96385542168682,111.457,110.5605380655032,102.77615000000002,0.6878571428571405,0.006198027958705537,39.080459770114885,1.249999999999995,False,PLANNED_REWARD_TOO_LOW|RSI_NOT_BELOW_32|CLOSE_NOT_NEAR_OR_BELOW_LOWER_BB|RSI_RECOVERY_NOT_CONFIRMED
2026-09-20T00:05:48.912827+00:00,SIE_OLD_MR_REGIME_EXHAUSTION_CONFIRM_V1,XRP,XRPUSDT,strategy-lab-v1.0.0:SIE_OLD_MR_REGIME_EXHAUSTION_CONFIRM_V1,1789851600000,2026-09-19T21:00:00+00:00,1.4287,1.432,1.4021,1.4093,49.66887417218547,1.42378,1.4053105008189202,1.3572765000000002,0.015685714285714303,0.011130145665021147,55.63798219584573,1.2500000000000036,False,RSI_NOT_BELOW_32|CLOSE_NOT_NEAR_OR_BELOW_LOWER_BB|RSI_RECOVERY_NOT_CONFIRMED
2026-09-20T00:05:48.912827+00:00,SIE_OLD_MR_REGIME_EXHAUSTION_CONFIRM_V1,XRP,XRPUSDT,strategy-lab-v1.0.0:SIE_OLD_MR_REGIME_EXHAUSTION_CONFIRM_V1,1789855200000,2026-09-19T22:00:00+00:00,1.4088,1.4179,1.3968,1.4159,50.90439276485778,1.42393,1.4057702533057337,1.357382,0.016228571428571432,0.011461664968268545,49.66887417218547,1.2500000000000069,False,RSI_NOT_BELOW_32|CLOSE_NOT_NEAR_OR_BELOW_LOWER_BB
2026-09-20T00:05:48.912827+00:00,SIE_OLD_MR_REGIME_EXHAUSTION_CONFIRM_V1,XRP,XRPUSDT,strategy-lab-v1.0.0:SIE_OLD_MR_REGIME_EXHAUSTION_CONFIRM_V1,1789858800000,2026-09-19T23:00:00+00:00,1.4159,1.4165,1.409,1.4099,48.16625916870408,1.42354,1.404545958829151,1.357561,0.016100000000000003,0.01141924959216966,50.90439276485778,1.2499999999999964,False,PLANNED_REWARD_TOO_LOW|RSI_NOT_BELOW_32|CLOSE_NOT_NEAR_OR_BELOW_LOWER_BB|RSI_RECOVERY_NOT_CONFIRMED
2026-09-20T00:05:48.912827+00:00,SIE_OLD_MR_REGIME_EXHAUSTION_CONFIRM_V1,XRP,XRPUSDT,strategy-lab-v1.0.0:SIE_OLD_MR_REGIME_EXHAUSTION_CONFIRM_V1,1789862400000,2026-09-20T00:00:00+00:00,1.4101,1.4102,1.4095,1.4102,45.219638242894,1.42334,1.403878304287655,1.3577295,0.015242857142857145,0.01080900378872298,48.16625916870408,1.2499999999999964,False,PLANNED_REWARD_TOO_LOW|RSI_NOT_BELOW_32|CLOSE_NOT_NEAR_OR_BELOW_LOWER_BB|RSI_RECOVERY_NOT_CONFIRMED
2026-09-20T00:05:48.912827+00:00,SIE_OLD_MR_REGIME_EXHAUSTION_CONFIRM_V1,DOGE,DOGEUSDT,strategy-lab-v1.0.0:SIE_OLD_MR_REGIME_EXHAUSTION_CONFIRM_V1,1789851600000,2026-09-19T21:00:00+00:00,0.08898,0.08908,0.08672,0.08735,55.62700964630223,0.08829450000000001,0.08637393263591159,0.08376745,0.0011814285714285724,0.013525226919617314,69.0618762475051,1.2499999999999971,False,PLANNED_REWARD_TOO_LOW|RSI_NOT_BELOW_32|CLOSE_NOT_NEAR_OR_BELOW_LOWER_BB|RSI_RECOVERY_NOT_CONFIRMED
2026-09-20T00:05:48.912827+00:00,SIE_OLD_MR_REGIME_EXHAUSTION_CONFIRM_V1,DOGE,DOGEUSDT,strategy-lab-v1.0.0:SIE_OLD_MR_REGIME_EXHAUSTION_CONFIRM_V1,1789855200000,2026-09-19T22:00:00+00:00,0.08732,0.08786,0.08666,0.08778,53.99999999999998,0.0882695,0.08633585603070226,0.08377409999999999,0.0011871428571428569,0.013524069915047357,55.62700964630223,1.2499999999999942,False,PLANNED_REWARD_TOO_LOW|RSI_NOT_BELOW_32|CLOSE_NOT_NEAR_OR_BELOW_LOWER_BB|RSI_RECOVERY_NOT_CONFIRMED
2026-09-20T00:05:48.912827+00:00,SIE_OLD_MR_REGIME_EXHAUSTION_CONFIRM_V1,DOGE,DOGEUSDT,strategy-lab-v1.0.0:SIE_OLD_MR_REGIME_EXHAUSTION_CONFIRM_V1,1789858800000,2026-09-19T23:00:00+00:00,0.08776,0.08811,0.08765,0.08768,53.82059800664444,0.0882525,0.08630445610932364,0.08378769999999999,0.0011735714285714277,0.01338471063607924,53.99999999999998,1.2500000000000029,False,RSI_NOT_BELOW_32|CLOSE_NOT_NEAR_OR_BELOW_LOWER_BB|RSI_RECOVERY_NOT_CONFIRMED
2026-09-20T00:05:48.912827+00:00,SIE_OLD_MR_REGIME_EXHAUSTION_CONFIRM_V1,DOGE,DOGEUSDT,strategy-lab-v1.0.0:SIE_OLD_MR_REGIME_EXHAUSTION_CONFIRM_V1,1789862400000,2026-09-20T00:00:00+00:00,0.08766,0.08771,0.08756,0.08758,49.82578397212551,0.088261,0.08632629692200548,0.08379645,0.0011207142857142854,0.012796463641405405,53.82059800664444,1.2500000000000062,False,RSI_NOT_BELOW_32|CLOSE_NOT_NEAR_OR_BELOW_LOWER_BB|RSI_RECOVERY_NOT_CONFIRMED
2026-09-20T00:05:48.912827+00:00,SIE_OLD_MR_REGIME_EXHAUSTION_CONFIRM_V1,BNB,BNBUSDT,strategy-lab-v1.0.0:SIE_OLD_MR_REGIME_EXHAUSTION_CONFIRM_V1,1789851600000,2026-09-19T21:00:00+00:00,761.97,762.11,756.09,759.57,48.18101153504894,764.4939999999999,757.127463771872,731.19225,4.371428571428567,0.005755135894556876,50.07685213648933,1.2500000000000064,False,RSI_NOT_BELOW_32|CLOSE_NOT_NEAR_OR_BELOW_LOWER_BB|RSI_RECOVERY_NOT_CONFIRMED
2026-09-20T00:05:48.912827+00:00,SIE_OLD_MR_REGIME_EXHAUSTION_CONFIRM_V1,BNB,BNBUSDT,strategy-lab-v1.0.0:SIE_OLD_MR_REGIME_EXHAUSTION_CONFIRM_V1,1789855200000,2026-09-19T22:00:00+00:00,759.26,761.52,757.54,761.41,42.74509803921552,764.4815,757.0949493164725,731.33375,4.164285714285711,0.005469176546519892,48.18101153504894,1.2499999999999931,False,PLANNED_REWARD_TOO_LOW|RSI_NOT_BELOW_32|CLOSE_NOT_NEAR_OR_BELOW_LOWER_BB|RSI_RECOVERY_NOT_CONFIRMED
2026-09-20T00:05:48.912827+00:00,SIE_OLD_MR_REGIME_EXHAUSTION_CONFIRM_V1,BNB,BNBUSDT,strategy-lab-v1.0.0:SIE_OLD_MR_REGIME_EXHAUSTION_CONFIRM_V1,1789858800000,2026-09-19T23:00:00+00:00,761.76,763.44,761.59,761.76,42.06349206349208,764.5925,757.4434108971617,731.4977500000001,3.9271428571428664,0.00515535451735831,42.74509803921552,1.25,False,RSI_NOT_BELOW_32|CLOSE_NOT_NEAR_OR_BELOW_LOWER_BB|RSI_RECOVERY_NOT_CONFIRMED
2026-09-20T00:05:48.912827+00:00,SIE_OLD_MR_REGIME_EXHAUSTION_CONFIRM_V1,BNB,BNBUSDT,strategy-lab-v1.0.0:SIE_OLD_MR_REGIME_EXHAUSTION_CONFIRM_V1,1789862400000,2026-09-20T00:00:00+00:00,761.79,761.79,761.52,761.52,44.01384083044973,764.6585,757.6498417118308,731.65355,3.7614285714285773,0.004939369381537684,42.06349206349208,1.2499999999999925,False,PLANNED_REWARD_TOO_LOW|RSI_NOT_BELOW_32|CLOSE_NOT_NEAR_OR_BELOW_LOWER_BB|RSI_RECOVERY_NOT_CONFIRMED
2026-09-20T00:05:48.912827+00:00,SIE_OLD_MR_REGIME_EXHAUSTION_CONFIRM_V1,PAXG,PAXGUSDT,strategy-lab-v1.0.0:SIE_OLD_MR_REGIME_EXHAUSTION_CONFIRM_V1,1789851600000,2026-09-19T21:00:00+00:00,4364.23,4365.43,4363.05,4363.92,53.25721961047762,4365.221,4361.665902813996,4336.83885,2.659285714285748,0.0006093800331549955,48.23529411764639,1.25,False,RSI_NOT_BELOW_32|CLOSE_NOT_NEAR_OR_BELOW_LOWER_BB
2026-09-20T00:05:48.912827+00:00,SIE_OLD_MR_REGIME_EXHAUSTION_CONFIRM_V1,PAXG,PAXGUSDT,strategy-lab-v1.0.0:SIE_OLD_MR_REGIME_EXHAUSTION_CONFIRM_V1,1789855200000,2026-09-19T22:00:00+00:00,4363.92,4366.19,4363.37,4366.19,60.64209274673004,4365.235,4361.666978138809,4336.8019,2.708571428571434,0.0006203512509926123,53.25721961047762,1.25,False,RSI_NOT_BELOW_32|CLOSE_NOT_NEAR_OR_BELOW_LOWER_BB
2026-09-20T00:05:48.912827+00:00,SIE_OLD_MR_REGIME_EXHAUSTION_CONFIRM_V1,PAXG,PAXGUSDT,strategy-lab-v1.0.0:SIE_OLD_MR_REGIME_EXHAUSTION_CONFIRM_V1,1789858800000,2026-09-19T23:00:00+00:00,4366.19,4366.21,4364.62,4365.73,54.818123803444124,4365.12,4361.778670922831,4336.77135,2.5692857142856673,0.0005885122795696637,60.64209274673004,1.25,False,RSI_NOT_BELOW_32|CLOSE_NOT_NEAR_OR_BELOW_LOWER_BB|RSI_RECOVERY_NOT_CONFIRMED
2026-09-20T00:05:48.912827+00:00,SIE_OLD_MR_REGIME_EXHAUSTION_CONFIRM_V1,PAXG,PAXGUSDT,strategy-lab-v1.0.0:SIE_OLD_MR_REGIME_EXHAUSTION_CONFIRM_V1,1789862400000,2026-09-20T00:00:00+00:00,4365.77,4365.77,4364.04,4364.04,48.56304985337301,4364.8695,4362.030877270237,4336.77075,2.4557142857142935,0.0005627158059308104,54.818123803444124,1.2500000000000926,False,RSI_NOT_BELOW_32|CLOSE_NOT_NEAR_OR_BELOW_LOWER_BB|RSI_RECOVERY_NOT_CONFIRMED
2026-09-20T04:48:56.433424+00:00,SIE_OLD_MR_REGIME_EXHAUSTION_CONFIRM_V1,BTC,BTCUSDT,strategy-lab-v1.0.0:SIE_OLD_MR_REGIME_EXHAUSTION_CONFIRM_V1,1789866000000,2026-09-20T01:00:00+00:00,81261.98,81281.78,81000.0,81071.71,43.78175695443737,81298.9375,80909.71463808129,77744.47125,277.9028571428581,0.003427864752610474,52.353348715112524,1.249999999999987,False,PLANNED_REWARD_TOO_LOW|RSI_NOT_BELOW_32|CLOSE_NOT_NEAR_OR_BELOW_LOWER_BB|RSI_RECOVERY_NOT_CONFIRMED
2026-09-20T04:48:56.433424+00:00,SIE_OLD_MR_REGIME_EXHAUSTION_CONFIRM_V1,BTC,BTCUSDT,strategy-lab-v1.0.0:SIE_OLD_MR_REGIME_EXHAUSTION_CONFIRM_V1,1789869600000,2026-09-20T02:00:00+00:00,81071.71,81131.5,80220.45,80305.44,29.16830837249229,81263.052,80689.86872453816,77760.82854999999,331.47714285714443,0.004127704709134828,43.78175695443737,1.2500000000000109,False,RSI_RECOVERY_NOT_CONFIRMED
2026-09-20T04:48:56.433424+00:00,SIE_OLD_MR_REGIME_EXHAUSTION_CONFIRM_V1,BTC,BTCUSDT,strategy-lab-v1.0.0:SIE_OLD_MR_REGIME_EXHAUSTION_CONFIRM_V1,1789873200000,2026-09-20T03:00:00+00:00,80303.45,80498.62,80085.0,80458.82,33.05200354373633,81232.33550000002,80563.8219834395,77776.83585,347.44214285714406,0.004318260482283285,29.16830837249229,1.2499999999999896,False,PLANNED_REWARD_TOO_LOW|RSI_NOT_BELOW_32
2026-09-20T04:48:56.433424+00:00,SIE_OLD_MR_REGIME_EXHAUSTION_CONFIRM_V1,BTC,BTCUSDT,strategy-lab-v1.0.0:SIE_OLD_MR_REGIME_EXHAUSTION_CONFIRM_V1,1789876800000,2026-09-20T04:00:00+00:00,80459.85,80500.0,80304.0,80331.85,25.004904845988094,81184.0455,80410.1564538286,77791.9653,340.0078571428582,0.0042325411047157285,33.05200354373633,1.2500000000000213,False,RSI_RECOVERY_NOT_CONFIRMED
2026-09-20T04:48:56.433424+00:00,SIE_OLD_MR_REGIME_EXHAUSTION_CONFIRM_V1,SOL,SOLUSDT,strategy-lab-v1.0.0:SIE_OLD_MR_REGIME_EXHAUSTION_CONFIRM_V1,1789866000000,2026-09-20T01:00:00+00:00,110.9,110.96,109.68,110.12,27.877237851662514,111.36449999999999,110.314729072606,102.8167,0.779285714285711,0.007076695552903296,40.117994100294965,1.2500000000000047,False,RSI_RECOVERY_NOT_CONFIRMED
2026-09-20T04:48:56.433424+00:00,SIE_OLD_MR_REGIME_EXHAUSTION_CONFIRM_V1,SOL,SOLUSDT,strategy-lab-v1.0.0:SIE_OLD_MR_REGIME_EXHAUSTION_CONFIRM_V1,1789869600000,2026-09-20T02:00:00+00:00,110.12,110.47,107.34,107.62,17.30158730158736,111.15599999999999,109.23345585226201,102.8495,0.9728571428571391,0.00903974301112376,27.877237851662514,1.2500000000000036,False,RSI_RECOVERY_NOT_CONFIRMED
2026-09-20T04:48:56.433424+00:00,SIE_OLD_MR_REGIME_EXHAUSTION_CONFIRM_V1,SOL,SOLUSDT,strategy-lab-v1.0.0:SIE_OLD_MR_REGIME_EXHAUSTION_CONFIRM_V1,1789873200000,2026-09-20T03:00:00+00:00,107.62,109.05,107.35,108.86,31.571815718157183,111.021,108.86578400154382,102.88385,1.0549999999999966,0.009691346683814042,17.30158730158736,1.2500000000000033,True,
2026-09-20T04:48:56.433424+00:00,SIE_OLD_MR_REGIME_EXHAUSTION_CONFIRM_V1,SOL,SOLUSDT,strategy-lab-v1.0.0:SIE_OLD_MR_REGIME_EXHAUSTION_CONFIRM_V1,1789876800000,2026-09-20T04:00:00+00:00,108.87,109.18,108.55,108.85,29.81969486823847,110.85350000000001,108.57372566906253,102.91584999999999,1.047142857142855,0.009620053809305053,31.571815718157183,1.2499999999999931,False,OPEN_TRADE_EXISTS|PLANNED_REWARD_TOO_LOW|CLOSE_NOT_NEAR_OR_BELOW_LOWER_BB|RSI_RECOVERY_NOT_CONFIRMED
2026-09-20T04:48:56.433424+00:00,SIE_OLD_MR_REGIME_EXHAUSTION_CONFIRM_V1,XRP,XRPUSDT,strategy-lab-v1.0.0:SIE_OLD_MR_REGIME_EXHAUSTION_CONFIRM_V1,1789866000000,2026-09-20T01:00:00+00:00,1.4059,1.4062,1.3952,1.3999,26.09308885754581,1.42178,1.3992634638543147,1.357868,0.015028571428571438,0.010735460696172183,42.52450980392157,1.2499999999999962,False,PLANNED_REWARD_TOO_LOW|RSI_RECOVERY_NOT_CONFIRMED
2026-09-20T04:48:56.433424+00:00,SIE_OLD_MR_REGIME_EXHAUSTION_CONFIRM_V1,XRP,XRPUSDT,strategy-lab-v1.0.0:SIE_OLD_MR_REGIME_EXHAUSTION_CONFIRM_V1,1789869600000,2026-09-20T02:00:00+00:00,1.3996,1.4059,1.3675,1.3703,18.463073852295395,1.419245,1.3874455361680431,1.3579605,0.01690000000000001,0.01233306575202511,26.09308885754581,1.2499999999999967,False,PLANNED_REWARD_TOO_LOW|RSI_RECOVERY_NOT_CONFIRMED
2026-09-20T04:48:56.433424+00:00,SIE_OLD_MR_REGIME_EXHAUSTION_CONFIRM_V1,XRP,XRPUSDT,strategy-lab-v1.0.0:SIE_OLD_MR_REGIME_EXHAUSTION_CONFIRM_V1,1789873200000,2026-09-20T03:00:00+00:00,1.37,1.385,1.3656,1.382,24.70046082949291,1.4178549999999999,1.3823152490160673,1.3580655,0.016978571428571447,0.0122855075459996,18.463073852295395,1.2500000000000064,True,
2026-09-20T04:48:56.433424+00:00,SIE_OLD_MR_REGIME_EXHAUSTION_CONFIRM_V1,XRP,XRPUSDT,strategy-lab-v1.0.0:SIE_OLD_MR_REGIME_EXHAUSTION_CONFIRM_V1,1789876800000,2026-09-20T04:00:00+00:00,1.3818,1.3848,1.3772,1.3791,23.369565217391226,1.416085,1.376731714241376,1.3581515,0.016235714285714305,0.011772688192092165,24.70046082949291,1.2499999999999967,False,OPEN_TRADE_EXISTS|PLANNED_REWARD_TOO_LOW|CLOSE_NOT_NEAR_OR_BELOW_LOWER_BB|RSI_RECOVERY_NOT_CONFIRMED
2026-09-20T04:48:56.433424+00:00,SIE_OLD_MR_REGIME_EXHAUSTION_CONFIRM_V1,DOGE,DOGEUSDT,strategy-lab-v1.0.0:SIE_OLD_MR_REGIME_EXHAUSTION_CONFIRM_V1,1789866000000,2026-09-20T01:00:00+00:00,0.08754,0.08756,0.08673,0.08719,38.992537313432756,0.0882445,0.08627971527896944,0.08380744999999999,0.0011442857142857138,0.013124047646355243,49.39550949913644,1.25,False,RSI_NOT_BELOW_32|CLOSE_NOT_NEAR_OR_BELOW_LOWER_BB|RSI_RECOVERY_NOT_CONFIRMED
2026-09-20T04:48:56.433424+00:00,SIE_OLD_MR_REGIME_EXHAUSTION_CONFIRM_V1,DOGE,DOGEUSDT,strategy-lab-v1.0.0:SIE_OLD_MR_REGIME_EXHAUSTION_CONFIRM_V1,1789869600000,2026-09-20T02:00:00+00:00,0.0872,0.08749,0.0852,0.08543,22.970903522205134,0.0881615,0.08589202186615617,0.08381440000000001,0.001233571428571428,0.014439557866925296,38.992537313432756,1.2500000000000029,False,RSI_RECOVERY_NOT_CONFIRMED
2026-09-20T04:48:56.433424+00:00,SIE_OLD_MR_REGIME_EXHAUSTION_CONFIRM_V1,DOGE,DOGEUSDT,strategy-lab-v1.0.0:SIE_OLD_MR_REGIME_EXHAUSTION_CONFIRM_V1,1789873200000,2026-09-20T03:00:00+00:00,0.0854,0.08611,0.08495,0.08576,27.191679049034065,0.088117,0.08570057205776889,0.08382079999999999,0.0012128571428571436,0.014142457356076766,22.970903522205134,1.2499999999999971,False,PLANNED_REWARD_TOO_LOW
2026-09-20T04:48:56.433424+00:00,SIE_OLD_MR_REGIME_EXHAUSTION_CONFIRM_V1,DOGE,DOGEUSDT,strategy-lab-v1.0.0:SIE_OLD_MR_REGIME_EXHAUSTION_CONFIRM_V1,1789876800000,2026-09-20T04:00:00+00:00,0.08572,0.08579,0.08529,0.08547,24.23357664233575,0.0880255,0.08536590247405827,0.08382629999999999,0.001167857142857143,0.013663942235370808,27.191679049034065,1.249999999999994,False,PLANNED_REWARD_TOO_LOW|RSI_RECOVERY_NOT_CONFIRMED
2026-09-20T04:48:56.433424+00:00,SIE_OLD_MR_REGIME_EXHAUSTION_CONFIRM_V1,BNB,BNBUSDT,strategy-lab-v1.0.0:SIE_OLD_MR_REGIME_EXHAUSTION_CONFIRM_V1,1789866000000,2026-09-20T01:00:00+00:00,763.2,763.98,759.32,760.44,38.05895992050359,764.5895,757.4586950664858,731.82665,4.001428571428578,0.00526199117803979,47.0431893687708,1.250000000000007,False,RSI_NOT_BELOW_32|CLOSE_NOT_NEAR_OR_BELOW_LOWER_BB|RSI_RECOVERY_NOT_CONFIRMED
2026-09-20T04:48:56.433424+00:00,SIE_OLD_MR_REGIME_EXHAUSTION_CONFIRM_V1,BNB,BNBUSDT,strategy-lab-v1.0.0:SIE_OLD_MR_REGIME_EXHAUSTION_CONFIRM_V1,1789869600000,2026-09-20T02:00:00+00:00,761.04,762.74,746.57,748.11,16.63084363245555,763.9095,753.827076729782,731.9556,4.691428571428576,0.006271041118857622,38.05895992050359,1.2499999999999878,False,PLANNED_REWARD_TOO_LOW|RSI_RECOVERY_NOT_CONFIRMED
2026-09-20T04:48:56.433424+00:00,SIE_OLD_MR_REGIME_EXHAUSTION_CONFIRM_V1,BNB,BNBUSDT,strategy-lab-v1.0.0:SIE_OLD_MR_REGIME_EXHAUSTION_CONFIRM_V1,1789873200000,2026-09-20T03:00:00+00:00,747.74,752.62,745.92,750.05,22.8050490883588,763.3720000000001,751.6680269993548,732.0805499999999,4.842857142857148,0.006456712409648888,16.63084363245555,1.25,True,
2026-09-20T04:48:56.433424+00:00,SIE_OLD_MR_REGIME_EXHAUSTION_CONFIRM_V1,BNB,BNBUSDT,strategy-lab-v1.0.0:SIE_OLD_MR_REGIME_EXHAUSTION_CONFIRM_V1,1789876800000,2026-09-20T04:00:00+00:00,749.81,750.26,747.0,747.8,20.740149094781614,762.4694999999999,749.016087830597,732.1894,4.807142857142862,0.006428380392007037,22.8050490883588,1.250000000000006,False,OPEN_TRADE_EXISTS|RSI_RECOVERY_NOT_CONFIRMED
2026-09-20T04:48:56.433424+00:00,SIE_OLD_MR_REGIME_EXHAUSTION_CONFIRM_V1,PAXG,PAXGUSDT,strategy-lab-v1.0.0:SIE_OLD_MR_REGIME_EXHAUSTION_CONFIRM_V1,1789866000000,2026-09-20T01:00:00+00:00,4364.25,4365.05,4362.84,4362.84,44.61111111111195,4364.6905,4361.774842440902,4336.7779,2.4621428571428754,0.0005643440642202958,47.888953152112194,1.2500000000001847,False,RSI_NOT_BELOW_32|CLOSE_NOT_NEAR_OR_BELOW_LOWER_BB|RSI_RECOVERY_NOT_CONFIRMED
2026-09-20T04:48:56.433424+00:00,SIE_OLD_MR_REGIME_EXHAUSTION_CONFIRM_V1,PAXG,PAXGUSDT,strategy-lab-v1.0.0:SIE_OLD_MR_REGIME_EXHAUSTION_CONFIRM_V1,1789869600000,2026-09-20T02:00:00+00:00,4362.83,4362.85,4358.98,4359.37,31.811263318111642,4364.485500000001,4360.784611052474,4336.8214,2.5950000000000597,0.0005952694999506946,44.61111111111195,1.2500000000000877,False,RSI_RECOVERY_NOT_CONFIRMED
2026-09-20T04:48:56.433424+00:00,SIE_OLD_MR_REGIME_EXHAUSTION_CONFIRM_V1,PAXG,PAXGUSDT,strategy-lab-v1.0.0:SIE_OLD_MR_REGIME_EXHAUSTION_CONFIRM_V1,1789873200000,2026-09-20T03:00:00+00:00,4359.04,4361.16,4358.13,4361.16,38.91839690970464,4364.396,4360.471108154112,4336.8592499999995,2.6807142857143327,0.0006146791875818207,31.811263318111642,1.25,False,RSI_NOT_BELOW_32|CLOSE_NOT_NEAR_OR_BELOW_LOWER_BB
2026-09-20T04:48:56.433424+00:00,SIE_OLD_MR_REGIME_EXHAUSTION_CONFIRM_V1,PAXG,PAXGUSDT,strategy-lab-v1.0.0:SIE_OLD_MR_REGIME_EXHAUSTION_CONFIRM_V1,1789876800000,2026-09-20T04:00:00+00:00,4360.58,4361.66,4358.71,4359.64,33.81597384399879,4364.2474999999995,4359.865432565339,4336.88435,2.691428571428657,0.0006173511050060685,38.91839690970464,1.250000000000169,False,RSI_NOT_BELOW_32|RSI_RECOVERY_NOT_CONFIRMED
2026-09-20T11:14:44.391350+00:00,SIE_OLD_MR_REGIME_EXHAUSTION_CONFIRM_V1,BTC,BTCUSDT,strategy-lab-v1.0.0:SIE_OLD_MR_REGIME_EXHAUSTION_CONFIRM_V1,1789880400000,2026-09-20T05:00:00+00:00,80395.95,80613.94,80377.51,80456.01,25.31737931150839,81145.1085,80323.41141463567,77809.03465,330.29428571428645,0.004105277973818071,25.67755312763667,1.249999999999989,False,PLANNED_REWARD_TOO_LOW|CLOSE_NOT_NEAR_OR_BELOW_LOWER_BB|RSI_RECOVERY_NOT_CONFIRMED
2026-09-20T11:14:44.391350+00:00,SIE_OLD_MR_REGIME_EXHAUSTION_CONFIRM_V1,BTC,BTCUSDT,strategy-lab-v1.0.0:SIE_OLD_MR_REGIME_EXHAUSTION_CONFIRM_V1,1789884000000,2026-09-20T06:00:00+00:00,80456.02,80573.62,80178.85,80272.5,17.459526353802644,81099.25349999999,80194.45042963816,77824.7891,326.50642857142833,0.004067475518657427,25.31737931150839,1.249999999999989,False,PLANNED_REWARD_TOO_LOW|CLOSE_NOT_NEAR_OR_BELOW_LOWER_BB|RSI_RECOVERY_NOT_CONFIRMED
2026-09-20T11:14:44.391350+00:00,SIE_OLD_MR_REGIME_EXHAUSTION_CONFIRM_V1,BTC,BTCUSDT,strategy-lab-v1.0.0:SIE_OLD_MR_REGIME_EXHAUSTION_CONFIRM_V1,1789887600000,2026-09-20T07:00:00+00:00,80272.5,80400.0,80254.83,80284.56,21.23539982030519,81049.4815,80082.54260403184,77840.16915,307.2028571428569,0.0038264251201333968,17.459526353802644,1.2499999999999882,False,PLANNED_REWARD_TOO_LOW|CLOSE_NOT_NEAR_OR_BELOW_LOWER_BB
2026-09-20T11:14:44.391350+00:00,SIE_OLD_MR_REGIME_EXHAUSTION_CONFIRM_V1,BTC,BTCUSDT,strategy-lab-v1.0.0:SIE_OLD_MR_REGIME_EXHAUSTION_CONFIRM_V1,1789891200000,2026-09-20T08:00:00+00:00,80284.56,80429.01,80119.2,80228.2,20.906678460857748,80995.39199999999,79973.33727679332,77854.9546,314.047857142856,0.003914432296160901,21.23539982030519,1.2500000000000115,False,CLOSE_NOT_NEAR_OR_BELOW_LOWER_BB|RSI_RECOVERY_NOT_CONFIRMED
2026-09-20T11:14:44.391350+00:00,SIE_OLD_MR_REGIME_EXHAUSTION_CONFIRM_V1,BTC,BTCUSDT,strategy-lab-v1.0.0:SIE_OLD_MR_REGIME_EXHAUSTION_CONFIRM_V1,1789894800000,2026-09-20T09:00:00+00:00,80228.2,80544.67,80219.99,80430.01,28.91186407865412,80950.7175,79911.9619933094,77870.85455,325.5157142857123,0.004047192264252017,20.906678460857748,1.250000000000011,False,CLOSE_NOT_NEAR_OR_BELOW_LOWER_BB
2026-09-20T11:14:44.391350+00:00,SIE_OLD_MR_REGIME_EXHAUSTION_CONFIRM_V1,BTC,BTCUSDT,strategy-lab-v1.0.0:SIE_OLD_MR_REGIME_EXHAUSTION_CONFIRM_V1,1789898400000,2026-09-20T10:00:00+00:00,80430.01,80483.3,80283.0,80283.01,29.871131811297772,80887.1235,79848.37521745224,77885.91614999999,313.03642857142717,0.0038991615856384457,28.91186407865412,1.2500000000000115,False,CLOSE_NOT_NEAR_OR_BELOW_LOWER_BB|RSI_RECOVERY_NOT_CONFIRMED
2026-09-20T11:14:44.391350+00:00,SIE_OLD_MR_REGIME_EXHAUSTION_CONFIRM_V1,BTC,BTCUSDT,strategy-lab-v1.0.0:SIE_OLD_MR_REGIME_EXHAUSTION_CONFIRM_V1,1789902000000,2026-09-20T11:00:00+00:00,80283.01,80386.46,80241.84,80327.51,32.29985094003925,80822.1765,79814.48693350848,77901.25755000001,299.76642857142826,0.0037318028228614116,29.871131811297772,1.25,False,RSI_NOT_BELOW_32|CLOSE_NOT_NEAR_OR_BELOW_LOWER_BB
2026-09-20T11:14:44.391350+00:00,SIE_OLD_MR_REGIME_EXHAUSTION_CONFIRM_V1,SOL,SOLUSDT,strategy-lab-v1.0.0:SIE_OLD_MR_REGIME_EXHAUSTION_CONFIRM_V1,1789880400000,2026-09-20T05:00:00+00:00,108.98,109.21,108.56,108.72,30.55181695827723,110.70649999999998,108.30960805416652,102.9498,1.04785714285714,0.009638126773888336,31.010928961748604,1.25,False,OPEN_TRADE_EXISTS|CLOSE_NOT_NEAR_OR_BELOW_LOWER_BB|RSI_RECOVERY_NOT_CONFIRMED
2026-09-20T11:14:44.391350+00:00,SIE_OLD_MR_REGIME_EXHAUSTION_CONFIRM_V1,SOL,SOLUSDT,strategy-lab-v1.0.0:SIE_OLD_MR_REGIME_EXHAUSTION_CONFIRM_V1,1789884000000,2026-09-20T06:00:00+00:00,108.71,108.88,108.07,108.41,25.981055480378913,110.548,107.98933159631787,102.98264999999999,1.048571428571426,0.009672275883879956,30.55181695827723,1.2500000000000069,False,OPEN_TRADE_EXISTS|CLOSE_NOT_NEAR_OR_BELOW_LOWER_BB|RSI_RECOVERY_NOT_CONFIRMED
2026-09-20T11:14:44.391350+00:00,SIE_OLD_MR_REGIME_EXHAUSTION_CONFIRM_V1,SOL,SOLUSDT,strategy-lab-v1.0.0:SIE_OLD_MR_REGIME_EXHAUSTION_CONFIRM_V1,1789887600000,2026-09-20T07:00:00+00:00,108.41,108.78,108.41,108.43,28.445747800586602,110.377,107.73352425772407,103.01255,0.9949999999999974,0.009176427188047565,25.981055480378913,1.2500000000000036,False,OPEN_TRADE_EXISTS|CLOSE_NOT_NEAR_OR_BELOW_LOWER_BB
2026-09-20T11:14:44.391350+00:00,SIE_OLD_MR_REGIME_EXHAUSTION_CONFIRM_V1,SOL,SOLUSDT,strategy-lab-v1.0.0:SIE_OLD_MR_REGIME_EXHAUSTION_CONFIRM_V1,1789891200000,2026-09-20T08:00:00+00:00,108.43,108.68,107.67,108.03,27.873563218390885,110.19150000000002,107.43823811634252,103.0432,0.9957142857142836,0.009217016437233024,28.445747800586602,1.249999999999993,False,PLANNED_REWARD_TOO_LOW|CLOSE_NOT_NEAR_OR_BELOW_LOWER_BB|RSI_RECOVERY_NOT_CONFIRMED
2026-09-20T11:14:44.391350+00:00,SIE_OLD_MR_REGIME_EXHAUSTION_CONFIRM_V1,SOL,SOLUSDT,strategy-lab-v1.0.0:SIE_OLD_MR_REGIME_EXHAUSTION_CONFIRM_V1,1789894800000,2026-09-20T09:00:00+00:00,108.03,108.81,108.02,108.25,29.790209790209843,110.025,107.22538216893784,103.07455,0.9921428571428562,0.009165291982843937,27.873563218390885,1.250000000000007,False,CLOSE_NOT_NEAR_OR_BELOW_LOWER_BB
2026-09-20T11:14:44.391350+00:00,SIE_OLD_MR_REGIME_EXHAUSTION_CONFIRM_V1,SOL,SOLUSDT,strategy-lab-v1.0.0:SIE_OLD_MR_REGIME_EXHAUSTION_CONFIRM_V1,1789898400000,2026-09-20T10:00:00+00:00,108.27,108.37,107.86,107.96,28.900949796472233,109.83500000000001,107.01644363192766,103.10510000000001,0.9985714285714289,0.009249457471021016,29.790209790209843,1.2500000000000036,False,CLOSE_NOT_NEAR_OR_BELOW_LOWER_BB|RSI_RECOVERY_NOT_CONFIRMED
2026-09-20T11:14:44.391350+00:00,SIE_OLD_MR_REGIME_EXHAUSTION_CONFIRM_V1,SOL,SOLUSDT,strategy-lab-v1.0.0:SIE_OLD_MR_REGIME_EXHAUSTION_CONFIRM_V1,1789902000000,2026-09-20T11:00:00+00:00,107.98,108.31,107.92,108.01,31.824817518248324,109.655,106.8530970752003,103.13695,0.9450000000000003,0.008749189889825018,28.900949796472233,1.2499999999999962,False,PLANNED_REWARD_TOO_LOW|CLOSE_NOT_NEAR_OR_BELOW_LOWER_BB
2026-09-20T11:14:44.391350+00:00,SIE_OLD_MR_REGIME_EXHAUSTION_CONFIRM_V1,XRP,XRPUSDT,strategy-lab-v1.0.0:SIE_OLD_MR_REGIME_EXHAUSTION_CONFIRM_V1,1789880400000,2026-09-20T05:00:00+00:00,1.3805,1.3852,1.3781,1.382,26.413255360623637,1.41462,1.3728196842117206,1.3583064999999999,0.015785714285714292,0.011422369237130458,23.71323529411758,1.25,False,OPEN_TRADE_EXISTS|CLOSE_NOT_NEAR_OR_BELOW_LOWER_BB
2026-09-20T11:14:44.391350+00:00,SIE_OLD_MR_REGIME_EXHAUSTION_CONFIRM_V1,XRP,XRPUSDT,strategy-lab-v1.0.0:SIE_OLD_MR_REGIME_EXHAUSTION_CONFIRM_V1,1789884000000,2026-09-20T06:00:00+00:00,1.3821,1.3845,1.3772,1.3804,23.511904761904574,1.41276,1.3684220523704596,1.3584595,0.015350000000000022,0.011119965227470314,26.413255360623637,1.2499999999999964,False,OPEN_TRADE_EXISTS|PLANNED_REWARD_TOO_LOW|CLOSE_NOT_NEAR_OR_BELOW_LOWER_BB|RSI_RECOVERY_NOT_CONFIRMED
2026-09-20T11:14:44.391350+00:00,SIE_OLD_MR_REGIME_EXHAUSTION_CONFIRM_V1,XRP,XRPUSDT,strategy-lab-v1.0.0:SIE_OLD_MR_REGIME_EXHAUSTION_CONFIRM_V1,1789887600000,2026-09-20T07:00:00+00:00,1.3806,1.3844,1.3785,1.3796,24.921135646687475,1.4100499999999998,1.3645762933114103,1.3585765,0.014150000000000012,0.010256596114815898,23.511904761904574,1.249999999999996,False,OPEN_TRADE_EXISTS|PLANNED_REWARD_TOO_LOW|CLOSE_NOT_NEAR_OR_BELOW_LOWER_BB|RSI_RECOVERY_NOT_CONFIRMED
2026-09-20T11:14:44.391350+00:00,SIE_OLD_MR_REGIME_EXHAUSTION_CONFIRM_V1,XRP,XRPUSDT,strategy-lab-v1.0.0:SIE_OLD_MR_REGIME_EXHAUSTION_CONFIRM_V1,1789891200000,2026-09-20T08:00:00+00:00,1.3798,1.3829,1.3733,1.3766,22.012578616352044,1.4072049999999998,1.3608446516406545,1.358675,0.013542857142857159,0.009837902907785238,24.921135646687475,1.250000000000004,False,OPEN_TRADE_EXISTS|CLOSE_NOT_NEAR_OR_BELOW_LOWER_BB|RSI_RECOVERY_NOT_CONFIRMED
2026-09-20T11:14:44.391350+00:00,SIE_OLD_MR_REGIME_EXHAUSTION_CONFIRM_V1,XRP,XRPUSDT,strategy-lab-v1.0.0:SIE_OLD_MR_REGIME_EXHAUSTION_CONFIRM_V1,1789894800000,2026-09-20T09:00:00+00:00,1.3764,1.3897,1.3764,1.3824,27.235772357723462,1.40448,1.3590236649079597,1.3587829999999999,0.013942857142857146,0.010085978835978837,22.012578616352044,1.250000000000004,False,OPEN_TRADE_EXISTS|CLOSE_NOT_NEAR_OR_BELOW_LOWER_BB
2026-09-20T11:14:44.391350+00:00,SIE_OLD_MR_REGIME_EXHAUSTION_CONFIRM_V1,XRP,XRPUSDT,strategy-lab-v1.0.0:SIE_OLD_MR_REGIME_EXHAUSTION_CONFIRM_V1,1789898400000,2026-09-20T10:00:00+00:00,1.3823,1.3837,1.3735,1.3758,24.517374517374293,1.401375,1.3570033480136265,1.358845,0.01399285714285714,0.010170705875023361,27.235772357723462,1.25,False,OPEN_TRADE_EXISTS|CLOSE_NOT_NEAR_OR_BELOW_LOWER_BB|RSI_RECOVERY_NOT_CONFIRMED
2026-09-20T11:14:44.391350+00:00,SIE_OLD_MR_REGIME_EXHAUSTION_CONFIRM_V1,XRP,XRPUSDT,strategy-lab-v1.0.0:SIE_OLD_MR_REGIME_EXHAUSTION_CONFIRM_V1,1789902000000,2026-09-20T11:00:00+00:00,1.3758,1.3799,1.3741,1.3759,30.213270142179894,1.39865,1.3550558948939213,1.358904,0.012271428571428553,0.008918837540103608,24.517374517374293,1.2499999999999956,False,OPEN_TRADE_EXISTS|PLANNED_REWARD_TOO_LOW|CLOSE_NOT_NEAR_OR_BELOW_LOWER_BB
2026-09-20T11:14:44.391350+00:00,SIE_OLD_MR_REGIME_EXHAUSTION_CONFIRM_V1,DOGE,DOGEUSDT,strategy-lab-v1.0.0:SIE_OLD_MR_REGIME_EXHAUSTION_CONFIRM_V1,1789880400000,2026-09-20T05:00:00+00:00,0.08545,0.08563,0.08511,0.08535,24.12790697674413,0.08792950000000001,0.08503293323916136,0.083833,0.0011485714285714283,0.013457193070549834,24.057971014492708,1.250000000000003,False,CLOSE_NOT_NEAR_OR_BELOW_LOWER_BB|RSI_RECOVERY_NOT_CONFIRMED
2026-09-20T11:14:44.391350+00:00,SIE_OLD_MR_REGIME_EXHAUSTION_CONFIRM_V1,DOGE,DOGEUSDT,strategy-lab-v1.0.0:SIE_OLD_MR_REGIME_EXHAUSTION_CONFIRM_V1,1789884000000,2026-09-20T06:00:00+00:00,0.08537,0.08557,0.08486,0.08501,14.329738058551627,0.0878,0.08463677379879413,0.08383905,0.0011171428571428563,0.013141311106256395,24.12790697674413,1.250000000000003,False,CLOSE_NOT_NEAR_OR_BELOW_LOWER_BB|RSI_RECOVERY_NOT_CONFIRMED
2026-09-20T11:14:44.391350+00:00,SIE_OLD_MR_REGIME_EXHAUSTION_CONFIRM_V1,DOGE,DOGEUSDT,strategy-lab-v1.0.0:SIE_OLD_MR_REGIME_EXHAUSTION_CONFIRM_V1,1789887600000,2026-09-20T07:00:00+00:00,0.08502,0.08531,0.08482,0.08488,11.782945736434073,0.0876255,0.08423072474970793,0.08384205,0.0010207142857142834,0.01202538036892417,14.329738058551627,1.2499999999999967,False,PLANNED_REWARD_TOO_LOW|CLOSE_NOT_NEAR_OR_BELOW_LOWER_BB|RSI_RECOVERY_NOT_CONFIRMED
2026-09-20T11:14:44.391350+00:00,SIE_OLD_MR_REGIME_EXHAUSTION_CONFIRM_V1,DOGE,DOGEUSDT,strategy-lab-v1.0.0:SIE_OLD_MR_REGIME_EXHAUSTION_CONFIRM_V1,1789891200000,2026-09-20T08:00:00+00:00,0.08486,0.08514,0.08448,0.08475,11.6207951070336,0.08741499999999999,0.08385905005659589,0.08384474999999998,0.0009707142857142831,0.011453855878634608,11.782945736434073,1.2499999999999964,False,PLANNED_REWARD_TOO_LOW|CLOSE_NOT_NEAR_OR_BELOW_LOWER_BB|RSI_RECOVERY_NOT_CONFIRMED
2026-09-20T11:14:44.391350+00:00,SIE_OLD_MR_REGIME_EXHAUSTION_CONFIRM_V1,DOGE,DOGEUSDT,strategy-lab-v1.0.0:SIE_OLD_MR_REGIME_EXHAUSTION_CONFIRM_V1,1789894800000,2026-09-20T09:00:00+00:00,0.08475,0.0854,0.08475,0.08494,15.397082658022612,0.0872205,0.083571097446157,0.0838474,0.0009414285714285682,0.011083453866594869,11.6207951070336,1.2500000000000073,False,CLOSE_NOT_NEAR_OR_BELOW_LOWER_BB
2026-09-20T11:14:44.391350+00:00,SIE_OLD_MR_REGIME_EXHAUSTION_CONFIRM_V1,DOGE,DOGEUSDT,strategy-lab-v1.0.0:SIE_OLD_MR_REGIME_EXHAUSTION_CONFIRM_V1,1789898400000,2026-09-20T10:00:00+00:00,0.085,0.08504,0.08435,0.08466,15.224358974358893,0.0870035,0.08328762984618729,0.08384835,0.0009335714285714265,0.01102730248725994,15.397082658022612,1.25,False,CLOSE_NOT_NEAR_OR_BELOW_LOWER_BB|RSI_RECOVERY_NOT_CONFIRMED
2026-09-20T11:14:44.391350+00:00,SIE_OLD_MR_REGIME_EXHAUSTION_CONFIRM_V1,DOGE,DOGEUSDT,strategy-lab-v1.0.0:SIE_OLD_MR_REGIME_EXHAUSTION_CONFIRM_V1,1789902000000,2026-09-20T11:00:00+00:00,0.08466,0.08498,0.08462,0.08466,20.697167755991202,0.086791,0.0830495409263235,0.0838495,0.0007907142857142835,0.009339880530525436,15.224358974358893,1.2499999999999911,False,PLANNED_REWARD_TOO_LOW|CLOSE_NOT_NEAR_OR_BELOW_LOWER_BB
2026-09-20T11:14:44.391350+00:00,SIE_OLD_MR_REGIME_EXHAUSTION_CONFIRM_V1,BNB,BNBUSDT,strategy-lab-v1.0.0:SIE_OLD_MR_REGIME_EXHAUSTION_CONFIRM_V1,1789880400000,2026-09-20T05:00:00+00:00,748.98,751.22,748.69,751.07,27.905670971364557,761.751,747.7777557095593,732.3335000000001,4.646428571428577,0.006186412147241371,21.377607025246917,1.2500000000000062,False,OPEN_TRADE_EXISTS|CLOSE_NOT_NEAR_OR_BELOW_LOWER_BB
2026-09-20T11:14:44.391350+00:00,SIE_OLD_MR_REGIME_EXHAUSTION_CONFIRM_V1,BNB,BNBUSDT,strategy-lab-v1.0.0:SIE_OLD_MR_REGIME_EXHAUSTION_CONFIRM_V1,1789884000000,2026-09-20T06:00:00+00:00,751.14,753.23,749.89,751.63,26.27045650301463,761.0835,746.5277117698721,732.47085,4.6157142857142945,0.006140939405976736,27.905670971364557,1.2499999999999938,False,OPEN_TRADE_EXISTS|PLANNED_REWARD_TOO_LOW|CLOSE_NOT_NEAR_OR_BELOW_LOWER_BB|RSI_RECOVERY_NOT_CONFIRMED
2026-09-20T11:14:44.391350+00:00,SIE_OLD_MR_REGIME_EXHAUSTION_CONFIRM_V1,BNB,BNBUSDT,strategy-lab-v1.0.0:SIE_OLD_MR_REGIME_EXHAUSTION_CONFIRM_V1,1789887600000,2026-09-20T07:00:00+00:00,751.99,751.99,747.54,747.54,27.452745274527345,760.0780000000001,744.7193430274546,732.57505,4.440000000000014,0.005939481499317781,26.27045650301463,1.25,False,OPEN_TRADE_EXISTS|CLOSE_NOT_NEAR_OR_BELOW_LOWER_BB|RSI_RECOVERY_NOT_CONFIRMED
2026-09-20T11:14:44.391350+00:00,SIE_OLD_MR_REGIME_EXHAUSTION_CONFIRM_V1,BNB,BNBUSDT,strategy-lab-v1.0.0:SIE_OLD_MR_REGIME_EXHAUSTION_CONFIRM_V1,1789891200000,2026-09-20T08:00:00+00:00,747.62,750.68,747.62,749.17,29.070108536227508,758.889,744.0265413877678,732.6872999999999,4.475714285714299,0.0059742305294049405,27.452745274527345,1.25,False,OPEN_TRADE_EXISTS|CLOSE_NOT_NEAR_OR_BELOW_LOWER_BB
2026-09-20T11:14:44.391350+00:00,SIE_OLD_MR_REGIME_EXHAUSTION_CONFIRM_V1,BNB,BNBUSDT,strategy-lab-v1.0.0:SIE_OLD_MR_REGIME_EXHAUSTION_CONFIRM_V1,1789894800000,2026-09-20T09:00:00+00:00,749.28,752.85,749.28,750.47,32.120343839541576,757.9404999999999,743.4765704163664,732.7902499999999,4.637142857142878,0.006178984978937037,29.070108536227508,1.25,False,OPEN_TRADE_EXISTS|RSI_NOT_BELOW_32|CLOSE_NOT_NEAR_OR_BELOW_LOWER_BB
2026-09-20T11:14:44.391350+00:00,SIE_OLD_MR_REGIME_EXHAUSTION_CONFIRM_V1,BNB,BNBUSDT,strategy-lab-v1.0.0:SIE_OLD_MR_REGIME_EXHAUSTION_CONFIRM_V1,1789898400000,2026-09-20T10:00:00+00:00,750.47,751.24,747.89,748.72,31.613085166384735,756.8875,742.9684915942154,732.87555,4.693571428571447,0.006268793979820823,32.120343839541576,1.25,False,OPEN_TRADE_EXISTS|CLOSE_NOT_NEAR_OR_BELOW_LOWER_BB|RSI_RECOVERY_NOT_CONFIRMED
2026-09-20T11:14:44.391350+00:00,SIE_OLD_MR_REGIME_EXHAUSTION_CONFIRM_V1,BNB,BNBUSDT,strategy-lab-v1.0.0:SIE_OLD_MR_REGIME_EXHAUSTION_CONFIRM_V1,1789902000000,2026-09-20T11:00:00+00:00,748.72,750.11,748.17,749.0,34.24739195230994,755.997,742.4574961686072,732.9528999999999,4.402142857142882,0.005877360289910389,31.613085166384735,1.2499999999999936,False,OPEN_TRADE_EXISTS|PLANNED_REWARD_TOO_LOW|RSI_NOT_BELOW_32|CLOSE_NOT_NEAR_OR_BELOW_LOWER_BB
2026-09-20T11:14:44.391350+00:00,SIE_OLD_MR_REGIME_EXHAUSTION_CONFIRM_V1,PAXG,PAXGUSDT,strategy-lab-v1.0.0:SIE_OLD_MR_REGIME_EXHAUSTION_CONFIRM_V1,1789880400000,2026-09-20T05:00:00+00:00,4360.61,4361.51,4360.25,4361.39,38.320209973754785,4364.1095000000005,4359.567339830813,4336.9222,2.650000000000091,0.0006076044563774601,33.92689784442382,1.2500000000001716,False,RSI_NOT_BELOW_32|CLOSE_NOT_NEAR_OR_BELOW_LOWER_BB
2026-09-20T11:14:44.391350+00:00,SIE_OLD_MR_REGIME_EXHAUSTION_CONFIRM_V1,PAXG,PAXGUSDT,strategy-lab-v1.0.0:SIE_OLD_MR_REGIME_EXHAUSTION_CONFIRM_V1,1789884000000,2026-09-20T06:00:00+00:00,4360.41,4361.92,4360.12,4361.1,35.61521252796524,4363.938,4359.216811166395,4336.968349999999,2.5585714285715375,0.0005866802936349859,38.320209973754785,1.2500000000001776,False,RSI_NOT_BELOW_32|CLOSE_NOT_NEAR_OR_BELOW_LOWER_BB|RSI_RECOVERY_NOT_CONFIRMED
2026-09-20T11:14:44.391350+00:00,SIE_OLD_MR_REGIME_EXHAUSTION_CONFIRM_V1,PAXG,PAXGUSDT,strategy-lab-v1.0.0:SIE_OLD_MR_REGIME_EXHAUSTION_CONFIRM_V1,1789887600000,2026-09-20T07:00:00+00:00,4361.01,4361.25,4359.86,4359.86,39.87975951903819,4363.692,4358.668875075957,4336.990099999999,2.3242857142858417,0.0005331101719518154,35.61521252796524,1.250000000000098,False,RSI_NOT_BELOW_32|CLOSE_NOT_NEAR_OR_BELOW_LOWER_BB|RSI_RECOVERY_NOT_CONFIRMED
2026-09-20T11:14:44.391350+00:00,SIE_OLD_MR_REGIME_EXHAUSTION_CONFIRM_V1,PAXG,PAXGUSDT,strategy-lab-v1.0.0:SIE_OLD_MR_REGIME_EXHAUSTION_CONFIRM_V1,1789891200000,2026-09-20T08:00:00+00:00,4359.86,4362.06,4359.67,4361.17,40.029985007496904,4363.4235,4358.464337671285,4337.012650000001,2.372857142857291,0.0005440872845720967,39.87975951903819,1.250000000000096,False,RSI_NOT_BELOW_32|CLOSE_NOT_NEAR_OR_BELOW_LOWER_BB
2026-09-20T11:14:44.391350+00:00,SIE_OLD_MR_REGIME_EXHAUSTION_CONFIRM_V1,PAXG,PAXGUSDT,strategy-lab-v1.0.0:SIE_OLD_MR_REGIME_EXHAUSTION_CONFIRM_V1,1789894800000,2026-09-20T09:00:00+00:00,4361.28,4362.63,4360.69,4361.92,45.553822152886134,4363.232,4358.351817216278,4337.0428,2.341428571428748,0.0005367885177694107,40.029985007496904,1.249999999999903,False,PLANNED_REWARD_TOO_LOW|RSI_NOT_BELOW_32|CLOSE_NOT_NEAR_OR_BELOW_LOWER_BB
2026-09-20T11:14:44.391350+00:00,SIE_OLD_MR_REGIME_EXHAUSTION_CONFIRM_V1,PAXG,PAXGUSDT,strategy-lab-v1.0.0:SIE_OLD_MR_REGIME_EXHAUSTION_CONFIRM_V1,1789898400000,2026-09-20T10:00:00+00:00,4362.39,4362.39,4359.89,4360.4,43.6254980079674,4362.9235,4358.147404209238,4337.0653,2.3950000000001768,0.0005492615356389728,45.553822152886134,1.25,False,RSI_NOT_BELOW_32|CLOSE_NOT_NEAR_OR_BELOW_LOWER_BB|RSI_RECOVERY_NOT_CONFIRMED
2026-09-20T11:14:44.391350+00:00,SIE_OLD_MR_REGIME_EXHAUSTION_CONFIRM_V1,PAXG,PAXGUSDT,strategy-lab-v1.0.0:SIE_OLD_MR_REGIME_EXHAUSTION_CONFIRM_V1,1789902000000,2026-09-20T11:00:00+00:00,4359.26,4360.29,4359.26,4359.87,39.69465648854944,4362.580499999999,4357.964508340287,4337.094150000001,2.300000000000117,0.0005275386651437124,43.6254980079674,1.2499999999999012,False,PLANNED_REWARD_TOO_LOW|RSI_NOT_BELOW_32|CLOSE_NOT_NEAR_OR_BELOW_LOWER_BB|RSI_RECOVERY_NOT_CONFIRMED
2026-09-20T15:58:48.128540+00:00,SIE_OLD_MR_REGIME_EXHAUSTION_CONFIRM_V1,BTC,BTCUSDT,strategy-lab-v1.0.0:SIE_OLD_MR_REGIME_EXHAUSTION_CONFIRM_V1,1789905600000,2026-09-20T12:00:00+00:00,80437.36,80494.15,80285.78,80451.14,30.79883416314813,80759.8395,79859.41609989115,77918.05685,299.0199999999989,0.003716790091476627,35.86100393135828,1.2500000000000122,False,CLOSE_NOT_NEAR_OR_BELOW_LOWER_BB|RSI_RECOVERY_NOT_CONFIRMED
2026-09-20T15:58:48.128540+00:00,SIE_OLD_MR_REGIME_EXHAUSTION_CONFIRM_V1,BTC,BTCUSDT,strategy-lab-v1.0.0:SIE_OLD_MR_REGIME_EXHAUSTION_CONFIRM_V1,1789909200000,2026-09-20T13:00:00+00:00,80451.15,80614.9,80388.0,80522.05,33.0836573101526,80714.087,79864.40379625373,77934.6671,304.1185714285696,0.0037768359279050845,30.79883416314813,1.250000000000012,False,RSI_NOT_BELOW_32|CLOSE_NOT_NEAR_OR_BELOW_LOWER_BB
2026-09-20T15:58:48.128540+00:00,SIE_OLD_MR_REGIME_EXHAUSTION_CONFIRM_V1,BTC,BTCUSDT,strategy-lab-v1.0.0:SIE_OLD_MR_REGIME_EXHAUSTION_CONFIRM_V1,1789912800000,2026-09-20T14:00:00+00:00,80522.05,80746.18,80377.5,80639.59,35.764145520243034,80675.4545,79888.29625363307,77951.46974999999,321.07857142856875,0.003981649353978223,33.0836573101526,1.2500000000000226,False,RSI_NOT_BELOW_32|CLOSE_NOT_NEAR_OR_BELOW_LOWER_BB
2026-09-20T15:58:48.128540+00:00,SIE_OLD_MR_REGIME_EXHAUSTION_CONFIRM_V1,BTC,BTCUSDT,strategy-lab-v1.0.0:SIE_OLD_MR_REGIME_EXHAUSTION_CONFIRM_V1,1789916400000,2026-09-20T15:00:00+00:00,80639.59,80918.95,80628.06,80916.02,46.58027104794952,80654.00450000001,79919.36958725529,77969.76484999999,321.72928571428304,0.003976088859959783,35.764145520243034,1.2499999999999887,False,PLANNED_REWARD_TOO_LOW|RSI_NOT_BELOW_32|CLOSE_NOT_NEAR_OR_BELOW_LOWER_BB
2026-09-20T15:58:48.128540+00:00,SIE_OLD_MR_REGIME_EXHAUSTION_CONFIRM_V1,SOL,SOLUSDT,strategy-lab-v1.0.0:SIE_OLD_MR_REGIME_EXHAUSTION_CONFIRM_V1,1789905600000,2026-09-20T12:00:00+00:00,108.42,108.81,108.08,108.35,34.257975034674075,109.495,106.88921796767242,103.1728,0.9657142857142864,0.00891291449667085,35.67493112947666,1.25,False,RSI_NOT_BELOW_32|CLOSE_NOT_NEAR_OR_BELOW_LOWER_BB|RSI_RECOVERY_NOT_CONFIRMED
2026-09-20T15:58:48.128540+00:00,SIE_OLD_MR_REGIME_EXHAUSTION_CONFIRM_V1,SOL,SOLUSDT,strategy-lab-v1.0.0:SIE_OLD_MR_REGIME_EXHAUSTION_CONFIRM_V1,1789909200000,2026-09-20T13:00:00+00:00,108.34,108.54,107.9,108.2,29.64028776978428,109.3365,106.82216291042724,103.20559999999999,0.9685714285714297,0.008951676789015062,34.257975034674075,1.2499999999999962,False,PLANNED_REWARD_TOO_LOW|CLOSE_NOT_NEAR_OR_BELOW_LOWER_BB|RSI_RECOVERY_NOT_CONFIRMED
2026-09-20T15:58:48.128540+00:00,SIE_OLD_MR_REGIME_EXHAUSTION_CONFIRM_V1,SOL,SOLUSDT,strategy-lab-v1.0.0:SIE_OLD_MR_REGIME_EXHAUSTION_CONFIRM_V1,1789912800000,2026-09-20T14:00:00+00:00,108.19,108.61,107.89,108.11,29.768786127167743,109.1865,106.75674877816654,103.23774999999999,0.980000000000001,0.009064841365276117,29.64028776978428,1.2500000000000036,False,CLOSE_NOT_NEAR_OR_BELOW_LOWER_BB|RSI_RECOVERY_NOT_CONFIRMED
2026-09-20T15:58:48.128540+00:00,SIE_OLD_MR_REGIME_EXHAUSTION_CONFIRM_V1,SOL,SOLUSDT,strategy-lab-v1.0.0:SIE_OLD_MR_REGIME_EXHAUSTION_CONFIRM_V1,1789916400000,2026-09-20T15:00:00+00:00,108.11,108.61,108.0,108.6,38.519637462235636,109.0595,106.79129828939287,103.2725,0.9321428571428589,0.008583267561168131,29.768786127167743,1.2500000000000038,False,RSI_NOT_BELOW_32|CLOSE_NOT_NEAR_OR_BELOW_LOWER_BB
2026-09-20T15:58:48.128540+00:00,SIE_OLD_MR_REGIME_EXHAUSTION_CONFIRM_V1,XRP,XRPUSDT,strategy-lab-v1.0.0:SIE_OLD_MR_REGIME_EXHAUSTION_CONFIRM_V1,1789905600000,2026-09-20T12:00:00+00:00,1.38,1.3835,1.373,1.3794,27.87878787878772,1.396135,1.3552913334163075,1.3590055,0.01161428571428572,0.008419809855216558,33.446327683615635,1.25,False,OPEN_TRADE_EXISTS|CLOSE_NOT_NEAR_OR_BELOW_LOWER_BB|RSI_RECOVERY_NOT_CONFIRMED
2026-09-20T15:58:48.128540+00:00,SIE_OLD_MR_REGIME_EXHAUSTION_CONFIRM_V1,XRP,XRPUSDT,strategy-lab-v1.0.0:SIE_OLD_MR_REGIME_EXHAUSTION_CONFIRM_V1,1789909200000,2026-09-20T13:00:00+00:00,1.3793,1.3831,1.374,1.377,29.150823827629765,1.3936199999999999,1.3546086888197817,1.3590720000000003,0.011728571428571422,0.00851748106650067,27.87878787878772,1.2500000000000047,False,OPEN_TRADE_EXISTS|CLOSE_NOT_NEAR_OR_BELOW_LOWER_BB|RSI_RECOVERY_NOT_CONFIRMED
2026-09-20T15:58:48.128540+00:00,SIE_OLD_MR_REGIME_EXHAUSTION_CONFIRM_V1,XRP,XRPUSDT,strategy-lab-v1.0.0:SIE_OLD_MR_REGIME_EXHAUSTION_CONFIRM_V1,1789912800000,2026-09-20T14:00:00+00:00,1.377,1.3836,1.3736,1.3787,32.45729303547952,1.391055,1.3553424545852606,1.3591505000000002,0.011921428571428559,0.008646861950698888,29.150823827629765,1.2499999999999907,False,OPEN_TRADE_EXISTS|PLANNED_REWARD_TOO_LOW|RSI_NOT_BELOW_32|CLOSE_NOT_NEAR_OR_BELOW_LOWER_BB
2026-09-20T15:58:48.128540+00:00,SIE_OLD_MR_REGIME_EXHAUSTION_CONFIRM_V1,XRP,XRPUSDT,strategy-lab-v1.0.0:SIE_OLD_MR_REGIME_EXHAUSTION_CONFIRM_V1,1789916400000,2026-09-20T15:00:00+00:00,1.379,1.3905,1.379,1.3901,44.02439024390235,1.3892,1.357569129003459,1.3592555000000002,0.011978571428571425,0.008617057354558252,32.45729303547952,1.2499999999999953,False,OPEN_TRADE_EXISTS|PLANNED_REWARD_TOO_LOW|RSI_NOT_BELOW_32|CLOSE_NOT_NEAR_OR_BELOW_LOWER_BB
2026-09-20T15:58:48.128540+00:00,SIE_OLD_MR_REGIME_EXHAUSTION_CONFIRM_V1,DOGE,DOGEUSDT,strategy-lab-v1.0.0:SIE_OLD_MR_REGIME_EXHAUSTION_CONFIRM_V1,1789905600000,2026-09-20T12:00:00+00:00,0.08508,0.08542,0.08477,0.08511,21.041214750542323,0.086587,0.08306127113918323,0.08385545,0.0007699999999999979,0.009047115497591327,27.777777777777814,1.25,False,CLOSE_NOT_NEAR_OR_BELOW_LOWER_BB|RSI_RECOVERY_NOT_CONFIRMED
2026-09-20T15:58:48.128540+00:00,SIE_OLD_MR_REGIME_EXHAUSTION_CONFIRM_V1,DOGE,DOGEUSDT,strategy-lab-v1.0.0:SIE_OLD_MR_REGIME_EXHAUSTION_CONFIRM_V1,1789909200000,2026-09-20T13:00:00+00:00,0.08514,0.0852,0.08473,0.08491,20.59447983014863,0.086342,0.08307464877921021,0.0838581,0.0007707142857142843,0.00907683766004339,21.041214750542323,1.2500000000000044,False,CLOSE_NOT_NEAR_OR_BELOW_LOWER_BB|RSI_RECOVERY_NOT_CONFIRMED
2026-09-20T15:58:48.128540+00:00,SIE_OLD_MR_REGIME_EXHAUSTION_CONFIRM_V1,DOGE,DOGEUSDT,strategy-lab-v1.0.0:SIE_OLD_MR_REGIME_EXHAUSTION_CONFIRM_V1,1789912800000,2026-09-20T14:00:00+00:00,0.08492,0.08537,0.08477,0.08508,24.10147991543346,0.0861075,0.08320510185363952,0.08386144999999999,0.0007778571428571417,0.00914265565182348,20.59447983014863,1.2500000000000089,False,CLOSE_NOT_NEAR_OR_BELOW_LOWER_BB
2026-09-20T15:58:48.128540+00:00,SIE_OLD_MR_REGIME_EXHAUSTION_CONFIRM_V1,DOGE,DOGEUSDT,strategy-lab-v1.0.0:SIE_OLD_MR_REGIME_EXHAUSTION_CONFIRM_V1,1789916400000,2026-09-20T15:00:00+00:00,0.08515,0.08579,0.08515,0.08579,36.274509803921596,0.0859365,0.08340628044430985,0.08386664999999999,0.0007692857142857135,0.008967079080145861,24.10147991543346,1.2499999999999956,False,PLANNED_REWARD_TOO_LOW|RSI_NOT_BELOW_32|CLOSE_NOT_NEAR_OR_BELOW_LOWER_BB
2026-09-20T15:58:48.128540+00:00,SIE_OLD_MR_REGIME_EXHAUSTION_CONFIRM_V1,BNB,BNBUSDT,strategy-lab-v1.0.0:SIE_OLD_MR_REGIME_EXHAUSTION_CONFIRM_V1,1789905600000,2026-09-20T12:00:00+00:00,752.08,753.67,751.01,752.25,37.054833239118274,755.3745,743.2213564148904,733.0654499999999,4.504285714285735,0.005987751032616464,40.394487976222656,1.25,False,OPEN_TRADE_EXISTS|RSI_NOT_BELOW_32|CLOSE_NOT_NEAR_OR_BELOW_LOWER_BB|RSI_RECOVERY_NOT_CONFIRMED
2026-09-20T15:58:48.128540+00:00,SIE_OLD_MR_REGIME_EXHAUSTION_CONFIRM_V1,BNB,BNBUSDT,strategy-lab-v1.0.0:SIE_OLD_MR_REGIME_EXHAUSTION_CONFIRM_V1,1789909200000,2026-09-20T13:00:00+00:00,752.61,753.68,749.54,751.77,35.933539847930234,754.8345,743.0541800128228,733.1602500000001,4.655000000000014,0.0061920534205940824,37.054833239118274,1.2500000000000122,False,OPEN_TRADE_EXISTS|RSI_NOT_BELOW_32|CLOSE_NOT_NEAR_OR_BELOW_LOWER_BB|RSI_RECOVERY_NOT_CONFIRMED
2026-09-20T15:58:48.128540+00:00,SIE_OLD_MR_REGIME_EXHAUSTION_CONFIRM_V1,BNB,BNBUSDT,strategy-lab-v1.0.0:SIE_OLD_MR_REGIME_EXHAUSTION_CONFIRM_V1,1789912800000,2026-09-20T14:00:00+00:00,751.78,754.79,751.57,753.1,35.73446327683621,754.3174999999999,743.2045546208358,733.2678500000001,4.713571428571429,0.006258891818578447,35.933539847930234,1.25,False,OPEN_TRADE_EXISTS|RSI_NOT_BELOW_32|CLOSE_NOT_NEAR_OR_BELOW_LOWER_BB|RSI_RECOVERY_NOT_CONFIRMED
2026-09-20T15:58:48.128540+00:00,SIE_OLD_MR_REGIME_EXHAUSTION_CONFIRM_V1,BNB,BNBUSDT,strategy-lab-v1.0.0:SIE_OLD_MR_REGIME_EXHAUSTION_CONFIRM_V1,1789916400000,2026-09-20T15:00:00+00:00,753.54,756.6,753.54,756.49,44.51845684152092,753.9945,743.5484395463992,733.38305,4.630714285714289,0.0061213159271296235,35.73446327683621,1.2499999999999878,False,PLANNED_REWARD_TOO_LOW|RSI_NOT_BELOW_32|CLOSE_NOT_NEAR_OR_BELOW_LOWER_BB
2026-09-20T15:58:48.128540+00:00,SIE_OLD_MR_REGIME_EXHAUSTION_CONFIRM_V1,PAXG,PAXGUSDT,strategy-lab-v1.0.0:SIE_OLD_MR_REGIME_EXHAUSTION_CONFIRM_V1,1789905600000,2026-09-20T12:00:00+00:00,4358.82,4359.92,4358.38,4359.71,33.22981366459872,4362.137,4357.820987488207,4337.108450000001,2.25000000000013,0.0005160893729170358,37.68115942028941,1.25,False,RSI_NOT_BELOW_32|CLOSE_NOT_NEAR_OR_BELOW_LOWER_BB|RSI_RECOVERY_NOT_CONFIRMED
2026-09-20T15:58:48.128540+00:00,SIE_OLD_MR_REGIME_EXHAUSTION_CONFIRM_V1,PAXG,PAXGUSDT,strategy-lab-v1.0.0:SIE_OLD_MR_REGIME_EXHAUSTION_CONFIRM_V1,1789909200000,2026-09-20T13:00:00+00:00,4360.2,4360.2,4358.49,4358.93,32.68839103869948,4361.8885,4357.436950718912,4337.13,2.2585714285715506,0.000518148130062091,33.22981366459872,1.2499999999998994,False,PLANNED_REWARD_TOO_LOW|RSI_NOT_BELOW_32|CLOSE_NOT_NEAR_OR_BELOW_LOWER_BB|RSI_RECOVERY_NOT_CONFIRMED
2026-09-20T15:58:48.128540+00:00,SIE_OLD_MR_REGIME_EXHAUSTION_CONFIRM_V1,PAXG,PAXGUSDT,strategy-lab-v1.0.0:SIE_OLD_MR_REGIME_EXHAUSTION_CONFIRM_V1,1789912800000,2026-09-20T14:00:00+00:00,4359.73,4360.07,4358.68,4359.79,39.20301561658619,4361.62,4357.345877867684,4337.15535,2.1600000000000494,0.0004954367068138717,32.68839103869948,1.25,False,RSI_NOT_BELOW_32|CLOSE_NOT_NEAR_OR_BELOW_LOWER_BB
2026-09-20T15:58:48.128540+00:00,SIE_OLD_MR_REGIME_EXHAUSTION_CONFIRM_V1,PAXG,PAXGUSDT,strategy-lab-v1.0.0:SIE_OLD_MR_REGIME_EXHAUSTION_CONFIRM_V1,1789916400000,2026-09-20T15:00:00+00:00,4358.86,4360.88,4358.86,4360.18,42.61111111111226,4361.4475,4357.233737429334,4337.1789499999995,2.1464285714286495,0.0004922798075833221,39.20301561658619,1.25,False,RSI_NOT_BELOW_32|CLOSE_NOT_NEAR_OR_BELOW_LOWER_BB
2026-09-20T18:43:10.679381+00:00,SIE_OLD_MR_REGIME_EXHAUSTION_CONFIRM_V1,BTC,BTCUSDT,strategy-lab-v1.0.0:SIE_OLD_MR_REGIME_EXHAUSTION_CONFIRM_V1,1789920000000,2026-09-20T16:00:00+00:00,80874.2,81472.04,80776.51,81311.99,76.40408173972355,80661.0955,79901.46245302037,77989.41205,307.92071428571114,0.003786904173489188,45.58050238752647,1.2499999999999882,False,PLANNED_REWARD_TOO_LOW|RSI_NOT_BELOW_32|CLOSE_NOT_NEAR_OR_BELOW_LOWER_BB
2026-09-20T18:43:10.679381+00:00,SIE_OLD_MR_REGIME_EXHAUSTION_CONFIRM_V1,BTC,BTCUSDT,strategy-lab-v1.0.0:SIE_OLD_MR_REGIME_EXHAUSTION_CONFIRM_V1,1789923600000,2026-09-20T17:00:00+00:00,81317.7,81437.99,81039.0,81129.33,67.32288550273066,80664.3755,79897.28676084164,78008.3786,306.8757142857118,0.003782549594403304,76.40408173972355,1.25,False,RSI_NOT_BELOW_32|CLOSE_NOT_NEAR_OR_BELOW_LOWER_BB|RSI_RECOVERY_NOT_CONFIRMED
2026-09-20T18:43:10.679381+00:00,SIE_OLD_MR_REGIME_EXHAUSTION_CONFIRM_V1,BTC,BTCUSDT,strategy-lab-v1.0.0:SIE_OLD_MR_REGIME_EXHAUSTION_CONFIRM_V1,1789927200000,2026-09-20T18:00:00+00:00,81129.33,81299.55,80987.7,81205.57,70.77369925437098,80663.0305,79899.8464312305,78027.8479,313.6378571428556,0.0038622702499699906,67.32288550273066,1.2499999999999885,False,PLANNED_REWARD_TOO_LOW|RSI_NOT_BELOW_32|CLOSE_NOT_NEAR_OR_BELOW_LOWER_BB
2026-09-20T18:43:10.679381+00:00,SIE_OLD_MR_REGIME_EXHAUSTION_CONFIRM_V1,SOL,SOLUSDT,strategy-lab-v1.0.0:SIE_OLD_MR_REGIME_EXHAUSTION_CONFIRM_V1,1789920000000,2026-09-20T16:00:00+00:00,108.77,110.69,108.48,110.31,73.0703259005144,109.0305,106.8812910757674,103.31585000000001,0.8807142857142877,0.007983993162127528,40.14705882352945,1.250000000000004,False,RSI_NOT_BELOW_32|CLOSE_NOT_NEAR_OR_BELOW_LOWER_BB
2026-09-20T18:43:10.679381+00:00,SIE_OLD_MR_REGIME_EXHAUSTION_CONFIRM_V1,SOL,SOLUSDT,strategy-lab-v1.0.0:SIE_OLD_MR_REGIME_EXHAUSTION_CONFIRM_V1,1789923600000,2026-09-20T17:00:00+00:00,110.3,110.5,109.47,109.89,60.279441117764385,109.0,106.91883686367429,103.3553,0.8328571428571446,0.007579007579007595,73.0703259005144,1.2500000000000042,False,RSI_NOT_BELOW_32|CLOSE_NOT_NEAR_OR_BELOW_LOWER_BB|RSI_RECOVERY_NOT_CONFIRMED
2026-09-20T18:43:10.679381+00:00,SIE_OLD_MR_REGIME_EXHAUSTION_CONFIRM_V1,SOL,SOLUSDT,strategy-lab-v1.0.0:SIE_OLD_MR_REGIME_EXHAUSTION_CONFIRM_V1,1789927200000,2026-09-20T18:00:00+00:00,109.87,110.34,109.58,109.9,59.38775510204074,108.96399999999998,106.97322728570006,103.3942,0.8421428571428586,0.007662810347068777,60.279441117764385,1.2499999999999958,False,PLANNED_REWARD_TOO_LOW|RSI_NOT_BELOW_32|CLOSE_NOT_NEAR_OR_BELOW_LOWER_BB|RSI_RECOVERY_NOT_CONFIRMED
2026-09-20T18:43:10.679381+00:00,SIE_OLD_MR_REGIME_EXHAUSTION_CONFIRM_V1,XRP,XRPUSDT,strategy-lab-v1.0.0:SIE_OLD_MR_REGIME_EXHAUSTION_CONFIRM_V1,1789920000000,2026-09-20T16:00:00+00:00,1.3908,1.4174,1.3871,1.4102,77.51724137931048,1.3883249999999998,1.3604742639235543,1.359478,0.011464285714285705,0.008129545961059215,44.63208685162848,1.2500000000000098,False,RSI_NOT_BELOW_32|CLOSE_NOT_NEAR_OR_BELOW_LOWER_BB
2026-09-20T18:43:10.679381+00:00,SIE_OLD_MR_REGIME_EXHAUSTION_CONFIRM_V1,XRP,XRPUSDT,strategy-lab-v1.0.0:SIE_OLD_MR_REGIME_EXHAUSTION_CONFIRM_V1,1789923600000,2026-09-20T17:00:00+00:00,1.4102,1.414,1.398,1.4026,65.05847953216401,1.3879899999999998,1.361008902913339,1.3596439999999999,0.011221428571428558,0.008000448147318236,77.51724137931048,1.24999999999999,False,PLANNED_REWARD_TOO_LOW|RSI_NOT_BELOW_32|CLOSE_NOT_NEAR_OR_BELOW_LOWER_BB|RSI_RECOVERY_NOT_CONFIRMED
2026-09-20T18:43:10.679381+00:00,SIE_OLD_MR_REGIME_EXHAUSTION_CONFIRM_V1,XRP,XRPUSDT,strategy-lab-v1.0.0:SIE_OLD_MR_REGIME_EXHAUSTION_CONFIRM_V1,1789927200000,2026-09-20T18:00:00+00:00,1.4024,1.4124,1.3978,1.4071,68.43575418994426,1.3875499999999998,1.3621639802253322,1.359814,0.011699999999999997,0.008314974060123657,65.05847953216401,1.2500000000000047,False,RSI_NOT_BELOW_32|CLOSE_NOT_NEAR_OR_BELOW_LOWER_BB
2026-09-20T18:43:10.679381+00:00,SIE_OLD_MR_REGIME_EXHAUSTION_CONFIRM_V1,DOGE,DOGEUSDT,strategy-lab-v1.0.0:SIE_OLD_MR_REGIME_EXHAUSTION_CONFIRM_V1,1789920000000,2026-09-20T16:00:00+00:00,0.08581,0.08756,0.0856,0.08745,70.19999999999992,0.0858595,0.08363265043166436,0.08388010000000001,0.0007492857142857133,0.008568161398350066,36.39921722113502,1.2500000000000047,False,RSI_NOT_BELOW_32|CLOSE_NOT_NEAR_OR_BELOW_LOWER_BB
2026-09-20T18:43:10.679381+00:00,SIE_OLD_MR_REGIME_EXHAUSTION_CONFIRM_V1,DOGE,DOGEUSDT,strategy-lab-v1.0.0:SIE_OLD_MR_REGIME_EXHAUSTION_CONFIRM_V1,1789923600000,2026-09-20T17:00:00+00:00,0.08741,0.08781,0.08668,0.087,62.109374999999886,0.085842,0.0836571741488172,0.08389039999999999,0.0007471428571428559,0.008587848932676506,70.19999999999992,1.2499999999999907,False,PLANNED_REWARD_TOO_LOW|RSI_NOT_BELOW_32|CLOSE_NOT_NEAR_OR_BELOW_LOWER_BB|RSI_RECOVERY_NOT_CONFIRMED
2026-09-20T18:43:10.679381+00:00,SIE_OLD_MR_REGIME_EXHAUSTION_CONFIRM_V1,DOGE,DOGEUSDT,strategy-lab-v1.0.0:SIE_OLD_MR_REGIME_EXHAUSTION_CONFIRM_V1,1789927200000,2026-09-20T18:00:00+00:00,0.08699,0.08726,0.08659,0.08683,64.24242424242433,0.08579450000000001,0.08374303735105981,0.08389955,0.0007557142857142841,0.008703377700268158,62.109374999999886,1.2500000000000047,False,RSI_NOT_BELOW_32|CLOSE_NOT_NEAR_OR_BELOW_LOWER_BB|RSI_RECOVERY_NOT_CONFIRMED
2026-09-20T18:43:10.679381+00:00,SIE_OLD_MR_REGIME_EXHAUSTION_CONFIRM_V1,BNB,BNBUSDT,strategy-lab-v1.0.0:SIE_OLD_MR_REGIME_EXHAUSTION_CONFIRM_V1,1789920000000,2026-09-20T16:00:00+00:00,756.53,764.67,756.18,763.73,75.24240465416923,754.1324999999999,743.3226528687874,733.5322,4.1328571428571435,0.005411411287833585,45.708853883758735,1.25,False,RSI_NOT_BELOW_32|CLOSE_NOT_NEAR_OR_BELOW_LOWER_BB
2026-09-20T18:43:10.679381+00:00,SIE_OLD_MR_REGIME_EXHAUSTION_CONFIRM_V1,BNB,BNBUSDT,strategy-lab-v1.0.0:SIE_OLD_MR_REGIME_EXHAUSTION_CONFIRM_V1,1789923600000,2026-09-20T17:00:00+00:00,763.73,768.39,760.2,763.87,73.71310912834582,754.3475,742.9581016401135,733.6760500000001,4.239285714285708,0.005549747619733342,75.24240465416923,1.2500000000000067,False,RSI_NOT_BELOW_32|CLOSE_NOT_NEAR_OR_BELOW_LOWER_BB|RSI_RECOVERY_NOT_CONFIRMED
2026-09-20T18:43:10.679381+00:00,SIE_OLD_MR_REGIME_EXHAUSTION_CONFIRM_V1,BNB,BNBUSDT,strategy-lab-v1.0.0:SIE_OLD_MR_REGIME_EXHAUSTION_CONFIRM_V1,1789927200000,2026-09-20T18:00:00+00:00,763.93,771.96,763.76,769.43,80.5481084301458,754.7484999999999,741.9190116625724,733.8339,4.592142857142854,0.005968239940141214,73.71310912834582,1.2499999999999938,False,PLANNED_REWARD_TOO_LOW|RSI_NOT_BELOW_32|CLOSE_NOT_NEAR_OR_BELOW_LOWER_BB
2026-09-20T18:43:10.679381+00:00,SIE_OLD_MR_REGIME_EXHAUSTION_CONFIRM_V1,PAXG,PAXGUSDT,strategy-lab-v1.0.0:SIE_OLD_MR_REGIME_EXHAUSTION_CONFIRM_V1,1789920000000,2026-09-20T16:00:00+00:00,4359.23,4367.63,4358.73,4362.6,59.52802359882054,4361.4205,4357.218269758609,4337.2118,2.5057142857143453,0.0005743626015940826,42.031425364758974,1.2500000000000908,False,RSI_NOT_BELOW_32|CLOSE_NOT_NEAR_OR_BELOW_LOWER_BB
2026-09-20T18:43:10.679381+00:00,SIE_OLD_MR_REGIME_EXHAUSTION_CONFIRM_V1,PAXG,PAXGUSDT,strategy-lab-v1.0.0:SIE_OLD_MR_REGIME_EXHAUSTION_CONFIRM_V1,1789923600000,2026-09-20T17:00:00+00:00,4362.42,4366.71,4359.69,4359.81,46.239554317550606,4361.215,4357.121216908327,4337.2337,2.7907142857143947,0.0006400999781445509,59.52802359882054,1.25,False,RSI_NOT_BELOW_32|CLOSE_NOT_NEAR_OR_BELOW_LOWER_BB|RSI_RECOVERY_NOT_CONFIRMED
2026-09-20T18:43:10.679381+00:00,SIE_OLD_MR_REGIME_EXHAUSTION_CONFIRM_V1,PAXG,PAXGUSDT,strategy-lab-v1.0.0:SIE_OLD_MR_REGIME_EXHAUSTION_CONFIRM_V1,1789927200000,2026-09-20T18:00:00+00:00,4359.46,4360.69,4357.83,4359.75,50.12077294685978,4360.893,4357.454476479408,4337.25965,2.784285714285813,0.0006386342598281582,46.239554317550606,1.25,False,RSI_NOT_BELOW_32|CLOSE_NOT_NEAR_OR_BELOW_LOWER_BB|RSI_RECOVERY_NOT_CONFIRMED
2026-09-20T22:23:12.210755+00:00,SIE_OLD_MR_REGIME_EXHAUSTION_CONFIRM_V1,BTC,BTCUSDT,strategy-lab-v1.0.0:SIE_OLD_MR_REGIME_EXHAUSTION_CONFIRM_V1,1789930800000,2026-09-20T19:00:00+00:00,81020.32,81280.0,81020.32,81162.44,67.11719351977963,80650.1945,79920.02089336693,78046.03485,315.29857142856883,0.003884784284806726,65.75555398544526,1.25,False,RSI_NOT_BELOW_32|CLOSE_NOT_NEAR_OR_BELOW_LOWER_BB
2026-09-20T22:23:12.210755+00:00,SIE_OLD_MR_REGIME_EXHAUSTION_CONFIRM_V1,BTC,BTCUSDT,strategy-lab-v1.0.0:SIE_OLD_MR_REGIME_EXHAUSTION_CONFIRM_V1,1789934400000,2026-09-20T20:00:00+00:00,81162.45,81213.43,81043.25,81073.47,70.33982234366194,80640.68549999999,79938.29051768339,78064.80485,299.2564285714262,0.003691175776384386,67.11719351977963,1.2499999999999878,False,PLANNED_REWARD_TOO_LOW|RSI_NOT_BELOW_32|CLOSE_NOT_NEAR_OR_BELOW_LOWER_BB|RSI_RECOVERY_NOT_CONFIRMED
2026-09-20T22:23:12.210755+00:00,SIE_OLD_MR_REGIME_EXHAUSTION_CONFIRM_V1,BTC,BTCUSDT,strategy-lab-v1.0.0:SIE_OLD_MR_REGIME_EXHAUSTION_CONFIRM_V1,1789938000000,2026-09-20T21:00:00+00:00,81073.48,81075.1,80570.77,80920.28,65.06374105492628,80633.114,79946.37708261423,78082.64825,324.91071428571223,0.004015195131377601,70.33982234366194,1.2499999999999776,False,PLANNED_REWARD_TOO_LOW|RSI_NOT_BELOW_32|CLOSE_NOT_NEAR_OR_BELOW_LOWER_BB|RSI_RECOVERY_NOT_CONFIRMED
2026-09-20T22:23:12.210755+00:00,SIE_OLD_MR_REGIME_EXHAUSTION_CONFIRM_V1,BTC,BTCUSDT,strategy-lab-v1.0.0:SIE_OLD_MR_REGIME_EXHAUSTION_CONFIRM_V1,1789941600000,2026-09-20T22:00:00+00:00,80920.28,81280.0,80756.44,81114.26,69.71019522004514,80673.555,79973.63218969548,78100.9995,340.17857142856934,0.004193819575356656,65.06374105492628,1.2500000000000107,False,RSI_NOT_BELOW_32|CLOSE_NOT_NEAR_OR_BELOW_LOWER_BB
2026-09-20T22:23:12.210755+00:00,SIE_OLD_MR_REGIME_EXHAUSTION_CONFIRM_V1,SOL,SOLUSDT,strategy-lab-v1.0.0:SIE_OLD_MR_REGIME_EXHAUSTION_CONFIRM_V1,1789930800000,2026-09-20T19:00:00+00:00,109.39,110.83,109.3,110.41,63.65105008077537,108.90650000000001,107.07014191945007,103.43305000000001,0.9342857142857162,0.008461966436787576,53.604436229205156,1.2500000000000075,False,RSI_NOT_BELOW_32|CLOSE_NOT_NEAR_OR_BELOW_LOWER_BB
2026-09-20T22:23:12.210755+00:00,SIE_OLD_MR_REGIME_EXHAUSTION_CONFIRM_V1,SOL,SOLUSDT,strategy-lab-v1.0.0:SIE_OLD_MR_REGIME_EXHAUSTION_CONFIRM_V1,1789934400000,2026-09-20T20:00:00+00:00,110.44,110.61,110.05,110.1,63.65105008077537,108.86599999999999,107.17847637053548,103.4733,0.9164285714285734,0.008323601920332184,63.65105008077537,1.2500000000000038,False,RSI_NOT_BELOW_32|CLOSE_NOT_NEAR_OR_BELOW_LOWER_BB|RSI_RECOVERY_NOT_CONFIRMED
2026-09-20T22:23:12.210755+00:00,SIE_OLD_MR_REGIME_EXHAUSTION_CONFIRM_V1,SOL,SOLUSDT,strategy-lab-v1.0.0:SIE_OLD_MR_REGIME_EXHAUSTION_CONFIRM_V1,1789938000000,2026-09-20T21:00:00+00:00,110.11,110.11,109.05,109.88,61.34585289514856,108.854,107.19922025634799,103.51295,0.9657142857142874,0.008788808570388492,63.65105008077537,1.25,False,RSI_NOT_BELOW_32|CLOSE_NOT_NEAR_OR_BELOW_LOWER_BB|RSI_RECOVERY_NOT_CONFIRMED
2026-09-20T22:23:12.210755+00:00,SIE_OLD_MR_REGIME_EXHAUSTION_CONFIRM_V1,SOL,SOLUSDT,strategy-lab-v1.0.0:SIE_OLD_MR_REGIME_EXHAUSTION_CONFIRM_V1,1789941600000,2026-09-20T22:00:00+00:00,109.88,110.57,109.55,110.26,67.50392464678177,108.98600000000002,107.32485100006019,103.5543,0.9664285714285725,0.008764997020030587,61.34585289514856,1.2500000000000038,False,RSI_NOT_BELOW_32|CLOSE_NOT_NEAR_OR_BELOW_LOWER_BB
2026-09-20T22:23:12.210755+00:00,SIE_OLD_MR_REGIME_EXHAUSTION_CONFIRM_V1,XRP,XRPUSDT,strategy-lab-v1.0.0:SIE_OLD_MR_REGIME_EXHAUSTION_CONFIRM_V1,1789930800000,2026-09-20T19:00:00+00:00,1.4038,1.4138,1.4003,1.4089,68.65464632454945,1.3873250000000001,1.362614931202042,1.3599810000000003,0.01215714285714285,0.008628818835362944,66.81350954478717,1.250000000000009,False,RSI_NOT_BELOW_32|CLOSE_NOT_NEAR_OR_BELOW_LOWER_BB
2026-09-20T22:23:12.210755+00:00,SIE_OLD_MR_REGIME_EXHAUSTION_CONFIRM_V1,XRP,XRPUSDT,strategy-lab-v1.0.0:SIE_OLD_MR_REGIME_EXHAUSTION_CONFIRM_V1,1789934400000,2026-09-20T20:00:00+00:00,1.4088,1.4123,1.4054,1.4058,67.25543478260863,1.387345,1.362575868000678,1.3601590000000001,0.012128571428571424,0.008627522712029751,68.65464632454945,1.2500000000000047,False,RSI_NOT_BELOW_32|CLOSE_NOT_NEAR_OR_BELOW_LOWER_BB|RSI_RECOVERY_NOT_CONFIRMED
2026-09-20T22:23:12.210755+00:00,SIE_OLD_MR_REGIME_EXHAUSTION_CONFIRM_V1,XRP,XRPUSDT,strategy-lab-v1.0.0:SIE_OLD_MR_REGIME_EXHAUSTION_CONFIRM_V1,1789938000000,2026-09-20T21:00:00+00:00,1.4057,1.4059,1.391,1.4018,64.45312500000004,1.38744,1.3624652607621255,1.360328,0.01277142857142856,0.009110735177221116,67.25543478260863,1.2500000000000044,False,RSI_NOT_BELOW_32|CLOSE_NOT_NEAR_OR_BELOW_LOWER_BB|RSI_RECOVERY_NOT_CONFIRMED
2026-09-20T22:23:12.210755+00:00,SIE_OLD_MR_REGIME_EXHAUSTION_CONFIRM_V1,XRP,XRPUSDT,strategy-lab-v1.0.0:SIE_OLD_MR_REGIME_EXHAUSTION_CONFIRM_V1,1789941600000,2026-09-20T22:00:00+00:00,1.402,1.4123,1.3972,1.4058,68.76606683804624,1.3892149999999999,1.3643192754674656,1.3605090000000002,0.013164285714285708,0.009364266406519923,64.45312500000004,1.25,False,RSI_NOT_BELOW_32|CLOSE_NOT_NEAR_OR_BELOW_LOWER_BB
2026-09-20T22:23:12.210755+00:00,SIE_OLD_MR_REGIME_EXHAUSTION_CONFIRM_V1,DOGE,DOGEUSDT,strategy-lab-v1.0.0:SIE_OLD_MR_REGIME_EXHAUSTION_CONFIRM_V1,1789930800000,2026-09-20T19:00:00+00:00,0.08668,0.0876,0.08655,0.08737,67.53472222222229,0.0857705,0.08378883933278251,0.08391015000000002,0.00080142857142857,0.009172811851076686,62.10937500000005,1.25,False,RSI_NOT_BELOW_32|CLOSE_NOT_NEAR_OR_BELOW_LOWER_BB
2026-09-20T22:23:12.210755+00:00,SIE_OLD_MR_REGIME_EXHAUSTION_CONFIRM_V1,DOGE,DOGEUSDT,strategy-lab-v1.0.0:SIE_OLD_MR_REGIME_EXHAUSTION_CONFIRM_V1,1789934400000,2026-09-20T20:00:00+00:00,0.08735,0.08768,0.08719,0.08731,70.98540145985393,0.0857595,0.08381493346732571,0.08392165,0.0007857142857142844,0.008999132810838214,67.53472222222229,1.25,False,RSI_NOT_BELOW_32|CLOSE_NOT_NEAR_OR_BELOW_LOWER_BB|RSI_RECOVERY_NOT_CONFIRMED
2026-09-20T22:23:12.210755+00:00,SIE_OLD_MR_REGIME_EXHAUSTION_CONFIRM_V1,DOGE,DOGEUSDT,strategy-lab-v1.0.0:SIE_OLD_MR_REGIME_EXHAUSTION_CONFIRM_V1,1789938000000,2026-09-20T21:00:00+00:00,0.08734,0.08736,0.0861,0.08692,67.77003484320555,0.085746,0.0838379392043237,0.0839315,0.0008407142857142849,0.009672276641903876,70.98540145985393,1.2500000000000042,False,RSI_NOT_BELOW_32|CLOSE_NOT_NEAR_OR_BELOW_LOWER_BB|RSI_RECOVERY_NOT_CONFIRMED
2026-09-20T22:23:12.210755+00:00,SIE_OLD_MR_REGIME_EXHAUSTION_CONFIRM_V1,DOGE,DOGEUSDT,strategy-lab-v1.0.0:SIE_OLD_MR_REGIME_EXHAUSTION_CONFIRM_V1,1789941600000,2026-09-20T22:00:00+00:00,0.08696,0.0875,0.08667,0.08726,71.09243697478982,0.0858375,0.08382611366217307,0.08394215000000001,0.0008528571428571423,0.009773746766641557,67.77003484320555,1.250000000000004,False,RSI_NOT_BELOW_32|CLOSE_NOT_NEAR_OR_BELOW_LOWER_BB
2026-09-20T22:23:12.210755+00:00,SIE_OLD_MR_REGIME_EXHAUSTION_CONFIRM_V1,BNB,BNBUSDT,strategy-lab-v1.0.0:SIE_OLD_MR_REGIME_EXHAUSTION_CONFIRM_V1,1789930800000,2026-09-20T19:00:00+00:00,766.46,770.77,766.43,769.5,79.26325817719892,754.967,741.5291934825549,733.9808,4.7478571428571446,0.006170054766545997,78.37748344370844,1.250000000000012,False,RSI_NOT_BELOW_32|CLOSE_NOT_NEAR_OR_BELOW_LOWER_BB
2026-09-20T22:23:12.210755+00:00,SIE_OLD_MR_REGIME_EXHAUSTION_CONFIRM_V1,BNB,BNBUSDT,strategy-lab-v1.0.0:SIE_OLD_MR_REGIME_EXHAUSTION_CONFIRM_V1,1789934400000,2026-09-20T20:00:00+00:00,769.27,771.4,765.31,768.0,75.23897625655243,755.207,741.0380337709383,734.13905,4.944285714285717,0.006437872023809527,79.26325817719892,1.2500000000000058,False,RSI_NOT_BELOW_32|CLOSE_NOT_NEAR_OR_BELOW_LOWER_BB|RSI_RECOVERY_NOT_CONFIRMED
2026-09-20T22:23:12.210755+00:00,SIE_OLD_MR_REGIME_EXHAUSTION_CONFIRM_V1,BNB,BNBUSDT,strategy-lab-v1.0.0:SIE_OLD_MR_REGIME_EXHAUSTION_CONFIRM_V1,1789938000000,2026-09-20T21:00:00+00:00,768.01,768.24,762.72,765.8,79.89521938441368,755.475,740.7292284026813,734.285,5.020714285714283,0.006556169085550122,75.23897625655243,1.2500000000000056,False,RSI_NOT_BELOW_32|CLOSE_NOT_NEAR_OR_BELOW_LOWER_BB|RSI_RECOVERY_NOT_CONFIRMED
2026-09-20T22:23:12.210755+00:00,SIE_OLD_MR_REGIME_EXHAUSTION_CONFIRM_V1,BNB,BNBUSDT,strategy-lab-v1.0.0:SIE_OLD_MR_REGIME_EXHAUSTION_CONFIRM_V1,1789941600000,2026-09-20T22:00:00+00:00,766.07,770.52,764.96,769.3,81.0552298673247,756.5345,741.0320776408879,734.4547,5.193571428571423,0.006751035263969093,79.89521938441368,1.25,False,RSI_NOT_BELOW_32|CLOSE_NOT_NEAR_OR_BELOW_LOWER_BB
2026-09-20T22:23:12.210755+00:00,SIE_OLD_MR_REGIME_EXHAUSTION_CONFIRM_V1,PAXG,PAXGUSDT,strategy-lab-v1.0.0:SIE_OLD_MR_REGIME_EXHAUSTION_CONFIRM_V1,1789930800000,2026-09-20T19:00:00+00:00,4360.68,4364.79,4359.43,4364.33,57.60082730092927,4360.826,4357.749954486398,4337.316449999999,3.038571428571491,0.0006962286143741401,50.30303030303137,1.2500000000001497,False,RSI_NOT_BELOW_32|CLOSE_NOT_NEAR_OR_BELOW_LOWER_BB
2026-09-20T22:23:12.210755+00:00,SIE_OLD_MR_REGIME_EXHAUSTION_CONFIRM_V1,PAXG,PAXGUSDT,strategy-lab-v1.0.0:SIE_OLD_MR_REGIME_EXHAUSTION_CONFIRM_V1,1789934400000,2026-09-20T20:00:00+00:00,4364.34,4364.34,4360.67,4362.94,54.50097847357903,4360.782999999999,4357.8539175495125,4337.3693,3.1721428571429118,0.0007270654322871532,57.60082730092927,1.2500000000000717,False,RSI_NOT_BELOW_32|CLOSE_NOT_NEAR_OR_BELOW_LOWER_BB|RSI_RECOVERY_NOT_CONFIRMED
2026-09-20T22:23:12.210755+00:00,SIE_OLD_MR_REGIME_EXHAUSTION_CONFIRM_V1,PAXG,PAXGUSDT,strategy-lab-v1.0.0:SIE_OLD_MR_REGIME_EXHAUSTION_CONFIRM_V1,1789938000000,2026-09-20T21:00:00+00:00,4363.2,4363.45,4359.26,4363.45,59.107052257737124,4360.8135,4357.788251084332,4337.41375,3.3721428571428596,0.0007728157437676288,54.50097847357903,1.2499999999998652,False,PLANNED_REWARD_TOO_LOW|RSI_NOT_BELOW_32|CLOSE_NOT_NEAR_OR_BELOW_LOWER_BB
2026-09-20T22:23:12.210755+00:00,SIE_OLD_MR_REGIME_EXHAUSTION_CONFIRM_V1,PAXG,PAXGUSDT,strategy-lab-v1.0.0:SIE_OLD_MR_REGIME_EXHAUSTION_CONFIRM_V1,1789941600000,2026-09-20T22:00:00+00:00,4367.37,4372.3,4366.97,4366.97,63.229927007299096,4361.193499999999,4357.226348502798,4337.472400000001,3.833571428571434,0.0008778561402005129,59.107052257737124,1.25,False,RSI_NOT_BELOW_32|CLOSE_NOT_NEAR_OR_BELOW_LOWER_BB
2026-09-21T04:47:15.265837+00:00,SIE_OLD_MR_REGIME_EXHAUSTION_CONFIRM_V1,BTC,BTCUSDT,strategy-lab-v1.0.0:SIE_OLD_MR_REGIME_EXHAUSTION_CONFIRM_V1,1789945200000,2026-09-20T23:00:00+00:00,81196.49,81320.0,81100.53,81159.64,66.85049953579895,80712.708,79979.46607038293,78120.38905,332.6635714285699,0.0040988793374215305,70.7793266837199,1.25,False,RSI_NOT_BELOW_32|CLOSE_NOT_NEAR_OR_BELOW_LOWER_BB|RSI_RECOVERY_NOT_CONFIRMED
2026-09-21T04:47:15.265837+00:00,SIE_OLD_MR_REGIME_EXHAUSTION_CONFIRM_V1,BTC,BTCUSDT,strategy-lab-v1.0.0:SIE_OLD_MR_REGIME_EXHAUSTION_CONFIRM_V1,1789948800000,2026-09-21T00:00:00+00:00,81160.33,81837.0,81147.06,81590.55,76.69625794227662,80772.4385,79961.6205678749,78141.652,367.6378571428556,0.004505887717914091,66.85049953579895,1.24999999999999,False,PLANNED_REWARD_TOO_LOW|RSI_NOT_BELOW_32|CLOSE_NOT_NEAR_OR_BELOW_LOWER_BB
2026-09-21T04:47:15.265837+00:00,SIE_OLD_MR_REGIME_EXHAUSTION_CONFIRM_V1,BTC,BTCUSDT,strategy-lab-v1.0.0:SIE_OLD_MR_REGIME_EXHAUSTION_CONFIRM_V1,1789952400000,2026-09-21T01:00:00+00:00,81588.5,82087.11,80837.42,80973.46,59.127197148009124,80798.311,79996.55997655154,78160.5622,438.5899999999986,0.005416466086542412,76.69625794227662,1.2499999999999833,False,PLANNED_REWARD_TOO_LOW|RSI_NOT_BELOW_32|CLOSE_NOT_NEAR_OR_BELOW_LOWER_BB|RSI_RECOVERY_NOT_CONFIRMED
2026-09-21T04:47:15.265837+00:00,SIE_OLD_MR_REGIME_EXHAUSTION_CONFIRM_V1,BTC,BTCUSDT,strategy-lab-v1.0.0:SIE_OLD_MR_REGIME_EXHAUSTION_CONFIRM_V1,1789956000000,2026-09-21T02:00:00+00:00,80973.46,81509.8,80934.0,81299.86,63.16138796878685,80849.679,80057.67845944419,78181.4301,464.8349999999991,0.00571753752097481,59.127197148009124,1.2500000000000078,False,RSI_NOT_BELOW_32|CLOSE_NOT_NEAR_OR_BELOW_LOWER_BB
2026-09-21T04:47:15.265837+00:00,SIE_OLD_MR_REGIME_EXHAUSTION_CONFIRM_V1,BTC,BTCUSDT,strategy-lab-v1.0.0:SIE_OLD_MR_REGIME_EXHAUSTION_CONFIRM_V1,1789959600000,2026-09-21T03:00:00+00:00,81299.86,81556.69,81218.56,81411.5,63.62093837384876,80906.026,80122.55833060911,78202.9604,472.77999999999986,0.005807287668204122,63.16138796878685,1.2500000000000153,False,RSI_NOT_BELOW_32|CLOSE_NOT_NEAR_OR_BELOW_LOWER_BB
2026-09-21T04:47:15.265837+00:00,SIE_OLD_MR_REGIME_EXHAUSTION_CONFIRM_V1,BTC,BTCUSDT,strategy-lab-v1.0.0:SIE_OLD_MR_REGIME_EXHAUSTION_CONFIRM_V1,1789963200000,2026-09-21T04:00:00+00:00,81411.5,81451.04,81210.0,81380.83,61.66153788064726,80963.6575,80219.5243262738,78224.1011,463.66285714285704,0.00569744566555609,63.62093837384876,1.25,False,RSI_NOT_BELOW_32|CLOSE_NOT_NEAR_OR_BELOW_LOWER_BB|RSI_RECOVERY_NOT_CONFIRMED
2026-09-21T04:47:15.265837+00:00,SIE_OLD_MR_REGIME_EXHAUSTION_CONFIRM_V1,SOL,SOLUSDT,strategy-lab-v1.0.0:SIE_OLD_MR_REGIME_EXHAUSTION_CONFIRM_V1,1789945200000,2026-09-20T23:00:00+00:00,111.02,111.43,110.55,111.15,70.59659090909089,109.1385,107.11300968898857,103.60365,1.0071428571428587,0.009061114324272233,70.96774193548382,1.2500000000000036,False,RSI_NOT_BELOW_32|CLOSE_NOT_NEAR_OR_BELOW_LOWER_BB|RSI_RECOVERY_NOT_CONFIRMED
2026-09-21T04:47:15.265837+00:00,SIE_OLD_MR_REGIME_EXHAUSTION_CONFIRM_V1,SOL,SOLUSDT,strategy-lab-v1.0.0:SIE_OLD_MR_REGIME_EXHAUSTION_CONFIRM_V1,1789948800000,2026-09-21T00:00:00+00:00,111.15,112.91,111.13,112.28,77.41116751269037,109.30350000000001,106.86167875347085,103.65474999999998,1.0978571428571442,0.009777851290142003,70.59659090909089,1.2500000000000033,False,RSI_NOT_BELOW_32|CLOSE_NOT_NEAR_OR_BELOW_LOWER_BB
2026-09-21T04:47:15.265837+00:00,SIE_OLD_MR_REGIME_EXHAUSTION_CONFIRM_V1,SOL,SOLUSDT,strategy-lab-v1.0.0:SIE_OLD_MR_REGIME_EXHAUSTION_CONFIRM_V1,1789952400000,2026-09-21T01:00:00+00:00,112.26,113.37,110.71,110.93,64.3101482326112,109.41400000000002,106.8891918884792,103.69969999999999,1.2342857142857164,0.011126707962550404,77.41116751269037,1.2499999999999971,False,PLANNED_REWARD_TOO_LOW|RSI_NOT_BELOW_32|CLOSE_NOT_NEAR_OR_BELOW_LOWER_BB|RSI_RECOVERY_NOT_CONFIRMED
2026-09-21T04:47:15.265837+00:00,SIE_OLD_MR_REGIME_EXHAUSTION_CONFIRM_V1,SOL,SOLUSDT,strategy-lab-v1.0.0:SIE_OLD_MR_REGIME_EXHAUSTION_CONFIRM_V1,1789956000000,2026-09-21T02:00:00+00:00,110.93,111.96,110.65,111.19,65.84821428571433,109.553,106.95943025927558,103.7475,1.2757142857142867,0.011473282540824595,64.3101482326112,1.25,False,RSI_NOT_BELOW_32|CLOSE_NOT_NEAR_OR_BELOW_LOWER_BB
2026-09-21T04:47:15.265837+00:00,SIE_OLD_MR_REGIME_EXHAUSTION_CONFIRM_V1,SOL,SOLUSDT,strategy-lab-v1.0.0:SIE_OLD_MR_REGIME_EXHAUSTION_CONFIRM_V1,1789959600000,2026-09-21T03:00:00+00:00,111.18,111.9,111.14,111.54,68.23144104803495,109.7085,107.03132032728445,103.79889999999999,1.2842857142857156,0.011514126898742294,65.84821428571433,1.25,False,RSI_NOT_BELOW_32|CLOSE_NOT_NEAR_OR_BELOW_LOWER_BB
2026-09-21T04:47:15.265837+00:00,SIE_OLD_MR_REGIME_EXHAUSTION_CONFIRM_V1,SOL,SOLUSDT,strategy-lab-v1.0.0:SIE_OLD_MR_REGIME_EXHAUSTION_CONFIRM_V1,1789963200000,2026-09-21T04:00:00+00:00,111.54,111.6,111.01,111.45,68.23144104803495,109.87949999999998,107.21615267004066,103.84944999999999,1.2750000000000006,0.01144010767160162,68.23144104803495,1.2500000000000056,False,RSI_NOT_BELOW_32|CLOSE_NOT_NEAR_OR_BELOW_LOWER_BB|RSI_RECOVERY_NOT_CONFIRMED
2026-09-21T04:47:15.265837+00:00,SIE_OLD_MR_REGIME_EXHAUSTION_CONFIRM_V1,XRP,XRPUSDT,strategy-lab-v1.0.0:SIE_OLD_MR_REGIME_EXHAUSTION_CONFIRM_V1,1789945200000,2026-09-20T23:00:00+00:00,1.4096,1.4159,1.4071,1.41,68.11023622047239,1.390805,1.3640884526931374,1.3607155,0.01284285714285714,0.009108409321175277,70.22058823529409,1.25,False,RSI_NOT_BELOW_32|CLOSE_NOT_NEAR_OR_BELOW_LOWER_BB|RSI_RECOVERY_NOT_CONFIRMED
2026-09-21T04:47:15.265837+00:00,SIE_OLD_MR_REGIME_EXHAUSTION_CONFIRM_V1,XRP,XRPUSDT,strategy-lab-v1.0.0:SIE_OLD_MR_REGIME_EXHAUSTION_CONFIRM_V1,1789948800000,2026-09-21T00:00:00+00:00,1.4099,1.4326,1.4096,1.4254,79.17647058823543,1.39304,1.362828518738734,1.3609944999999999,0.013757142857142865,0.009651426166088722,68.11023622047239,1.250000000000004,False,RSI_NOT_BELOW_32|CLOSE_NOT_NEAR_OR_BELOW_LOWER_BB
2026-09-21T04:47:15.265837+00:00,SIE_OLD_MR_REGIME_EXHAUSTION_CONFIRM_V1,XRP,XRPUSDT,strategy-lab-v1.0.0:SIE_OLD_MR_REGIME_EXHAUSTION_CONFIRM_V1,1789952400000,2026-09-21T01:00:00+00:00,1.4252,1.4383,1.4032,1.4076,63.99594320486822,1.39432,1.3639193026395802,1.361201,0.015749999999999993,0.011189258312020455,79.17647058823543,1.2499999999999964,False,PLANNED_REWARD_TOO_LOW|RSI_NOT_BELOW_32|CLOSE_NOT_NEAR_OR_BELOW_LOWER_BB|RSI_RECOVERY_NOT_CONFIRMED
2026-09-21T04:47:15.265837+00:00,SIE_OLD_MR_REGIME_EXHAUSTION_CONFIRM_V1,XRP,XRPUSDT,strategy-lab-v1.0.0:SIE_OLD_MR_REGIME_EXHAUSTION_CONFIRM_V1,1789956000000,2026-09-21T02:00:00+00:00,1.4076,1.4209,1.4045,1.4154,67.01323251417773,1.3960700000000001,1.3650527080485768,1.3614624999999998,0.016171428571428566,0.011425341650013117,63.99594320486822,1.2500000000000069,False,RSI_NOT_BELOW_32|CLOSE_NOT_NEAR_OR_BELOW_LOWER_BB
2026-09-21T04:47:15.265837+00:00,SIE_OLD_MR_REGIME_EXHAUSTION_CONFIRM_V1,XRP,XRPUSDT,strategy-lab-v1.0.0:SIE_OLD_MR_REGIME_EXHAUSTION_CONFIRM_V1,1789959600000,2026-09-21T03:00:00+00:00,1.415,1.4254,1.4149,1.4227,70.6413730803975,1.398225,1.3661146356296006,1.361764,0.016271428571428572,0.011437006095050658,67.01323251417773,1.2500000000000033,False,RSI_NOT_BELOW_32|CLOSE_NOT_NEAR_OR_BELOW_LOWER_BB
2026-09-21T04:47:15.265837+00:00,SIE_OLD_MR_REGIME_EXHAUSTION_CONFIRM_V1,XRP,XRPUSDT,strategy-lab-v1.0.0:SIE_OLD_MR_REGIME_EXHAUSTION_CONFIRM_V1,1789963200000,2026-09-21T04:00:00+00:00,1.4227,1.4231,1.4139,1.4195,68.18181818181814,1.4003700000000001,1.3685947203002111,1.3620399999999997,0.01621428571428572,0.011422533085090327,70.6413730803975,1.25,False,RSI_NOT_BELOW_32|CLOSE_NOT_NEAR_OR_BELOW_LOWER_BB|RSI_RECOVERY_NOT_CONFIRMED
2026-09-21T04:47:15.265837+00:00,SIE_OLD_MR_REGIME_EXHAUSTION_CONFIRM_V1,DOGE,DOGEUSDT,strategy-lab-v1.0.0:SIE_OLD_MR_REGIME_EXHAUSTION_CONFIRM_V1,1789945200000,2026-09-20T23:00:00+00:00,0.08745,0.08755,0.08711,0.0873,69.3442622950819,0.085924,0.08378913325942816,0.08395415,0.0008449999999999995,0.009679266895761734,71.98697068403897,1.249999999999996,False,PLANNED_REWARD_TOO_LOW|RSI_NOT_BELOW_32|CLOSE_NOT_NEAR_OR_BELOW_LOWER_BB|RSI_RECOVERY_NOT_CONFIRMED
2026-09-21T04:47:15.265837+00:00,SIE_OLD_MR_REGIME_EXHAUSTION_CONFIRM_V1,DOGE,DOGEUSDT,strategy-lab-v1.0.0:SIE_OLD_MR_REGIME_EXHAUSTION_CONFIRM_V1,1789948800000,2026-09-21T00:00:00+00:00,0.08729,0.08898,0.08728,0.08877,78.18930041152258,0.0860915,0.0836390377678749,0.08397285,0.0009171428571428565,0.010331675759185045,69.3442622950819,1.2499999999999962,False,PLANNED_REWARD_TOO_LOW|RSI_NOT_BELOW_32|CLOSE_NOT_NEAR_OR_BELOW_LOWER_BB
2026-09-21T04:47:15.265837+00:00,SIE_OLD_MR_REGIME_EXHAUSTION_CONFIRM_V1,DOGE,DOGEUSDT,strategy-lab-v1.0.0:SIE_OLD_MR_REGIME_EXHAUSTION_CONFIRM_V1,1789952400000,2026-09-21T01:00:00+00:00,0.08871,0.08982,0.08728,0.08747,64.49631449631448,0.08619750000000001,0.08369955784694678,0.08398535000000001,0.001054285714285714,0.012053112087409557,78.18930041152258,1.2500000000000033,False,RSI_NOT_BELOW_32|CLOSE_NOT_NEAR_OR_BELOW_LOWER_BB|RSI_RECOVERY_NOT_CONFIRMED
2026-09-21T04:47:15.265837+00:00,SIE_OLD_MR_REGIME_EXHAUSTION_CONFIRM_V1,DOGE,DOGEUSDT,strategy-lab-v1.0.0:SIE_OLD_MR_REGIME_EXHAUSTION_CONFIRM_V1,1789956000000,2026-09-21T02:00:00+00:00,0.08752,0.08845,0.0872,0.08811,67.08428246013662,0.0863525,0.08378479382522058,0.08400215000000001,0.001097142857142857,0.012451967508147284,64.49631449631448,1.25,False,RSI_NOT_BELOW_32|CLOSE_NOT_NEAR_OR_BELOW_LOWER_BB
2026-09-21T04:47:15.265837+00:00,SIE_OLD_MR_REGIME_EXHAUSTION_CONFIRM_V1,DOGE,DOGEUSDT,strategy-lab-v1.0.0:SIE_OLD_MR_REGIME_EXHAUSTION_CONFIRM_V1,1789959600000,2026-09-21T03:00:00+00:00,0.08812,0.0888,0.08806,0.08843,69.7752808988764,0.08653000000000001,0.08390385453563581,0.0840204,0.0011164285714285718,0.012624997980646521,67.08428246013662,1.25,False,RSI_NOT_BELOW_32|CLOSE_NOT_NEAR_OR_BELOW_LOWER_BB
2026-09-21T04:47:15.265837+00:00,SIE_OLD_MR_REGIME_EXHAUSTION_CONFIRM_V1,DOGE,DOGEUSDT,strategy-lab-v1.0.0:SIE_OLD_MR_REGIME_EXHAUSTION_CONFIRM_V1,1789963200000,2026-09-21T04:00:00+00:00,0.08845,0.08848,0.08778,0.08828,68.01801801801803,0.08670649999999999,0.08410826001878177,0.084038,0.001123571428571429,0.012727360994239115,69.7752808988764,1.250000000000003,False,RSI_NOT_BELOW_32|CLOSE_NOT_NEAR_OR_BELOW_LOWER_BB|RSI_RECOVERY_NOT_CONFIRMED
2026-09-21T04:47:15.265837+00:00,SIE_OLD_MR_REGIME_EXHAUSTION_CONFIRM_V1,BNB,BNBUSDT,strategy-lab-v1.0.0:SIE_OLD_MR_REGIME_EXHAUSTION_CONFIRM_V1,1789945200000,2026-09-20T23:00:00+00:00,774.54,775.8,771.41,772.36,78.97802488747674,757.893,740.4527418597028,734.6653,5.741428571428563,0.007433617188135795,83.52562382613344,1.25,False,RSI_NOT_BELOW_32|CLOSE_NOT_NEAR_OR_BELOW_LOWER_BB|RSI_RECOVERY_NOT_CONFIRMED
2026-09-21T04:47:15.265837+00:00,SIE_OLD_MR_REGIME_EXHAUSTION_CONFIRM_V1,BNB,BNBUSDT,strategy-lab-v1.0.0:SIE_OLD_MR_REGIME_EXHAUSTION_CONFIRM_V1,1789948800000,2026-09-21T00:00:00+00:00,772.64,782.69,772.64,779.43,85.63471803202587,759.4185,740.1436580810578,734.9020999999999,6.239999999999993,0.008005850429159762,78.97802488747674,1.250000000000009,False,RSI_NOT_BELOW_32|CLOSE_NOT_NEAR_OR_BELOW_LOWER_BB
2026-09-21T04:47:15.265837+00:00,SIE_OLD_MR_REGIME_EXHAUSTION_CONFIRM_V1,BNB,BNBUSDT,strategy-lab-v1.0.0:SIE_OLD_MR_REGIME_EXHAUSTION_CONFIRM_V1,1789952400000,2026-09-21T01:00:00+00:00,779.43,784.89,773.93,774.29,74.53360305686662,760.5795,740.6691846082184,735.1193499999999,6.687857142857134,0.008637406066018075,85.63471803202587,1.2500000000000084,False,RSI_NOT_BELOW_32|CLOSE_NOT_NEAR_OR_BELOW_LOWER_BB|RSI_RECOVERY_NOT_CONFIRMED
2026-09-21T04:47:15.265837+00:00,SIE_OLD_MR_REGIME_EXHAUSTION_CONFIRM_V1,BNB,BNBUSDT,strategy-lab-v1.0.0:SIE_OLD_MR_REGIME_EXHAUSTION_CONFIRM_V1,1789956000000,2026-09-21T02:00:00+00:00,774.32,783.2,773.64,777.72,76.69251729197234,761.8839999999999,741.0908661332586,735.3613499999999,7.180714285714283,0.009233032821213655,74.53360305686662,1.249999999999996,False,PLANNED_REWARD_TOO_LOW|RSI_NOT_BELOW_32|CLOSE_NOT_NEAR_OR_BELOW_LOWER_BB
2026-09-21T04:47:15.265837+00:00,SIE_OLD_MR_REGIME_EXHAUSTION_CONFIRM_V1,BNB,BNBUSDT,strategy-lab-v1.0.0:SIE_OLD_MR_REGIME_EXHAUSTION_CONFIRM_V1,1789959600000,2026-09-21T03:00:00+00:00,777.93,779.39,775.71,776.98,76.27683969147385,763.356,742.665058600435,735.6149500000001,7.147857142857139,0.009199538138506961,76.69251729197234,1.249999999999996,False,PLANNED_REWARD_TOO_LOW|RSI_NOT_BELOW_32|CLOSE_NOT_NEAR_OR_BELOW_LOWER_BB|RSI_RECOVERY_NOT_CONFIRMED
2026-09-21T04:47:15.265837+00:00,SIE_OLD_MR_REGIME_EXHAUSTION_CONFIRM_V1,BNB,BNBUSDT,strategy-lab-v1.0.0:SIE_OLD_MR_REGIME_EXHAUSTION_CONFIRM_V1,1789963200000,2026-09-21T04:00:00+00:00,777.0,777.24,771.72,774.44,71.69581130540875,764.6195,744.4687724945168,735.85645,7.312142857142858,0.009441845536313798,76.27683969147385,1.2500000000000078,False,RSI_NOT_BELOW_32|CLOSE_NOT_NEAR_OR_BELOW_LOWER_BB|RSI_RECOVERY_NOT_CONFIRMED
2026-09-21T04:47:15.265837+00:00,SIE_OLD_MR_REGIME_EXHAUSTION_CONFIRM_V1,PAXG,PAXGUSDT,strategy-lab-v1.0.0:SIE_OLD_MR_REGIME_EXHAUSTION_CONFIRM_V1,1789945200000,2026-09-20T23:00:00+00:00,4366.3,4367.84,4361.34,4362.9,52.137870855147206,4361.2225,4357.493431081128,4337.50855,4.159285714285683,0.0009533305173819439,61.17533718689806,1.25,False,RSI_NOT_BELOW_32|CLOSE_NOT_NEAR_OR_BELOW_LOWER_BB|RSI_RECOVERY_NOT_CONFIRMED
2026-09-21T04:47:15.265837+00:00,SIE_OLD_MR_REGIME_EXHAUSTION_CONFIRM_V1,PAXG,PAXGUSDT,strategy-lab-v1.0.0:SIE_OLD_MR_REGIME_EXHAUSTION_CONFIRM_V1,1789948800000,2026-09-21T00:00:00+00:00,4362.52,4363.38,4350.31,4359.28,47.76179056754629,4361.200999999999,4357.432547266887,4337.5256,4.914285714285662,0.0011273159132438528,52.137870855147206,1.2500000000000462,False,RSI_NOT_BELOW_32|CLOSE_NOT_NEAR_OR_BELOW_LOWER_BB|RSI_RECOVERY_NOT_CONFIRMED
2026-09-21T04:47:15.265837+00:00,SIE_OLD_MR_REGIME_EXHAUSTION_CONFIRM_V1,PAXG,PAXGUSDT,strategy-lab-v1.0.0:SIE_OLD_MR_REGIME_EXHAUSTION_CONFIRM_V1,1789952400000,2026-09-21T01:00:00+00:00,4365.16,4374.42,4362.78,4365.55,61.326152810501604,4361.409,4357.18954553269,4337.57335,5.872857142857161,0.001345273136914515,47.76179056754629,1.2500000000000386,False,RSI_NOT_BELOW_32|CLOSE_NOT_NEAR_OR_BELOW_LOWER_BB
2026-09-21T04:47:15.265837+00:00,SIE_OLD_MR_REGIME_EXHAUSTION_CONFIRM_V1,PAXG,PAXGUSDT,strategy-lab-v1.0.0:SIE_OLD_MR_REGIME_EXHAUSTION_CONFIRM_V1,1789956000000,2026-09-21T02:00:00+00:00,4367.7,4367.7,4356.0,4356.55,45.822316234796766,4361.181500000001,4356.459249371148,4337.57855,6.598571428571437,0.0015146323188237106,61.326152810501604,1.2499999999999656,False,PLANNED_REWARD_TOO_LOW|RSI_NOT_BELOW_32|RSI_RECOVERY_NOT_CONFIRMED
2026-09-21T04:47:15.265837+00:00,SIE_OLD_MR_REGIME_EXHAUSTION_CONFIRM_V1,PAXG,PAXGUSDT,strategy-lab-v1.0.0:SIE_OLD_MR_REGIME_EXHAUSTION_CONFIRM_V1,1789959600000,2026-09-21T03:00:00+00:00,4356.12,4359.93,4350.96,4352.54,42.21680876979291,4360.8155,4354.786432161461,4337.56815,7.1171428571428805,0.0016351700058225497,45.822316234796766,1.250000000000032,False,RSI_NOT_BELOW_32|RSI_RECOVERY_NOT_CONFIRMED
2026-09-21T04:47:15.265837+00:00,SIE_OLD_MR_REGIME_EXHAUSTION_CONFIRM_V1,PAXG,PAXGUSDT,strategy-lab-v1.0.0:SIE_OLD_MR_REGIME_EXHAUSTION_CONFIRM_V1,1789963200000,2026-09-21T04:00:00+00:00,4352.19,4357.99,4349.78,4354.37,43.55069014754905,4360.4755000000005,4353.829371878928,4337.5710500000005,7.604285714285782,0.0017463572719557093,42.21680876979291,1.25,False,RSI_NOT_BELOW_32
2026-09-21T12:40:47.965035+00:00,SIE_OLD_MR_REGIME_EXHAUSTION_CONFIRM_V1,BTC,BTCUSDT,strategy-lab-v1.0.0:SIE_OLD_MR_REGIME_EXHAUSTION_CONFIRM_V1,1789966800000,2026-09-21T05:00:00+00:00,81370.65,81796.36,81285.35,81541.94,60.68377162386168,81018.7445,80277.23088503555,78245.55589999999,480.5821428571435,0.0058936805140660554,61.46446572343519,1.25,False,RSI_NOT_BELOW_32|CLOSE_NOT_NEAR_OR_BELOW_LOWER_BB|RSI_RECOVERY_NOT_CONFIRMED
2026-09-21T12:40:47.965035+00:00,SIE_OLD_MR_REGIME_EXHAUSTION_CONFIRM_V1,BTC,BTCUSDT,strategy-lab-v1.0.0:SIE_OLD_MR_REGIME_EXHAUSTION_CONFIRM_V1,1789970400000,2026-09-21T06:00:00+00:00,81541.94,81870.79,81385.5,81621.54,55.59394686337776,81085.671,80381.15893648754,78267.56439999999,465.5650000000002,0.005703947756927893,60.68377162386168,1.25,False,RSI_NOT_BELOW_32|CLOSE_NOT_NEAR_OR_BELOW_LOWER_BB|RSI_RECOVERY_NOT_CONFIRMED
2026-09-21T12:40:47.965035+00:00,SIE_OLD_MR_REGIME_EXHAUSTION_CONFIRM_V1,BTC,BTCUSDT,strategy-lab-v1.0.0:SIE_OLD_MR_REGIME_EXHAUSTION_CONFIRM_V1,1789974000000,2026-09-21T07:00:00+00:00,81621.55,81711.0,81450.43,81704.88,60.78815074732623,81148.766,80459.93587262857,78289.77455,455.67785714285753,0.005577119226450825,55.59394686337776,1.250000000000008,False,RSI_NOT_BELOW_32|CLOSE_NOT_NEAR_OR_BELOW_LOWER_BB
2026-09-21T12:40:47.965035+00:00,SIE_OLD_MR_REGIME_EXHAUSTION_CONFIRM_V1,BTC,BTCUSDT,strategy-lab-v1.0.0:SIE_OLD_MR_REGIME_EXHAUSTION_CONFIRM_V1,1789977600000,2026-09-21T08:00:00+00:00,81707.14,84190.0,81698.83,83727.0,79.54490876780868,81312.55900000001,80047.92622264747,78322.14475,611.3435714285713,0.007301629957224925,60.78815074732623,1.249999999999994,False,PLANNED_REWARD_TOO_LOW|RSI_NOT_BELOW_32|CLOSE_NOT_NEAR_OR_BELOW_LOWER_BB
2026-09-21T12:40:47.965035+00:00,SIE_OLD_MR_REGIME_EXHAUSTION_CONFIRM_V1,BTC,BTCUSDT,strategy-lab-v1.0.0:SIE_OLD_MR_REGIME_EXHAUSTION_CONFIRM_V1,1789981200000,2026-09-21T09:00:00+00:00,83727.0,85257.0,83667.04,84635.49,82.47668314322637,81518.231,79643.80165602508,78358.82455,706.3635714285722,0.008345950043280568,79.54490876780868,1.25,False,RSI_NOT_BELOW_32|CLOSE_NOT_NEAR_OR_BELOW_LOWER_BB
2026-09-21T12:40:47.965035+00:00,SIE_OLD_MR_REGIME_EXHAUSTION_CONFIRM_V1,BTC,BTCUSDT,strategy-lab-v1.0.0:SIE_OLD_MR_REGIME_EXHAUSTION_CONFIRM_V1,1789984800000,2026-09-21T10:00:00+00:00,84635.5,84801.33,84109.8,84413.8,80.47907644747622,81706.9415,79494.81566278164,78394.55344999999,743.6028571428584,0.00880902005528549,82.47668314322637,1.25,False,RSI_NOT_BELOW_32|CLOSE_NOT_NEAR_OR_BELOW_LOWER_BB|RSI_RECOVERY_NOT_CONFIRMED
2026-09-21T12:40:47.965035+00:00,SIE_OLD_MR_REGIME_EXHAUSTION_CONFIRM_V1,BTC,BTCUSDT,strategy-lab-v1.0.0:SIE_OLD_MR_REGIME_EXHAUSTION_CONFIRM_V1,1789988400000,2026-09-21T11:00:00+00:00,84413.81,84899.99,84367.51,84878.78,84.17508417508418,81907.17050000001,79336.8486674707,78433.067,745.6135714285732,0.008784452031810226,80.47907644747622,1.25,False,RSI_NOT_BELOW_32|CLOSE_NOT_NEAR_OR_BELOW_LOWER_BB
2026-09-21T12:40:47.965035+00:00,SIE_OLD_MR_REGIME_EXHAUSTION_CONFIRM_V1,BTC,BTCUSDT,strategy-lab-v1.0.0:SIE_OLD_MR_REGIME_EXHAUSTION_CONFIRM_V1,1789992000000,2026-09-21T12:00:00+00:00,84878.78,85457.35,84798.33,85293.45,84.54455771127918,82106.24350000001,79161.66137508505,78473.5921,755.289285714288,0.008855185078271403,84.17508417508418,1.2499999999999951,False,PLANNED_REWARD_TOO_LOW|RSI_NOT_BELOW_32|CLOSE_NOT_NEAR_OR_BELOW_LOWER_BB
2026-09-21T12:40:47.965035+00:00,SIE_OLD_MR_REGIME_EXHAUSTION_CONFIRM_V1,SOL,SOLUSDT,strategy-lab-v1.0.0:SIE_OLD_MR_REGIME_EXHAUSTION_CONFIRM_V1,1789966800000,2026-09-21T05:00:00+00:00,111.44,112.2,111.25,111.74,66.85649202733484,110.054,107.38325927877648,103.9008,1.29857142857143,0.0116213659260017,68.23144104803495,1.2500000000000027,False,RSI_NOT_BELOW_32|CLOSE_NOT_NEAR_OR_BELOW_LOWER_BB|RSI_RECOVERY_NOT_CONFIRMED
2026-09-21T12:40:47.965035+00:00,SIE_OLD_MR_REGIME_EXHAUSTION_CONFIRM_V1,SOL,SOLUSDT,strategy-lab-v1.0.0:SIE_OLD_MR_REGIME_EXHAUSTION_CONFIRM_V1,1789970400000,2026-09-21T06:00:00+00:00,111.74,112.54,111.49,112.17,62.10937500000001,110.2645,107.62364048082796,103.9534,1.2157142857142884,0.010838141086870718,66.85649202733484,1.25,False,RSI_NOT_BELOW_32|CLOSE_NOT_NEAR_OR_BELOW_LOWER_BB|RSI_RECOVERY_NOT_CONFIRMED
2026-09-21T12:40:47.965035+00:00,SIE_OLD_MR_REGIME_EXHAUSTION_CONFIRM_V1,SOL,SOLUSDT,strategy-lab-v1.0.0:SIE_OLD_MR_REGIME_EXHAUSTION_CONFIRM_V1,1789974000000,2026-09-21T07:00:00+00:00,112.15,112.36,111.35,112.11,65.16393442622952,110.44899999999998,107.83390612023167,104.00524999999999,1.2142857142857173,0.010831198950010858,62.10937500000001,1.25,False,RSI_NOT_BELOW_32|CLOSE_NOT_NEAR_OR_BELOW_LOWER_BB|RSI_RECOVERY_NOT_CONFIRMED
2026-09-21T12:40:47.965035+00:00,SIE_OLD_MR_REGIME_EXHAUSTION_CONFIRM_V1,SOL,SOLUSDT,strategy-lab-v1.0.0:SIE_OLD_MR_REGIME_EXHAUSTION_CONFIRM_V1,1789977600000,2026-09-21T08:00:00+00:00,112.07,116.34,112.05,115.32,79.72027972027969,110.79749999999999,107.60108403833263,104.0733,1.4371428571428606,0.01246221693672269,65.16393442622952,1.2500000000000024,False,RSI_NOT_BELOW_32|CLOSE_NOT_NEAR_OR_BELOW_LOWER_BB
2026-09-21T12:40:47.965035+00:00,SIE_OLD_MR_REGIME_EXHAUSTION_CONFIRM_V1,SOL,SOLUSDT,strategy-lab-v1.0.0:SIE_OLD_MR_REGIME_EXHAUSTION_CONFIRM_V1,1789981200000,2026-09-21T09:00:00+00:00,115.29,116.84,114.93,115.91,78.76569037656904,111.18299999999999,107.50866142006454,104.1416,1.4642857142857173,0.012632954139295292,79.72027972027969,1.25,False,RSI_NOT_BELOW_32|CLOSE_NOT_NEAR_OR_BELOW_LOWER_BB|RSI_RECOVERY_NOT_CONFIRMED
2026-09-21T12:40:47.965035+00:00,SIE_OLD_MR_REGIME_EXHAUSTION_CONFIRM_V1,SOL,SOLUSDT,strategy-lab-v1.0.0:SIE_OLD_MR_REGIME_EXHAUSTION_CONFIRM_V1,1789984800000,2026-09-21T10:00:00+00:00,115.91,116.1,115.46,115.99,81.56484458735264,111.577,107.6257212196553,104.21214999999998,1.4700000000000029,0.012673506336753194,78.76569037656904,1.2500000000000049,False,RSI_NOT_BELOW_32|CLOSE_NOT_NEAR_OR_BELOW_LOWER_BB
2026-09-21T12:40:47.965035+00:00,SIE_OLD_MR_REGIME_EXHAUSTION_CONFIRM_V1,SOL,SOLUSDT,strategy-lab-v1.0.0:SIE_OLD_MR_REGIME_EXHAUSTION_CONFIRM_V1,1789988400000,2026-09-21T11:00:00+00:00,115.99,117.14,115.81,116.78,84.84848484848486,111.977,107.63854359247411,104.28805,1.489285714285717,0.012752917573948596,81.56484458735264,1.2499999999999976,False,PLANNED_REWARD_TOO_LOW|RSI_NOT_BELOW_32|CLOSE_NOT_NEAR_OR_BELOW_LOWER_BB
2026-09-21T12:40:47.965035+00:00,SIE_OLD_MR_REGIME_EXHAUSTION_CONFIRM_V1,SOL,SOLUSDT,strategy-lab-v1.0.0:SIE_OLD_MR_REGIME_EXHAUSTION_CONFIRM_V1,1789992000000,2026-09-21T12:00:00+00:00,116.77,118.31,116.15,116.68,81.94130925507906,112.29549999999999,107.57487514729218,104.36295,1.536428571428574,0.013167882854204439,84.84848484848486,1.2500000000000022,False,RSI_NOT_BELOW_32|CLOSE_NOT_NEAR_OR_BELOW_LOWER_BB|RSI_RECOVERY_NOT_CONFIRMED
2026-09-21T12:40:47.965035+00:00,SIE_OLD_MR_REGIME_EXHAUSTION_CONFIRM_V1,XRP,XRPUSDT,strategy-lab-v1.0.0:SIE_OLD_MR_REGIME_EXHAUSTION_CONFIRM_V1,1789966800000,2026-09-21T05:00:00+00:00,1.4184,1.4364,1.4151,1.4298,67.22912966252214,1.40268,1.369694087855577,1.3623684999999996,0.016857142857142855,0.011789860719780988,67.46031746031737,1.25,False,RSI_NOT_BELOW_32|CLOSE_NOT_NEAR_OR_BELOW_LOWER_BB|RSI_RECOVERY_NOT_CONFIRMED
2026-09-21T12:40:47.965035+00:00,SIE_OLD_MR_REGIME_EXHAUSTION_CONFIRM_V1,XRP,XRPUSDT,strategy-lab-v1.0.0:SIE_OLD_MR_REGIME_EXHAUSTION_CONFIRM_V1,1789970400000,2026-09-21T06:00:00+00:00,1.4298,1.4414,1.4243,1.436,62.95180722891564,1.40569,1.3720839350711878,1.362733,0.01591428571428572,0.01108237166732989,67.22912966252214,1.2499999999999964,False,PLANNED_REWARD_TOO_LOW|RSI_NOT_BELOW_32|CLOSE_NOT_NEAR_OR_BELOW_LOWER_BB|RSI_RECOVERY_NOT_CONFIRMED
2026-09-21T12:40:47.965035+00:00,SIE_OLD_MR_REGIME_EXHAUSTION_CONFIRM_V1,XRP,XRPUSDT,strategy-lab-v1.0.0:SIE_OLD_MR_REGIME_EXHAUSTION_CONFIRM_V1,1789974000000,2026-09-21T07:00:00+00:00,1.4358,1.4449,1.4304,1.4383,68.92895015906663,1.408605,1.374311182772991,1.3630929999999999,0.015807142857142877,0.010990157030621483,62.95180722891564,1.2499999999999964,False,PLANNED_REWARD_TOO_LOW|RSI_NOT_BELOW_32|CLOSE_NOT_NEAR_OR_BELOW_LOWER_BB
2026-09-21T12:40:47.965035+00:00,SIE_OLD_MR_REGIME_EXHAUSTION_CONFIRM_V1,XRP,XRPUSDT,strategy-lab-v1.0.0:SIE_OLD_MR_REGIME_EXHAUSTION_CONFIRM_V1,1789977600000,2026-09-21T08:00:00+00:00,1.438,1.4863,1.4378,1.4755,77.54789272030638,1.41341,1.3708880574291409,1.363635,0.018228571428571434,0.01235416565813042,68.92895015906663,1.250000000000003,False,RSI_NOT_BELOW_32|CLOSE_NOT_NEAR_OR_BELOW_LOWER_BB
2026-09-21T12:40:47.965035+00:00,SIE_OLD_MR_REGIME_EXHAUSTION_CONFIRM_V1,XRP,XRPUSDT,strategy-lab-v1.0.0:SIE_OLD_MR_REGIME_EXHAUSTION_CONFIRM_V1,1789981200000,2026-09-21T09:00:00+00:00,1.4758,1.4871,1.4694,1.4741,75.75039494470757,1.4182649999999999,1.3715172824086632,1.3641665,0.01852857142857145,0.012569412813629638,77.54789272030638,1.249999999999994,False,PLANNED_REWARD_TOO_LOW|RSI_NOT_BELOW_32|CLOSE_NOT_NEAR_OR_BELOW_LOWER_BB|RSI_RECOVERY_NOT_CONFIRMED
2026-09-21T12:40:47.965035+00:00,SIE_OLD_MR_REGIME_EXHAUSTION_CONFIRM_V1,XRP,XRPUSDT,strategy-lab-v1.0.0:SIE_OLD_MR_REGIME_EXHAUSTION_CONFIRM_V1,1789984800000,2026-09-21T10:00:00+00:00,1.4743,1.4944,1.469,1.4901,80.21505376344074,1.423835,1.3711071601049378,1.364779,0.019850000000000003,0.013321253607140463,75.75039494470757,1.25,False,RSI_NOT_BELOW_32|CLOSE_NOT_NEAR_OR_BELOW_LOWER_BB
2026-09-21T12:40:47.965035+00:00,SIE_OLD_MR_REGIME_EXHAUSTION_CONFIRM_V1,XRP,XRPUSDT,strategy-lab-v1.0.0:SIE_OLD_MR_REGIME_EXHAUSTION_CONFIRM_V1,1789988400000,2026-09-21T11:00:00+00:00,1.4901,1.4975,1.4835,1.4855,79.87152034261234,1.42856,1.3716758229381911,1.3653895,0.019785714285714295,0.013319228734913695,80.21505376344074,1.2499999999999944,False,PLANNED_REWARD_TOO_LOW|RSI_NOT_BELOW_32|CLOSE_NOT_NEAR_OR_BELOW_LOWER_BB|RSI_RECOVERY_NOT_CONFIRMED
2026-09-21T12:40:47.965035+00:00,SIE_OLD_MR_REGIME_EXHAUSTION_CONFIRM_V1,XRP,XRPUSDT,strategy-lab-v1.0.0:SIE_OLD_MR_REGIME_EXHAUSTION_CONFIRM_V1,1789992000000,2026-09-21T12:00:00+00:00,1.4854,1.4958,1.4825,1.4954,80.16877637130793,1.43282,1.3696589487104658,1.3660474999999999,0.019657142857142866,0.013145073463382952,79.87152034261234,1.2499999999999971,False,PLANNED_REWARD_TOO_LOW|RSI_NOT_BELOW_32|CLOSE_NOT_NEAR_OR_BELOW_LOWER_BB
2026-09-21T12:40:47.965035+00:00,SIE_OLD_MR_REGIME_EXHAUSTION_CONFIRM_V1,DOGE,DOGEUSDT,strategy-lab-v1.0.0:SIE_OLD_MR_REGIME_EXHAUSTION_CONFIRM_V1,1789966800000,2026-09-21T05:00:00+00:00,0.08825,0.08906,0.08803,0.08838,65.57971014492756,0.086878,0.08431617565005013,0.0840571,0.0011535714285714294,0.013052403581935159,67.9415073115861,1.249999999999997,False,PLANNED_REWARD_TOO_LOW|RSI_NOT_BELOW_32|CLOSE_NOT_NEAR_OR_BELOW_LOWER_BB|RSI_RECOVERY_NOT_CONFIRMED
2026-09-21T12:40:47.965035+00:00,SIE_OLD_MR_REGIME_EXHAUSTION_CONFIRM_V1,DOGE,DOGEUSDT,strategy-lab-v1.0.0:SIE_OLD_MR_REGIME_EXHAUSTION_CONFIRM_V1,1789970400000,2026-09-21T06:00:00+00:00,0.08835,0.08944,0.08832,0.08898,60.58091286307059,0.08709399999999999,0.08458878623666644,0.08407880000000001,0.0010935714285714299,0.012290081238159473,65.57971014492756,1.249999999999997,False,PLANNED_REWARD_TOO_LOW|RSI_NOT_BELOW_32|CLOSE_NOT_NEAR_OR_BELOW_LOWER_BB|RSI_RECOVERY_NOT_CONFIRMED
2026-09-21T12:40:47.965035+00:00,SIE_OLD_MR_REGIME_EXHAUSTION_CONFIRM_V1,DOGE,DOGEUSDT,strategy-lab-v1.0.0:SIE_OLD_MR_REGIME_EXHAUSTION_CONFIRM_V1,1789974000000,2026-09-21T07:00:00+00:00,0.08902,0.0898,0.08878,0.08971,68.04260985352872,0.087324,0.08474602870458266,0.08410335,0.001085714285714287,0.012102488972403156,60.58091286307059,1.250000000000003,False,RSI_NOT_BELOW_32|CLOSE_NOT_NEAR_OR_BELOW_LOWER_BB
2026-09-21T12:40:47.965035+00:00,SIE_OLD_MR_REGIME_EXHAUSTION_CONFIRM_V1,DOGE,DOGEUSDT,strategy-lab-v1.0.0:SIE_OLD_MR_REGIME_EXHAUSTION_CONFIRM_V1,1789977600000,2026-09-21T08:00:00+00:00,0.08971,0.09263,0.08968,0.09183,77.82561894510229,0.08765999999999999,0.0846145443690647,0.08413829999999999,0.0012407142857142875,0.013510990805992459,68.04260985352872,1.2499999999999944,False,PLANNED_REWARD_TOO_LOW|RSI_NOT_BELOW_32|CLOSE_NOT_NEAR_OR_BELOW_LOWER_BB
2026-09-21T12:40:47.965035+00:00,SIE_OLD_MR_REGIME_EXHAUSTION_CONFIRM_V1,DOGE,DOGEUSDT,strategy-lab-v1.0.0:SIE_OLD_MR_REGIME_EXHAUSTION_CONFIRM_V1,1789981200000,2026-09-21T09:00:00+00:00,0.09181,0.09484,0.09129,0.09211,76.74943566591425,0.08802000000000001,0.0846727025826803,0.08417390000000001,0.0014192857142857162,0.015408595313057391,77.82561894510229,1.2500000000000024,False,RSI_NOT_BELOW_32|CLOSE_NOT_NEAR_OR_BELOW_LOWER_BB|RSI_RECOVERY_NOT_CONFIRMED
2026-09-21T12:40:47.965035+00:00,SIE_OLD_MR_REGIME_EXHAUSTION_CONFIRM_V1,DOGE,DOGEUSDT,strategy-lab-v1.0.0:SIE_OLD_MR_REGIME_EXHAUSTION_CONFIRM_V1,1789984800000,2026-09-21T10:00:00+00:00,0.09212,0.09293,0.09174,0.09286,79.05759162303673,0.088409,0.0847272183660631,0.08421355,0.0014692857142857166,0.01582259007415159,76.74943566591425,1.2500000000000024,False,RSI_NOT_BELOW_32|CLOSE_NOT_NEAR_OR_BELOW_LOWER_BB
2026-09-21T12:40:47.965035+00:00,SIE_OLD_MR_REGIME_EXHAUSTION_CONFIRM_V1,DOGE,DOGEUSDT,strategy-lab-v1.0.0:SIE_OLD_MR_REGIME_EXHAUSTION_CONFIRM_V1,1789988400000,2026-09-21T11:00:00+00:00,0.09287,0.09376,0.09245,0.09337,83.35056876938995,0.08878749999999999,0.0847201427498934,0.08425695,0.001472857142857145,0.01577441515323064,79.05759162303673,1.2500000000000024,False,RSI_NOT_BELOW_32|CLOSE_NOT_NEAR_OR_BELOW_LOWER_BB
2026-09-21T12:40:47.965035+00:00,SIE_OLD_MR_REGIME_EXHAUSTION_CONFIRM_V1,DOGE,DOGEUSDT,strategy-lab-v1.0.0:SIE_OLD_MR_REGIME_EXHAUSTION_CONFIRM_V1,1789992000000,2026-09-21T12:00:00+00:00,0.09339,0.09393,0.09293,0.09363,82.87234042553202,0.0890965,0.0845695086149856,0.0843016,0.001477857142857145,0.01578401306052702,83.35056876938995,1.25,False,RSI_NOT_BELOW_32|CLOSE_NOT_NEAR_OR_BELOW_LOWER_BB|RSI_RECOVERY_NOT_CONFIRMED
2026-09-21T12:40:47.965035+00:00,SIE_OLD_MR_REGIME_EXHAUSTION_CONFIRM_V1,BNB,BNBUSDT,strategy-lab-v1.0.0:SIE_OLD_MR_REGIME_EXHAUSTION_CONFIRM_V1,1789966800000,2026-09-21T05:00:00+00:00,773.43,775.3,770.63,773.11,67.08396287502701,765.693,746.4187673563838,736.0839,7.345000000000003,0.009500588532032962,70.02979145978148,1.2499999999999922,False,PLANNED_REWARD_TOO_LOW|RSI_NOT_BELOW_32|CLOSE_NOT_NEAR_OR_BELOW_LOWER_BB|RSI_RECOVERY_NOT_CONFIRMED
2026-09-21T12:40:47.965035+00:00,SIE_OLD_MR_REGIME_EXHAUSTION_CONFIRM_V1,BNB,BNBUSDT,strategy-lab-v1.0.0:SIE_OLD_MR_REGIME_EXHAUSTION_CONFIRM_V1,1789970400000,2026-09-21T06:00:00+00:00,773.36,774.44,770.73,771.88,59.91243006567741,766.851,749.0697898049585,736.3140999999999,7.003571428571433,0.009073394087904122,67.08396287502701,1.249999999999996,False,PLANNED_REWARD_TOO_LOW|RSI_NOT_BELOW_32|CLOSE_NOT_NEAR_OR_BELOW_LOWER_BB|RSI_RECOVERY_NOT_CONFIRMED
2026-09-21T12:40:47.965035+00:00,SIE_OLD_MR_REGIME_EXHAUSTION_CONFIRM_V1,BNB,BNBUSDT,strategy-lab-v1.0.0:SIE_OLD_MR_REGIME_EXHAUSTION_CONFIRM_V1,1789974000000,2026-09-21T07:00:00+00:00,772.55,773.88,766.23,768.71,55.48255550521073,767.6634999999999,751.1467869189946,736.5219999999999,6.965000000000008,0.009060634049251353,59.91243006567741,1.250000000000004,False,RSI_NOT_BELOW_32|CLOSE_NOT_NEAR_OR_BELOW_LOWER_BB|RSI_RECOVERY_NOT_CONFIRMED
2026-09-21T12:40:47.965035+00:00,SIE_OLD_MR_REGIME_EXHAUSTION_CONFIRM_V1,BNB,BNBUSDT,strategy-lab-v1.0.0:SIE_OLD_MR_REGIME_EXHAUSTION_CONFIRM_V1,1789977600000,2026-09-21T08:00:00+00:00,768.72,782.96,768.72,781.49,64.0964735976613,769.1254999999999,753.1576805182967,736.7899000000001,7.397142857142861,0.009465435075487673,55.48255550521073,1.2499999999999922,False,PLANNED_REWARD_TOO_LOW|RSI_NOT_BELOW_32|CLOSE_NOT_NEAR_OR_BELOW_LOWER_BB
2026-09-21T12:40:47.965035+00:00,SIE_OLD_MR_REGIME_EXHAUSTION_CONFIRM_V1,BNB,BNBUSDT,strategy-lab-v1.0.0:SIE_OLD_MR_REGIME_EXHAUSTION_CONFIRM_V1,1789981200000,2026-09-21T09:00:00+00:00,781.48,786.51,779.72,783.67,63.25042079670842,770.7205,755.6585951071829,737.0677000000001,7.5457142857142845,0.009628688460339537,64.0964735976613,1.2500000000000038,False,RSI_NOT_BELOW_32|CLOSE_NOT_NEAR_OR_BELOW_LOWER_BB|RSI_RECOVERY_NOT_CONFIRMED
2026-09-21T12:40:47.965035+00:00,SIE_OLD_MR_REGIME_EXHAUSTION_CONFIRM_V1,BNB,BNBUSDT,strategy-lab-v1.0.0:SIE_OLD_MR_REGIME_EXHAUSTION_CONFIRM_V1,1789984800000,2026-09-21T10:00:00+00:00,783.72,786.57,781.86,784.53,65.64452015900056,772.292,758.398599264389,737.3515000000001,7.447142857142857,0.009492489588853016,63.25042079670842,1.25,False,RSI_NOT_BELOW_32|CLOSE_NOT_NEAR_OR_BELOW_LOWER_BB
2026-09-21T12:40:47.965035+00:00,SIE_OLD_MR_REGIME_EXHAUSTION_CONFIRM_V1,BNB,BNBUSDT,strategy-lab-v1.0.0:SIE_OLD_MR_REGIME_EXHAUSTION_CONFIRM_V1,1789988400000,2026-09-21T11:00:00+00:00,784.37,793.81,784.28,790.54,71.83968926553678,773.9549999999999,759.690001577277,737.6697,7.733571428571428,0.009782644051624748,65.64452015900056,1.25,False,RSI_NOT_BELOW_32|CLOSE_NOT_NEAR_OR_BELOW_LOWER_BB
2026-09-21T12:40:47.965035+00:00,SIE_OLD_MR_REGIME_EXHAUSTION_CONFIRM_V1,BNB,BNBUSDT,strategy-lab-v1.0.0:SIE_OLD_MR_REGIME_EXHAUSTION_CONFIRM_V1,1789992000000,2026-09-21T12:00:00+00:00,789.64,814.41,787.74,788.92,64.78957915831666,775.2144999999999,760.3475924869933,737.98295,8.744285714285711,0.011083868724694154,71.83968926553678,1.2499999999999936,False,PLANNED_REWARD_TOO_LOW|RSI_NOT_BELOW_32|CLOSE_NOT_NEAR_OR_BELOW_LOWER_BB|RSI_RECOVERY_NOT_CONFIRMED
2026-09-21T12:40:47.965035+00:00,SIE_OLD_MR_REGIME_EXHAUSTION_CONFIRM_V1,PAXG,PAXGUSDT,strategy-lab-v1.0.0:SIE_OLD_MR_REGIME_EXHAUSTION_CONFIRM_V1,1789966800000,2026-09-21T05:00:00+00:00,4348.99,4355.76,4345.0,4346.88,35.62664329535575,4359.467,4349.7487283428845,4337.50735,8.275000000000025,0.0019036642373380505,37.870774890779984,1.2500000000000548,False,RSI_NOT_BELOW_32|RSI_RECOVERY_NOT_CONFIRMED
2026-09-21T12:40:47.965035+00:00,SIE_OLD_MR_REGIME_EXHAUSTION_CONFIRM_V1,PAXG,PAXGUSDT,strategy-lab-v1.0.0:SIE_OLD_MR_REGIME_EXHAUSTION_CONFIRM_V1,1789970400000,2026-09-21T06:00:00+00:00,4345.69,4348.8,4340.68,4344.69,30.201193897855575,4358.6815,4347.042143875132,4337.4627,8.219285714285693,0.001891800269820331,35.62664329535575,1.2499999999999447,False,PLANNED_REWARD_TOO_LOW|RSI_RECOVERY_NOT_CONFIRMED
2026-09-21T12:40:47.965035+00:00,SIE_OLD_MR_REGIME_EXHAUSTION_CONFIRM_V1,PAXG,PAXGUSDT,strategy-lab-v1.0.0:SIE_OLD_MR_REGIME_EXHAUSTION_CONFIRM_V1,1789974000000,2026-09-21T07:00:00+00:00,4344.32,4350.14,4338.0,4341.62,30.015381234893766,4357.8215,4344.010948562729,4337.40125,8.58499999999997,0.001977372501508647,30.201193897855575,1.2499999999999736,False,PLANNED_REWARD_TOO_LOW|RSI_RECOVERY_NOT_CONFIRMED
2026-09-21T12:40:47.965035+00:00,SIE_OLD_MR_REGIME_EXHAUSTION_CONFIRM_V1,PAXG,PAXGUSDT,strategy-lab-v1.0.0:SIE_OLD_MR_REGIME_EXHAUSTION_CONFIRM_V1,1789977600000,2026-09-21T08:00:00+00:00,4342.2,4352.85,4342.19,4348.05,38.67924528301917,4357.2384999999995,4342.824793641067,4337.3668,9.182857142857172,0.0021119483775157073,30.015381234893766,1.2499999999999751,False,PLANNED_REWARD_TOO_LOW|RSI_NOT_BELOW_32|CLOSE_NOT_NEAR_OR_BELOW_LOWER_BB
2026-09-21T12:40:47.965035+00:00,SIE_OLD_MR_REGIME_EXHAUSTION_CONFIRM_V1,PAXG,PAXGUSDT,strategy-lab-v1.0.0:SIE_OLD_MR_REGIME_EXHAUSTION_CONFIRM_V1,1789981200000,2026-09-21T09:00:00+00:00,4346.17,4349.38,4337.78,4341.77,28.994413407822705,4356.3805,4340.50306510007,4337.30995,9.628571428571506,0.002217660407753406,38.67924528301917,1.2499999999999527,False,PLANNED_REWARD_TOO_LOW|CLOSE_NOT_NEAR_OR_BELOW_LOWER_BB|RSI_RECOVERY_NOT_CONFIRMED
2026-09-21T12:40:47.965035+00:00,SIE_OLD_MR_REGIME_EXHAUSTION_CONFIRM_V1,PAXG,PAXGUSDT,strategy-lab-v1.0.0:SIE_OLD_MR_REGIME_EXHAUSTION_CONFIRM_V1,1789984800000,2026-09-21T10:00:00+00:00,4342.32,4350.93,4339.71,4339.71,28.637116056650314,4355.3765,4338.018013574003,4337.22695,10.167857142857233,0.0023429807850886887,28.994413407822705,1.2499999999999776,False,PLANNED_REWARD_TOO_LOW|CLOSE_NOT_NEAR_OR_BELOW_LOWER_BB|RSI_RECOVERY_NOT_CONFIRMED
2026-09-21T12:40:47.965035+00:00,SIE_OLD_MR_REGIME_EXHAUSTION_CONFIRM_V1,PAXG,PAXGUSDT,strategy-lab-v1.0.0:SIE_OLD_MR_REGIME_EXHAUSTION_CONFIRM_V1,1789988400000,2026-09-21T11:00:00+00:00,4337.93,4365.25,4337.93,4364.35,50.57324840764363,4355.593999999999,4337.903403175654,4337.27025,11.820000000000098,0.002708307078946486,28.637116056650314,1.25,False,RSI_NOT_BELOW_32|CLOSE_NOT_NEAR_OR_BELOW_LOWER_BB
2026-09-21T12:40:47.965035+00:00,SIE_OLD_MR_REGIME_EXHAUSTION_CONFIRM_V1,PAXG,PAXGUSDT,strategy-lab-v1.0.0:SIE_OLD_MR_REGIME_EXHAUSTION_CONFIRM_V1,1789992000000,2026-09-21T12:00:00+00:00,4362.38,4368.52,4348.07,4353.92,43.13272496245813,4355.16,4337.754614626457,4337.25735,12.648571428571554,0.0029050996409147514,50.57324840764363,1.249999999999964,False,PLANNED_REWARD_TOO_LOW|RSI_NOT_BELOW_32|CLOSE_NOT_NEAR_OR_BELOW_LOWER_BB|RSI_RECOVERY_NOT_CONFIRMED
2026-09-21T19:20:12.056654+00:00,SIE_OLD_MR_REGIME_EXHAUSTION_CONFIRM_V1,BTC,BTCUSDT,strategy-lab-v1.0.0:SIE_OLD_MR_REGIME_EXHAUSTION_CONFIRM_V1,1789995600000,2026-09-21T13:00:00+00:00,85300.0,85829.95,84753.25,85443.42,85.4437983405758,82322.2755,79077.47642256171,78514.3848,816.520000000002,0.009556265421023667,84.56161037648447,1.2500000000000044,False,RSI_NOT_BELOW_32|CLOSE_NOT_NEAR_OR_BELOW_LOWER_BB
2026-09-21T19:20:12.056654+00:00,SIE_OLD_MR_REGIME_EXHAUSTION_CONFIRM_V1,BTC,BTCUSDT,strategy-lab-v1.0.0:SIE_OLD_MR_REGIME_EXHAUSTION_CONFIRM_V1,1789999200000,2026-09-21T14:00:00+00:00,85444.68,86150.0,85006.89,85832.71,85.34285104908156,82562.895,79038.3038848796,78558.04965,848.8892857142876,0.009890044083593393,85.4437983405758,1.2500000000000042,False,RSI_NOT_BELOW_32|CLOSE_NOT_NEAR_OR_BELOW_LOWER_BB|RSI_RECOVERY_NOT_CONFIRMED
2026-09-21T19:20:12.056654+00:00,SIE_OLD_MR_REGIME_EXHAUSTION_CONFIRM_V1,BTC,BTCUSDT,strategy-lab-v1.0.0:SIE_OLD_MR_REGIME_EXHAUSTION_CONFIRM_V1,1790002800000,2026-09-21T15:00:00+00:00,85832.38,86354.94,85777.23,85933.17,95.21314320824234,82801.43149999999,79049.81321515584,78602.2146,800.8907142857164,0.009319925173081785,85.34285104908156,1.25,False,RSI_NOT_BELOW_32|CLOSE_NOT_NEAR_OR_BELOW_LOWER_BB
2026-09-21T19:20:12.056654+00:00,SIE_OLD_MR_REGIME_EXHAUSTION_CONFIRM_V1,BTC,BTCUSDT,strategy-lab-v1.0.0:SIE_OLD_MR_REGIME_EXHAUSTION_CONFIRM_V1,1790006400000,2026-09-21T16:00:00+00:00,85933.17,86149.99,85606.51,85967.88,94.94427242197364,83046.152,79141.89838448906,78648.16554999999,798.5821428571455,0.009289308319073885,95.21314320824234,1.2499999999999953,False,PLANNED_REWARD_TOO_LOW|RSI_NOT_BELOW_32|CLOSE_NOT_NEAR_OR_BELOW_LOWER_BB|RSI_RECOVERY_NOT_CONFIRMED
2026-09-21T19:20:12.056654+00:00,SIE_OLD_MR_REGIME_EXHAUSTION_CONFIRM_V1,BTC,BTCUSDT,strategy-lab-v1.0.0:SIE_OLD_MR_REGIME_EXHAUSTION_CONFIRM_V1,1790010000000,2026-09-21T17:00:00+00:00,85967.89,86137.43,85682.08,85902.12,93.62163023290131,83295.244,79330.08911176393,78693.84569999999,806.9550000000017,0.009393889231138904,94.94427242197364,1.2500000000000044,False,RSI_NOT_BELOW_32|CLOSE_NOT_NEAR_OR_BELOW_LOWER_BB|RSI_RECOVERY_NOT_CONFIRMED
2026-09-21T19:20:12.056654+00:00,SIE_OLD_MR_REGIME_EXHAUSTION_CONFIRM_V1,BTC,BTCUSDT,strategy-lab-v1.0.0:SIE_OLD_MR_REGIME_EXHAUSTION_CONFIRM_V1,1790013600000,2026-09-21T18:00:00+00:00,85907.4,86090.24,85799.7,86071.78,94.5517850509092,83539.008,79520.84238702798,78740.99245,807.7085714285734,0.009384127659827336,93.62163023290131,1.250000000000009,False,RSI_NOT_BELOW_32|CLOSE_NOT_NEAR_OR_BELOW_LOWER_BB
2026-09-21T19:20:12.056654+00:00,SIE_OLD_MR_REGIME_EXHAUSTION_CONFIRM_V1,BTC,BTCUSDT,strategy-lab-v1.0.0:SIE_OLD_MR_REGIME_EXHAUSTION_CONFIRM_V1,1790017200000,2026-09-21T19:00:00+00:00,86071.79,86266.97,85971.79,86261.16,94.57039130204811,83794.084,79764.798242387,78788.5026,792.2921428571457,0.009184807425000378,94.5517850509092,1.2500000000000047,False,RSI_NOT_BELOW_32|CLOSE_NOT_NEAR_OR_BELOW_LOWER_BB
2026-09-21T19:20:12.056654+00:00,SIE_OLD_MR_REGIME_EXHAUSTION_CONFIRM_V1,SOL,SOLUSDT,strategy-lab-v1.0.0:SIE_OLD_MR_REGIME_EXHAUSTION_CONFIRM_V1,1789995600000,2026-09-21T13:00:00+00:00,116.79,118.38,116.68,118.02,84.80243161094224,112.708,107.49132443025223,104.4447,1.5950000000000009,0.013514658532452135,82.91571753986332,1.2500000000000044,False,RSI_NOT_BELOW_32|CLOSE_NOT_NEAR_OR_BELOW_LOWER_BB
2026-09-21T19:20:12.056654+00:00,SIE_OLD_MR_REGIME_EXHAUSTION_CONFIRM_V1,SOL,SOLUSDT,strategy-lab-v1.0.0:SIE_OLD_MR_REGIME_EXHAUSTION_CONFIRM_V1,1789999200000,2026-09-21T14:00:00+00:00,118.01,118.86,117.31,118.04,82.87671232876713,113.1415,107.67161782576594,104.52879999999999,1.5785714285714292,0.01337319068596602,84.80243161094224,1.2499999999999978,False,PLANNED_REWARD_TOO_LOW|RSI_NOT_BELOW_32|CLOSE_NOT_NEAR_OR_BELOW_LOWER_BB|RSI_RECOVERY_NOT_CONFIRMED
2026-09-21T19:20:12.056654+00:00,SIE_OLD_MR_REGIME_EXHAUSTION_CONFIRM_V1,SOL,SOLUSDT,strategy-lab-v1.0.0:SIE_OLD_MR_REGIME_EXHAUSTION_CONFIRM_V1,1790002800000,2026-09-21T15:00:00+00:00,118.0,119.14,117.36,117.94,96.67110519307572,113.518,107.82014917710163,104.61505000000001,1.5157142857142856,0.012851571016739746,82.87671232876713,1.2500000000000024,False,RSI_NOT_BELOW_32|CLOSE_NOT_NEAR_OR_BELOW_LOWER_BB|RSI_RECOVERY_NOT_CONFIRMED
2026-09-21T19:20:12.056654+00:00,SIE_OLD_MR_REGIME_EXHAUSTION_CONFIRM_V1,SOL,SOLUSDT,strategy-lab-v1.0.0:SIE_OLD_MR_REGIME_EXHAUSTION_CONFIRM_V1,1790006400000,2026-09-21T16:00:00+00:00,117.93,118.34,116.77,117.52,91.2646675358538,113.88900000000001,108.16347853903211,104.70279999999998,1.5342857142857156,0.013055528542254217,96.67110519307572,1.25,False,RSI_NOT_BELOW_32|CLOSE_NOT_NEAR_OR_BELOW_LOWER_BB|RSI_RECOVERY_NOT_CONFIRMED
2026-09-21T19:20:12.056654+00:00,SIE_OLD_MR_REGIME_EXHAUSTION_CONFIRM_V1,SOL,SOLUSDT,strategy-lab-v1.0.0:SIE_OLD_MR_REGIME_EXHAUSTION_CONFIRM_V1,1790010000000,2026-09-21T17:00:00+00:00,117.53,117.94,116.63,117.19,86.92810457516325,114.25450000000001,108.66771747335696,104.78960000000001,1.5735714285714297,0.013427523069984041,91.2646675358538,1.25,False,RSI_NOT_BELOW_32|CLOSE_NOT_NEAR_OR_BELOW_LOWER_BB|RSI_RECOVERY_NOT_CONFIRMED
2026-09-21T19:20:12.056654+00:00,SIE_OLD_MR_REGIME_EXHAUSTION_CONFIRM_V1,SOL,SOLUSDT,strategy-lab-v1.0.0:SIE_OLD_MR_REGIME_EXHAUSTION_CONFIRM_V1,1790013600000,2026-09-21T18:00:00+00:00,117.18,117.86,116.85,117.74,88.77928483353872,114.59049999999999,109.0139509775306,104.88064999999999,1.5900000000000014,0.01350433157805335,86.92810457516325,1.2500000000000044,False,RSI_NOT_BELOW_32|CLOSE_NOT_NEAR_OR_BELOW_LOWER_BB
2026-09-21T19:20:12.056654+00:00,SIE_OLD_MR_REGIME_EXHAUSTION_CONFIRM_V1,SOL,SOLUSDT,strategy-lab-v1.0.0:SIE_OLD_MR_REGIME_EXHAUSTION_CONFIRM_V1,1790017200000,2026-09-21T19:00:00+00:00,117.74,117.75,117.25,117.64,87.24747474747471,114.91499999999999,109.42235218678599,104.96990000000001,1.557857142857144,0.01324258026910187,88.77928483353872,1.2499999999999978,False,PLANNED_REWARD_TOO_LOW|RSI_NOT_BELOW_32|CLOSE_NOT_NEAR_OR_BELOW_LOWER_BB|RSI_RECOVERY_NOT_CONFIRMED
2026-09-21T19:20:12.056654+00:00,SIE_OLD_MR_REGIME_EXHAUSTION_CONFIRM_V1,XRP,XRPUSDT,strategy-lab-v1.0.0:SIE_OLD_MR_REGIME_EXHAUSTION_CONFIRM_V1,1789995600000,2026-09-21T13:00:00+00:00,1.4872,1.4971,1.4711,1.4897,79.27994121969132,1.43676,1.3719706984140145,1.3666155,0.020900000000000012,0.014029670403436941,78.93950709484682,1.2500000000000027,False,RSI_NOT_BELOW_32|CLOSE_NOT_NEAR_OR_BELOW_LOWER_BB
2026-09-21T19:20:12.056654+00:00,SIE_OLD_MR_REGIME_EXHAUSTION_CONFIRM_V1,XRP,XRPUSDT,strategy-lab-v1.0.0:SIE_OLD_MR_REGIME_EXHAUSTION_CONFIRM_V1,1789999200000,2026-09-21T14:00:00+00:00,1.4899,1.507,1.475,1.497,77.96874999999991,1.44143,1.3734868443476478,1.3672980000000001,0.021542857142857134,0.014390686134173101,79.27994121969132,1.2500000000000027,False,RSI_NOT_BELOW_32|CLOSE_NOT_NEAR_OR_BELOW_LOWER_BB|RSI_RECOVERY_NOT_CONFIRMED
2026-09-21T19:20:12.056654+00:00,SIE_OLD_MR_REGIME_EXHAUSTION_CONFIRM_V1,XRP,XRPUSDT,strategy-lab-v1.0.0:SIE_OLD_MR_REGIME_EXHAUSTION_CONFIRM_V1,1790002800000,2026-09-21T15:00:00+00:00,1.4968,1.509,1.4847,1.495,88.9483065953653,1.445735,1.37570322792475,1.3679850000000002,0.02077142857142857,0.013893932154801718,77.96874999999991,1.2500000000000027,False,RSI_NOT_BELOW_32|CLOSE_NOT_NEAR_OR_BELOW_LOWER_BB|RSI_RECOVERY_NOT_CONFIRMED
2026-09-21T19:20:12.056654+00:00,SIE_OLD_MR_REGIME_EXHAUSTION_CONFIRM_V1,XRP,XRPUSDT,strategy-lab-v1.0.0:SIE_OLD_MR_REGIME_EXHAUSTION_CONFIRM_V1,1790006400000,2026-09-21T16:00:00+00:00,1.4948,1.5038,1.4804,1.4892,83.48457350272221,1.449905,1.3799494862787802,1.368694,0.021271428571428577,0.01428379571006485,88.9483065953653,1.25,False,RSI_NOT_BELOW_32|CLOSE_NOT_NEAR_OR_BELOW_LOWER_BB|RSI_RECOVERY_NOT_CONFIRMED
2026-09-21T19:20:12.056654+00:00,SIE_OLD_MR_REGIME_EXHAUSTION_CONFIRM_V1,XRP,XRPUSDT,strategy-lab-v1.0.0:SIE_OLD_MR_REGIME_EXHAUSTION_CONFIRM_V1,1790010000000,2026-09-21T17:00:00+00:00,1.4892,1.5,1.4874,1.4955,83.3333333333332,1.45459,1.385604932050481,1.369452,0.021421428571428574,0.01432392415341262,83.48457350272221,1.2499999999999973,False,PLANNED_REWARD_TOO_LOW|RSI_NOT_BELOW_32|CLOSE_NOT_NEAR_OR_BELOW_LOWER_BB|RSI_RECOVERY_NOT_CONFIRMED
2026-09-21T19:20:12.056654+00:00,SIE_OLD_MR_REGIME_EXHAUSTION_CONFIRM_V1,XRP,XRPUSDT,strategy-lab-v1.0.0:SIE_OLD_MR_REGIME_EXHAUSTION_CONFIRM_V1,1790013600000,2026-09-21T18:00:00+00:00,1.4958,1.5148,1.4918,1.5094,88.37405223251895,1.45958,1.3898996842716702,1.3702985,0.02237857142857142,0.014826137159514655,83.3333333333332,1.2499999999999951,False,PLANNED_REWARD_TOO_LOW|RSI_NOT_BELOW_32|CLOSE_NOT_NEAR_OR_BELOW_LOWER_BB
2026-09-21T19:20:12.056654+00:00,SIE_OLD_MR_REGIME_EXHAUSTION_CONFIRM_V1,XRP,XRPUSDT,strategy-lab-v1.0.0:SIE_OLD_MR_REGIME_EXHAUSTION_CONFIRM_V1,1790017200000,2026-09-21T19:00:00+00:00,1.5094,1.51,1.5008,1.5052,83.84201077199283,1.46434,1.3958614077247515,1.3711105000000001,0.021514285714285725,0.014293307011882623,88.37405223251895,1.25,False,RSI_NOT_BELOW_32|CLOSE_NOT_NEAR_OR_BELOW_LOWER_BB|RSI_RECOVERY_NOT_CONFIRMED
2026-09-21T19:20:12.056654+00:00,SIE_OLD_MR_REGIME_EXHAUSTION_CONFIRM_V1,DOGE,DOGEUSDT,strategy-lab-v1.0.0:SIE_OLD_MR_REGIME_EXHAUSTION_CONFIRM_V1,1789995600000,2026-09-21T13:00:00+00:00,0.09344,0.0944,0.09244,0.09322,81.75965665236055,0.089399,0.0846717686750071,0.08434265,0.001586428571428574,0.017018113832102274,82.55687973997843,1.2500000000000044,False,RSI_NOT_BELOW_32|CLOSE_NOT_NEAR_OR_BELOW_LOWER_BB|RSI_RECOVERY_NOT_CONFIRMED
2026-09-21T19:20:12.056654+00:00,SIE_OLD_MR_REGIME_EXHAUSTION_CONFIRM_V1,DOGE,DOGEUSDT,strategy-lab-v1.0.0:SIE_OLD_MR_REGIME_EXHAUSTION_CONFIRM_V1,1789999200000,2026-09-21T14:00:00+00:00,0.09327,0.09528,0.09212,0.09498,82.3100936524454,0.08981499999999999,0.08467850508615127,0.08439554999999999,0.0016907142857142884,0.017800740005414702,81.75965665236055,1.249999999999998,False,PLANNED_REWARD_TOO_LOW|RSI_NOT_BELOW_32|CLOSE_NOT_NEAR_OR_BELOW_LOWER_BB
2026-09-21T19:20:12.056654+00:00,SIE_OLD_MR_REGIME_EXHAUSTION_CONFIRM_V1,DOGE,DOGEUSDT,strategy-lab-v1.0.0:SIE_OLD_MR_REGIME_EXHAUSTION_CONFIRM_V1,1790002800000,2026-09-21T15:00:00+00:00,0.09493,0.09813,0.09483,0.09733,96.24765478424017,0.090313,0.0843555673314763,0.08446145,0.0017450000000000024,0.017928696188225648,82.3100936524454,1.25,False,RSI_NOT_BELOW_32|CLOSE_NOT_NEAR_OR_BELOW_LOWER_BB
2026-09-21T19:20:12.056654+00:00,SIE_OLD_MR_REGIME_EXHAUSTION_CONFIRM_V1,DOGE,DOGEUSDT,strategy-lab-v1.0.0:SIE_OLD_MR_REGIME_EXHAUSTION_CONFIRM_V1,1790006400000,2026-09-21T16:00:00+00:00,0.09729,0.098,0.0952,0.09667,90.07490636704128,0.090781,0.0843861899168159,0.08452715000000001,0.001855714285714288,0.01919638239075502,96.24765478424017,1.25,False,RSI_NOT_BELOW_32|CLOSE_NOT_NEAR_OR_BELOW_LOWER_BB|RSI_RECOVERY_NOT_CONFIRMED
2026-09-21T19:20:12.056654+00:00,SIE_OLD_MR_REGIME_EXHAUSTION_CONFIRM_V1,DOGE,DOGEUSDT,strategy-lab-v1.0.0:SIE_OLD_MR_REGIME_EXHAUSTION_CONFIRM_V1,1790010000000,2026-09-21T17:00:00+00:00,0.09665,0.09908,0.09648,0.09738,90.42457091237586,0.09130400000000001,0.08455660227939744,0.0845961,0.0019885714285714307,0.020420737611125804,90.07490636704128,1.2500000000000018,False,RSI_NOT_BELOW_32|CLOSE_NOT_NEAR_OR_BELOW_LOWER_BB
2026-09-21T19:20:12.056654+00:00,SIE_OLD_MR_REGIME_EXHAUSTION_CONFIRM_V1,DOGE,DOGEUSDT,strategy-lab-v1.0.0:SIE_OLD_MR_REGIME_EXHAUSTION_CONFIRM_V1,1790013600000,2026-09-21T18:00:00+00:00,0.09736,0.09995,0.09691,0.09964,93.16628701594534,0.09191350000000001,0.08449942345602016,0.0846778,0.002145000000000002,0.02152749899638701,90.42457091237586,1.25,False,RSI_NOT_BELOW_32|CLOSE_NOT_NEAR_OR_BELOW_LOWER_BB
2026-09-21T19:20:12.056654+00:00,SIE_OLD_MR_REGIME_EXHAUSTION_CONFIRM_V1,DOGE,DOGEUSDT,strategy-lab-v1.0.0:SIE_OLD_MR_REGIME_EXHAUSTION_CONFIRM_V1,1790017200000,2026-09-21T19:00:00+00:00,0.09963,0.09999,0.09827,0.09867,86.671418389166,0.09248200000000001,0.08483027182918841,0.08475349999999998,0.002194285714285716,0.022238630934283125,93.16628701594534,1.2499999999999984,False,PLANNED_REWARD_TOO_LOW|RSI_NOT_BELOW_32|CLOSE_NOT_NEAR_OR_BELOW_LOWER_BB|RSI_RECOVERY_NOT_CONFIRMED
2026-09-21T19:20:12.056654+00:00,SIE_OLD_MR_REGIME_EXHAUSTION_CONFIRM_V1,BNB,BNBUSDT,strategy-lab-v1.0.0:SIE_OLD_MR_REGIME_EXHAUSTION_CONFIRM_V1,1789995600000,2026-09-21T13:00:00+00:00,790.14,796.17,785.93,794.11,71.41169521559364,776.789,760.5426946969378,738.3295999999999,9.162142857142856,0.011537624330562334,66.45426515930117,1.250000000000003,False,RSI_NOT_BELOW_32|CLOSE_NOT_NEAR_OR_BELOW_LOWER_BB
2026-09-21T19:20:12.056654+00:00,SIE_OLD_MR_REGIME_EXHAUSTION_CONFIRM_V1,BNB,BNBUSDT,strategy-lab-v1.0.0:SIE_OLD_MR_REGIME_EXHAUSTION_CONFIRM_V1,1789999200000,2026-09-21T14:00:00+00:00,794.38,799.17,791.46,797.36,69.08665105386423,778.354,760.584462695942,738.7089500000001,8.97499999999999,0.011255894451690568,71.41169521559364,1.249999999999997,False,PLANNED_REWARD_TOO_LOW|RSI_NOT_BELOW_32|CLOSE_NOT_NEAR_OR_BELOW_LOWER_BB|RSI_RECOVERY_NOT_CONFIRMED
2026-09-21T19:20:12.056654+00:00,SIE_OLD_MR_REGIME_EXHAUSTION_CONFIRM_V1,BNB,BNBUSDT,strategy-lab-v1.0.0:SIE_OLD_MR_REGIME_EXHAUSTION_CONFIRM_V1,1790002800000,2026-09-21T15:00:00+00:00,797.39,807.12,797.39,803.39,80.40117007939827,780.0485,759.7026716560785,739.1151999999998,8.889285714285702,0.01106472039020364,69.08665105386423,1.2500000000000064,False,RSI_NOT_BELOW_32|CLOSE_NOT_NEAR_OR_BELOW_LOWER_BB
2026-09-21T19:20:12.056654+00:00,SIE_OLD_MR_REGIME_EXHAUSTION_CONFIRM_V1,BNB,BNBUSDT,strategy-lab-v1.0.0:SIE_OLD_MR_REGIME_EXHAUSTION_CONFIRM_V1,1790006400000,2026-09-21T16:00:00+00:00,802.9,803.15,794.59,797.78,70.04396482813745,781.5375,760.5867913007619,739.5161499999999,8.83499999999998,0.011074481686680513,80.40117007939827,1.250000000000003,False,RSI_NOT_BELOW_32|CLOSE_NOT_NEAR_OR_BELOW_LOWER_BB|RSI_RECOVERY_NOT_CONFIRMED
2026-09-21T19:20:12.056654+00:00,SIE_OLD_MR_REGIME_EXHAUSTION_CONFIRM_V1,BNB,BNBUSDT,strategy-lab-v1.0.0:SIE_OLD_MR_REGIME_EXHAUSTION_CONFIRM_V1,1790010000000,2026-09-21T17:00:00+00:00,797.89,799.39,793.5,795.91,68.49716630838378,783.043,762.5089783773285,739.91535,8.992857142857124,0.011298836731360486,70.04396482813745,1.250000000000003,False,RSI_NOT_BELOW_32|CLOSE_NOT_NEAR_OR_BELOW_LOWER_BB|RSI_RECOVERY_NOT_CONFIRMED
2026-09-21T19:20:12.056654+00:00,SIE_OLD_MR_REGIME_EXHAUSTION_CONFIRM_V1,BNB,BNBUSDT,strategy-lab-v1.0.0:SIE_OLD_MR_REGIME_EXHAUSTION_CONFIRM_V1,1790013600000,2026-09-21T18:00:00+00:00,796.0,801.36,794.99,801.02,76.39338025489826,784.3860000000001,762.8619572570499,740.34715,9.053571428571413,0.011302553529963563,68.49716630838378,1.250000000000003,False,RSI_NOT_BELOW_32|CLOSE_NOT_NEAR_OR_BELOW_LOWER_BB
2026-09-21T19:20:12.056654+00:00,SIE_OLD_MR_REGIME_EXHAUSTION_CONFIRM_V1,BNB,BNBUSDT,strategy-lab-v1.0.0:SIE_OLD_MR_REGIME_EXHAUSTION_CONFIRM_V1,1790017200000,2026-09-21T19:00:00+00:00,800.81,801.7,799.83,800.87,76.40791476407917,785.8115,763.8894624350208,740.77185,8.853571428571415,0.011054942036249847,76.39338025489826,1.249999999999997,False,PLANNED_REWARD_TOO_LOW|RSI_NOT_BELOW_32|CLOSE_NOT_NEAR_OR_BELOW_LOWER_BB|RSI_RECOVERY_NOT_CONFIRMED
2026-09-21T19:20:12.056654+00:00,SIE_OLD_MR_REGIME_EXHAUSTION_CONFIRM_V1,PAXG,PAXGUSDT,strategy-lab-v1.0.0:SIE_OLD_MR_REGIME_EXHAUSTION_CONFIRM_V1,1789995600000,2026-09-21T13:00:00+00:00,4357.21,4362.5,4343.86,4344.33,40.042895442359594,4354.5235,4336.617950832172,4337.20985,13.515714285714434,0.003111115934036879,44.547840610832694,1.2499999999999831,False,PLANNED_REWARD_TOO_LOW|RSI_NOT_BELOW_32|CLOSE_NOT_NEAR_OR_BELOW_LOWER_BB|RSI_RECOVERY_NOT_CONFIRMED
2026-09-21T19:20:12.056654+00:00,SIE_OLD_MR_REGIME_EXHAUSTION_CONFIRM_V1,PAXG,PAXGUSDT,strategy-lab-v1.0.0:SIE_OLD_MR_REGIME_EXHAUSTION_CONFIRM_V1,1789999200000,2026-09-21T14:00:00+00:00,4343.63,4343.63,4321.46,4338.55,39.13635887223603,4353.4605,4334.446559351058,4337.1268,14.215714285714446,0.003276604922316084,40.042895442359594,1.25,False,RSI_NOT_BELOW_32|CLOSE_NOT_NEAR_OR_BELOW_LOWER_BB|RSI_RECOVERY_NOT_CONFIRMED
2026-09-21T19:20:12.056654+00:00,SIE_OLD_MR_REGIME_EXHAUSTION_CONFIRM_V1,PAXG,PAXGUSDT,strategy-lab-v1.0.0:SIE_OLD_MR_REGIME_EXHAUSTION_CONFIRM_V1,1790002800000,2026-09-21T15:00:00+00:00,4340.21,4351.37,4339.84,4345.26,39.41575378195113,4352.507,4333.859916474646,4337.0765,14.050000000000116,0.0032334083576126896,39.13635887223603,1.2499999999999838,False,PLANNED_REWARD_TOO_LOW|RSI_NOT_BELOW_32|CLOSE_NOT_NEAR_OR_BELOW_LOWER_BB
2026-09-21T19:20:12.056654+00:00,SIE_OLD_MR_REGIME_EXHAUSTION_CONFIRM_V1,PAXG,PAXGUSDT,strategy-lab-v1.0.0:SIE_OLD_MR_REGIME_EXHAUSTION_CONFIRM_V1,1790006400000,2026-09-21T16:00:00+00:00,4344.29,4354.24,4340.0,4340.72,41.3393150235257,4351.396,4332.719982865676,4337.0043,14.231428571428685,0.0032785870941753176,39.41575378195113,1.249999999999984,False,PLANNED_REWARD_TOO_LOW|RSI_NOT_BELOW_32|CLOSE_NOT_NEAR_OR_BELOW_LOWER_BB|RSI_RECOVERY_NOT_CONFIRMED
2026-09-21T19:20:12.056654+00:00,SIE_OLD_MR_REGIME_EXHAUSTION_CONFIRM_V1,PAXG,PAXGUSDT,strategy-lab-v1.0.0:SIE_OLD_MR_REGIME_EXHAUSTION_CONFIRM_V1,1790010000000,2026-09-21T17:00:00+00:00,4340.0,4343.73,4336.45,4343.36,44.9011330815373,4350.3915,4332.263808172258,4336.96185,14.110714285714364,0.0032488014545684367,41.3393150235257,1.25,False,RSI_NOT_BELOW_32|CLOSE_NOT_NEAR_OR_BELOW_LOWER_BB
2026-09-21T19:20:12.056654+00:00,SIE_OLD_MR_REGIME_EXHAUSTION_CONFIRM_V1,PAXG,PAXGUSDT,strategy-lab-v1.0.0:SIE_OLD_MR_REGIME_EXHAUSTION_CONFIRM_V1,1790013600000,2026-09-21T18:00:00+00:00,4342.1,4350.16,4342.1,4342.55,46.17845310179389,4349.228499999999,4332.259271054594,4336.92295,14.053571428571493,0.0032362486162672835,44.9011330815373,1.2500000000000162,False,RSI_NOT_BELOW_32|CLOSE_NOT_NEAR_OR_BELOW_LOWER_BB|RSI_RECOVERY_NOT_CONFIRMED
2026-09-21T19:20:12.056654+00:00,SIE_OLD_MR_REGIME_EXHAUSTION_CONFIRM_V1,PAXG,PAXGUSDT,strategy-lab-v1.0.0:SIE_OLD_MR_REGIME_EXHAUSTION_CONFIRM_V1,1790017200000,2026-09-21T19:00:00+00:00,4341.92,4343.79,4340.73,4343.52,48.04968655676825,4348.2595,4332.343021149401,4336.8774,13.503571428571506,0.003108900483610414,46.17845310179389,1.2500000000000338,False,RSI_NOT_BELOW_32|CLOSE_NOT_NEAR_OR_BELOW_LOWER_BB
2026-09-21T23:13:29.477776+00:00,SIE_OLD_MR_REGIME_EXHAUSTION_CONFIRM_V1,BTC,BTCUSDT,strategy-lab-v1.0.0:SIE_OLD_MR_REGIME_EXHAUSTION_CONFIRM_V1,1790020800000,2026-09-21T20:00:00+00:00,86490.34,87397.0,86490.34,86980.02,95.15537518244221,84075.24799999999,79925.60700380047,78840.92085,867.2492857142892,0.009970672410908725,94.8000426922915,1.25,False,RSI_NOT_BELOW_32|CLOSE_NOT_NEAR_OR_BELOW_LOWER_BB
2026-09-21T23:13:29.477776+00:00,SIE_OLD_MR_REGIME_EXHAUSTION_CONFIRM_V1,BTC,BTCUSDT,strategy-lab-v1.0.0:SIE_OLD_MR_REGIME_EXHAUSTION_CONFIRM_V1,1790024400000,2026-09-21T21:00:00+00:00,86980.03,86986.72,86528.34,86557.3,88.67850834401428,84354.44,80327.57690664365,78889.61695,881.3785714285748,0.010182602408214845,95.15537518244221,1.2500000000000042,False,RSI_NOT_BELOW_32|CLOSE_NOT_NEAR_OR_BELOW_LOWER_BB|RSI_RECOVERY_NOT_CONFIRMED
2026-09-21T23:13:29.477776+00:00,SIE_OLD_MR_REGIME_EXHAUSTION_CONFIRM_V1,BTC,BTCUSDT,strategy-lab-v1.0.0:SIE_OLD_MR_REGIME_EXHAUSTION_CONFIRM_V1,1790028000000,2026-09-21T22:00:00+00:00,86557.31,86733.99,86266.36,86423.13,80.74397750415626,84610.6035,80744.99212718375,78935.84245,736.8400000000038,0.008525958270662076,88.67850834401428,1.2500000000000049,False,RSI_NOT_BELOW_32|CLOSE_NOT_NEAR_OR_BELOW_LOWER_BB|RSI_RECOVERY_NOT_CONFIRMED
2026-09-21T23:13:29.477776+00:00,SIE_OLD_MR_REGIME_EXHAUSTION_CONFIRM_V1,BTC,BTCUSDT,strategy-lab-v1.0.0:SIE_OLD_MR_REGIME_EXHAUSTION_CONFIRM_V1,1790031600000,2026-09-21T23:00:00+00:00,86423.13,86600.0,86399.38,86549.77,76.56537957679225,84867.517,81209.08102243814,78983.06495,637.6014285714316,0.007366876059536976,80.74397750415626,1.2500000000000058,False,RSI_NOT_BELOW_32|CLOSE_NOT_NEAR_OR_BELOW_LOWER_BB|RSI_RECOVERY_NOT_CONFIRMED
2026-09-21T23:13:29.477776+00:00,SIE_OLD_MR_REGIME_EXHAUSTION_CONFIRM_V1,SOL,SOLUSDT,strategy-lab-v1.0.0:SIE_OLD_MR_REGIME_EXHAUSTION_CONFIRM_V1,1790020800000,2026-09-21T20:00:00+00:00,118.36,119.51,118.2,119.21,89.72911963882608,115.29850000000002,109.5715661781365,105.07119999999999,1.6285714285714294,0.013661365896916614,89.24349881796681,1.25,False,RSI_NOT_BELOW_32|CLOSE_NOT_NEAR_OR_BELOW_LOWER_BB
2026-09-21T23:13:29.477776+00:00,SIE_OLD_MR_REGIME_EXHAUSTION_CONFIRM_V1,SOL,SOLUSDT,strategy-lab-v1.0.0:SIE_OLD_MR_REGIME_EXHAUSTION_CONFIRM_V1,1790024400000,2026-09-21T21:00:00+00:00,119.18,119.99,118.65,119.11,89.3258426966292,115.70749999999998,110.12024709718588,105.1664,1.652142857142857,0.013870731736570035,89.72911963882608,1.2499999999999978,False,PLANNED_REWARD_TOO_LOW|RSI_NOT_BELOW_32|CLOSE_NOT_NEAR_OR_BELOW_LOWER_BB|RSI_RECOVERY_NOT_CONFIRMED
2026-09-21T23:13:29.477776+00:00,SIE_OLD_MR_REGIME_EXHAUSTION_CONFIRM_V1,SOL,SOLUSDT,strategy-lab-v1.0.0:SIE_OLD_MR_REGIME_EXHAUSTION_CONFIRM_V1,1790028000000,2026-09-21T22:00:00+00:00,119.11,119.82,118.79,119.45,84.24543946932006,116.12049999999999,110.7117275884444,105.2605,1.4192857142857125,0.01188183938288583,89.3258426966292,1.25,False,RSI_NOT_BELOW_32|CLOSE_NOT_NEAR_OR_BELOW_LOWER_BB|RSI_RECOVERY_NOT_CONFIRMED
2026-09-21T23:13:29.477776+00:00,SIE_OLD_MR_REGIME_EXHAUSTION_CONFIRM_V1,SOL,SOLUSDT,strategy-lab-v1.0.0:SIE_OLD_MR_REGIME_EXHAUSTION_CONFIRM_V1,1790031600000,2026-09-21T23:00:00+00:00,119.45,119.91,119.35,119.54,82.82097649186257,116.5205,111.34776194361197,105.35715,1.3228571428571416,0.011066230072420458,84.24543946932006,1.2500000000000053,False,RSI_NOT_BELOW_32|CLOSE_NOT_NEAR_OR_BELOW_LOWER_BB|RSI_RECOVERY_NOT_CONFIRMED
2026-09-21T23:13:29.477776+00:00,SIE_OLD_MR_REGIME_EXHAUSTION_CONFIRM_V1,XRP,XRPUSDT,strategy-lab-v1.0.0:SIE_OLD_MR_REGIME_EXHAUSTION_CONFIRM_V1,1790020800000,2026-09-21T20:00:00+00:00,1.5075,1.5382,1.5031,1.5334,87.98751950078,1.46987,1.3973342681156407,1.37209,0.023092857142857137,0.01505990422776649,85.84558823529407,1.2500000000000024,False,RSI_NOT_BELOW_32|CLOSE_NOT_NEAR_OR_BELOW_LOWER_BB
2026-09-21T23:13:29.477776+00:00,SIE_OLD_MR_REGIME_EXHAUSTION_CONFIRM_V1,XRP,XRPUSDT,strategy-lab-v1.0.0:SIE_OLD_MR_REGIME_EXHAUSTION_CONFIRM_V1,1790024400000,2026-09-21T21:00:00+00:00,1.5332,1.555,1.5174,1.549,89.11660777385154,1.4769400000000001,1.4025202875576663,1.373125,0.024742857142857115,0.015973439085124025,87.98751950078,1.2499999999999978,False,PLANNED_REWARD_TOO_LOW|RSI_NOT_BELOW_32|CLOSE_NOT_NEAR_OR_BELOW_LOWER_BB
2026-09-21T23:13:29.477776+00:00,SIE_OLD_MR_REGIME_EXHAUSTION_CONFIRM_V1,XRP,XRPUSDT,strategy-lab-v1.0.0:SIE_OLD_MR_REGIME_EXHAUSTION_CONFIRM_V1,1790028000000,2026-09-21T22:00:00+00:00,1.5495,1.5746,1.544,1.5556,86.11361587015324,1.4839499999999999,1.4076494233311463,1.374152,0.023464285714285684,0.01508375270910625,89.11660777385154,1.25,False,RSI_NOT_BELOW_32|CLOSE_NOT_NEAR_OR_BELOW_LOWER_BB|RSI_RECOVERY_NOT_CONFIRMED
2026-09-21T23:13:29.477776+00:00,SIE_OLD_MR_REGIME_EXHAUSTION_CONFIRM_V1,XRP,XRPUSDT,strategy-lab-v1.0.0:SIE_OLD_MR_REGIME_EXHAUSTION_CONFIRM_V1,1790031600000,2026-09-21T23:00:00+00:00,1.5554,1.5689,1.5544,1.5629,88.01369863013697,1.49096,1.412719821063602,1.37525,0.02323571428571425,0.014867051177755613,86.11361587015324,1.2499999999999951,False,PLANNED_REWARD_TOO_LOW|RSI_NOT_BELOW_32|CLOSE_NOT_NEAR_OR_BELOW_LOWER_BB
2026-09-21T23:13:29.477776+00:00,SIE_OLD_MR_REGIME_EXHAUSTION_CONFIRM_V1,DOGE,DOGEUSDT,strategy-lab-v1.0.0:SIE_OLD_MR_REGIME_EXHAUSTION_CONFIRM_V1,1790020800000,2026-09-21T20:00:00+00:00,0.09855,0.10114,0.0984,0.10013,86.79867986798678,0.0930435,0.08492487875005914,0.0848364,0.002361428571428572,0.02358362699918678,85.87570621468926,1.25,False,RSI_NOT_BELOW_32|CLOSE_NOT_NEAR_OR_BELOW_LOWER_BB
2026-09-21T23:13:29.477776+00:00,SIE_OLD_MR_REGIME_EXHAUSTION_CONFIRM_V1,DOGE,DOGEUSDT,strategy-lab-v1.0.0:SIE_OLD_MR_REGIME_EXHAUSTION_CONFIRM_V1,1790024400000,2026-09-21T21:00:00+00:00,0.10015,0.10016,0.09805,0.09922,81.01761252446187,0.09363099999999999,0.08551013576027827,0.0849155,0.002439285714285714,0.02458461715667924,86.79867986798678,1.2499999999999987,False,PLANNED_REWARD_TOO_LOW|RSI_NOT_BELOW_32|CLOSE_NOT_NEAR_OR_BELOW_LOWER_BB|RSI_RECOVERY_NOT_CONFIRMED
2026-09-21T23:13:29.477776+00:00,SIE_OLD_MR_REGIME_EXHAUSTION_CONFIRM_V1,DOGE,DOGEUSDT,strategy-lab-v1.0.0:SIE_OLD_MR_REGIME_EXHAUSTION_CONFIRM_V1,1790028000000,2026-09-21T22:00:00+00:00,0.09926,0.10188,0.09926,0.10032,79.66457023060799,0.0942415,0.08603724189825852,0.08499825,0.0024185714285714275,0.024108566871724753,81.01761252446187,1.2500000000000013,False,RSI_NOT_BELOW_32|CLOSE_NOT_NEAR_OR_BELOW_LOWER_BB|RSI_RECOVERY_NOT_CONFIRMED
2026-09-21T23:13:29.477776+00:00,SIE_OLD_MR_REGIME_EXHAUSTION_CONFIRM_V1,DOGE,DOGEUSDT,strategy-lab-v1.0.0:SIE_OLD_MR_REGIME_EXHAUSTION_CONFIRM_V1,1790031600000,2026-09-21T23:00:00+00:00,0.10028,0.10153,0.1002,0.10128,80.58705803869248,0.094884,0.08658869916157405,0.08508725,0.002259999999999999,0.02231437598736176,79.66457023060799,1.2499999999999984,False,PLANNED_REWARD_TOO_LOW|RSI_NOT_BELOW_32|CLOSE_NOT_NEAR_OR_BELOW_LOWER_BB
2026-09-21T23:13:29.477776+00:00,SIE_OLD_MR_REGIME_EXHAUSTION_CONFIRM_V1,BNB,BNBUSDT,strategy-lab-v1.0.0:SIE_OLD_MR_REGIME_EXHAUSTION_CONFIRM_V1,1790020800000,2026-09-21T20:00:00+00:00,800.24,806.55,799.92,804.82,78.9353478566409,787.0400000000001,763.9347174871099,741.2153500000001,9.144285714285697,0.011361901685203768,75.23417010116142,1.249999999999997,False,PLANNED_REWARD_TOO_LOW|RSI_NOT_BELOW_32|CLOSE_NOT_NEAR_OR_BELOW_LOWER_BB
2026-09-21T23:13:29.477776+00:00,SIE_OLD_MR_REGIME_EXHAUSTION_CONFIRM_V1,BNB,BNBUSDT,strategy-lab-v1.0.0:SIE_OLD_MR_REGIME_EXHAUSTION_CONFIRM_V1,1790024400000,2026-09-21T21:00:00+00:00,804.85,806.96,802.2,804.67,83.35807050092745,788.559,765.0159433590181,741.6503,8.937857142857126,0.011107481505284312,78.9353478566409,1.249999999999997,False,PLANNED_REWARD_TOO_LOW|RSI_NOT_BELOW_32|CLOSE_NOT_NEAR_OR_BELOW_LOWER_BB|RSI_RECOVERY_NOT_CONFIRMED
2026-09-21T23:13:29.477776+00:00,SIE_OLD_MR_REGIME_EXHAUSTION_CONFIRM_V1,BNB,BNBUSDT,strategy-lab-v1.0.0:SIE_OLD_MR_REGIME_EXHAUSTION_CONFIRM_V1,1790028000000,2026-09-21T22:00:00+00:00,804.72,806.96,798.81,800.82,71.49210584834333,789.714,766.144760385611,742.0631999999999,8.502142857142847,0.010616796355164514,83.35807050092745,1.2499999999999933,False,PLANNED_REWARD_TOO_LOW|RSI_NOT_BELOW_32|CLOSE_NOT_NEAR_OR_BELOW_LOWER_BB|RSI_RECOVERY_NOT_CONFIRMED
2026-09-21T23:13:29.477776+00:00,SIE_OLD_MR_REGIME_EXHAUSTION_CONFIRM_V1,BNB,BNBUSDT,strategy-lab-v1.0.0:SIE_OLD_MR_REGIME_EXHAUSTION_CONFIRM_V1,1790031600000,2026-09-21T23:00:00+00:00,800.44,803.08,800.44,802.99,71.48576512455514,791.0145,767.5291143527406,742.4856499999999,8.205714285714278,0.01021894953326228,71.49210584834333,1.25,False,RSI_NOT_BELOW_32|CLOSE_NOT_NEAR_OR_BELOW_LOWER_BB|RSI_RECOVERY_NOT_CONFIRMED
2026-09-21T23:13:29.477776+00:00,SIE_OLD_MR_REGIME_EXHAUSTION_CONFIRM_V1,PAXG,PAXGUSDT,strategy-lab-v1.0.0:SIE_OLD_MR_REGIME_EXHAUSTION_CONFIRM_V1,1790020800000,2026-09-21T20:00:00+00:00,4340.43,4341.23,4335.24,4339.86,47.18104353916194,4347.187,4331.591296617284,4336.815,13.986428571428664,0.0032227833550917922,46.874637597123794,1.25,False,RSI_NOT_BELOW_32|CLOSE_NOT_NEAR_OR_BELOW_LOWER_BB|RSI_RECOVERY_NOT_CONFIRMED
2026-09-21T23:13:29.477776+00:00,SIE_OLD_MR_REGIME_EXHAUSTION_CONFIRM_V1,PAXG,PAXGUSDT,strategy-lab-v1.0.0:SIE_OLD_MR_REGIME_EXHAUSTION_CONFIRM_V1,1790024400000,2026-09-21T21:00:00+00:00,4339.99,4340.76,4324.81,4340.75,49.47897951850528,4345.947,4332.608236788904,4336.7651000000005,14.258571428571486,0.003284817469002243,47.18104353916194,1.249999999999984,False,PLANNED_REWARD_TOO_LOW|RSI_NOT_BELOW_32|CLOSE_NOT_NEAR_OR_BELOW_LOWER_BB
2026-09-21T23:13:29.477776+00:00,SIE_OLD_MR_REGIME_EXHAUSTION_CONFIRM_V1,PAXG,PAXGUSDT,strategy-lab-v1.0.0:SIE_OLD_MR_REGIME_EXHAUSTION_CONFIRM_V1,1790028000000,2026-09-21T22:00:00+00:00,4342.35,4359.7,4342.3,4358.37,55.449936628643684,4346.038,4332.3898886287625,4336.81635,14.810000000000011,0.003398059366230956,49.47897951850528,1.2500000000000153,False,RSI_NOT_BELOW_32|CLOSE_NOT_NEAR_OR_BELOW_LOWER_BB
2026-09-21T23:13:29.477776+00:00,SIE_OLD_MR_REGIME_EXHAUSTION_CONFIRM_V1,PAXG,PAXGUSDT,strategy-lab-v1.0.0:SIE_OLD_MR_REGIME_EXHAUSTION_CONFIRM_V1,1790031600000,2026-09-21T23:00:00+00:00,4358.73,4359.95,4357.53,4358.8,59.58572554317212,4346.351000000001,4331.859706199871,4336.883400000001,14.154285714285704,0.0032472895554477616,55.449936628643684,1.249999999999984,False,PLANNED_REWARD_TOO_LOW|RSI_NOT_BELOW_32|CLOSE_NOT_NEAR_OR_BELOW_LOWER_BB
2026-09-22T04:44:34.958866+00:00,SIE_OLD_MR_REGIME_EXHAUSTION_CONFIRM_V1,BTC,BTCUSDT,strategy-lab-v1.0.0:SIE_OLD_MR_REGIME_EXHAUSTION_CONFIRM_V1,1790035200000,2026-09-22T00:00:00+00:00,86594.94,86610.96,85832.35,85876.06,67.63748033927402,85095.04650000001,81783.59966102376,79026.38905,654.6721428571462,0.007623453414806714,76.85553968745613,1.2500000000000056,False,RSI_NOT_BELOW_32|CLOSE_NOT_NEAR_OR_BELOW_LOWER_BB|RSI_RECOVERY_NOT_CONFIRMED
2026-09-22T04:44:34.958866+00:00,SIE_OLD_MR_REGIME_EXHAUSTION_CONFIRM_V1,BTC,BTCUSDT,strategy-lab-v1.0.0:SIE_OLD_MR_REGIME_EXHAUSTION_CONFIRM_V1,1790038800000,2026-09-22T01:00:00+00:00,85876.06,85965.31,85347.61,85598.67,59.09473359728929,85297.883,82412.24203994995,79067.88945,660.7592857142881,0.007719270471308586,67.63748033927402,1.2500000000000056,False,RSI_NOT_BELOW_32|CLOSE_NOT_NEAR_OR_BELOW_LOWER_BB|RSI_RECOVERY_NOT_CONFIRMED
2026-09-22T04:44:34.958866+00:00,SIE_OLD_MR_REGIME_EXHAUSTION_CONFIRM_V1,BTC,BTCUSDT,strategy-lab-v1.0.0:SIE_OLD_MR_REGIME_EXHAUSTION_CONFIRM_V1,1790042400000,2026-09-22T02:00:00+00:00,85598.67,85858.49,85361.89,85700.0,55.49776790623003,85501.80600000001,83158.76834852909,79109.82775,649.1578571428597,0.0075747707951325524,59.09473359728929,1.25,False,RSI_NOT_BELOW_32|CLOSE_NOT_NEAR_OR_BELOW_LOWER_BB|RSI_RECOVERY_NOT_CONFIRMED
2026-09-22T04:44:34.958866+00:00,SIE_OLD_MR_REGIME_EXHAUSTION_CONFIRM_V1,BTC,BTCUSDT,strategy-lab-v1.0.0:SIE_OLD_MR_REGIME_EXHAUSTION_CONFIRM_V1,1790046000000,2026-09-22T03:00:00+00:00,85700.0,85741.14,85265.26,85667.84,53.18183622659908,85699.954,84133.12313340009,79151.89835,606.242142857146,0.0070766596059518485,55.49776790623003,1.249999999999988,False,PLANNED_REWARD_TOO_LOW|RSI_NOT_BELOW_32|CLOSE_NOT_NEAR_OR_BELOW_LOWER_BB|RSI_RECOVERY_NOT_CONFIRMED
2026-09-22T04:44:34.958866+00:00,SIE_OLD_MR_REGIME_EXHAUSTION_CONFIRM_V1,BTC,BTCUSDT,strategy-lab-v1.0.0:SIE_OLD_MR_REGIME_EXHAUSTION_CONFIRM_V1,1790049600000,2026-09-22T04:00:00+00:00,85667.84,85721.91,85438.5,85502.51,45.00093864870907,85788.72949999999,84503.14716645106,79192.798,544.8350000000033,0.006372152115768337,53.18183622659908,1.2500000000000067,False,RSI_NOT_BELOW_32|CLOSE_NOT_NEAR_OR_BELOW_LOWER_BB|RSI_RECOVERY_NOT_CONFIRMED
2026-09-22T04:44:34.958866+00:00,SIE_OLD_MR_REGIME_EXHAUSTION_CONFIRM_V1,SOL,SOLUSDT,strategy-lab-v1.0.0:SIE_OLD_MR_REGIME_EXHAUSTION_CONFIRM_V1,1790035200000,2026-09-22T00:00:00+00:00,118.9,119.46,118.05,118.32,67.95069337442212,116.832,112.22942854482352,105.4416,1.4485714285714266,0.012242828165749042,74.95826377295496,1.25,False,RSI_NOT_BELOW_32|CLOSE_NOT_NEAR_OR_BELOW_LOWER_BB|RSI_RECOVERY_NOT_CONFIRMED
2026-09-22T04:44:34.958866+00:00,SIE_OLD_MR_REGIME_EXHAUSTION_CONFIRM_V1,SOL,SOLUSDT,strategy-lab-v1.0.0:SIE_OLD_MR_REGIME_EXHAUSTION_CONFIRM_V1,1790038800000,2026-09-22T01:00:00+00:00,118.31,118.43,117.02,117.56,56.03715170278638,117.123,113.15245293441757,105.52455,1.4542857142857133,0.012370582802702562,67.95069337442212,1.2500000000000024,False,RSI_NOT_BELOW_32|CLOSE_NOT_NEAR_OR_BELOW_LOWER_BB|RSI_RECOVERY_NOT_CONFIRMED
2026-09-22T04:44:34.958866+00:00,SIE_OLD_MR_REGIME_EXHAUSTION_CONFIRM_V1,SOL,SOLUSDT,strategy-lab-v1.0.0:SIE_OLD_MR_REGIME_EXHAUSTION_CONFIRM_V1,1790042400000,2026-09-22T02:00:00+00:00,117.57,118.07,116.48,116.89,50.632911392405084,117.359,114.09604489764179,105.6032,1.413571428571427,0.012093176735147804,56.03715170278638,1.250000000000005,False,RSI_NOT_BELOW_32|CLOSE_NOT_NEAR_OR_BELOW_LOWER_BB|RSI_RECOVERY_NOT_CONFIRMED
2026-09-22T04:44:34.958866+00:00,SIE_OLD_MR_REGIME_EXHAUSTION_CONFIRM_V1,SOL,SOLUSDT,strategy-lab-v1.0.0:SIE_OLD_MR_REGIME_EXHAUSTION_CONFIRM_V1,1790046000000,2026-09-22T03:00:00+00:00,116.86,117.03,116.28,116.78,39.66666666666673,117.5925,115.35969123075765,105.6825,1.345714285714285,0.011523499620776546,50.632911392405084,1.25,False,RSI_NOT_BELOW_32|CLOSE_NOT_NEAR_OR_BELOW_LOWER_BB|RSI_RECOVERY_NOT_CONFIRMED
2026-09-22T04:44:34.958866+00:00,SIE_OLD_MR_REGIME_EXHAUSTION_CONFIRM_V1,SOL,SOLUSDT,strategy-lab-v1.0.0:SIE_OLD_MR_REGIME_EXHAUSTION_CONFIRM_V1,1790049600000,2026-09-22T04:00:00+00:00,116.79,117.09,116.33,116.59,38.249594813614245,117.65599999999999,115.62192625502279,105.75824999999999,1.2892857142857141,0.011058287282663299,39.66666666666673,1.25,False,RSI_NOT_BELOW_32|CLOSE_NOT_NEAR_OR_BELOW_LOWER_BB|RSI_RECOVERY_NOT_CONFIRMED
2026-09-22T04:44:34.958866+00:00,SIE_OLD_MR_REGIME_EXHAUSTION_CONFIRM_V1,XRP,XRPUSDT,strategy-lab-v1.0.0:SIE_OLD_MR_REGIME_EXHAUSTION_CONFIRM_V1,1790035200000,2026-09-22T00:00:00+00:00,1.536,1.5403,1.5182,1.5213,62.206572769953084,1.49476,1.4272261447864674,1.3759675000000002,0.02506428571428568,0.016475570705505607,73.91640866873064,1.2499999999999978,False,PLANNED_REWARD_TOO_LOW|RSI_NOT_BELOW_32|CLOSE_NOT_NEAR_OR_BELOW_LOWER_BB|RSI_RECOVERY_NOT_CONFIRMED
2026-09-22T04:44:34.958866+00:00,SIE_OLD_MR_REGIME_EXHAUSTION_CONFIRM_V1,XRP,XRPUSDT,strategy-lab-v1.0.0:SIE_OLD_MR_REGIME_EXHAUSTION_CONFIRM_V1,1790038800000,2026-09-22T01:00:00+00:00,1.5211,1.5225,1.5025,1.5117,59.86445783132528,1.498855,1.4379684013102845,1.3767500000000001,0.025492857142857112,0.016863701225677787,62.206572769953084,1.2499999999999978,False,PLANNED_REWARD_TOO_LOW|RSI_NOT_BELOW_32|CLOSE_NOT_NEAR_OR_BELOW_LOWER_BB|RSI_RECOVERY_NOT_CONFIRMED
2026-09-22T04:44:34.958866+00:00,SIE_OLD_MR_REGIME_EXHAUSTION_CONFIRM_V1,XRP,XRPUSDT,strategy-lab-v1.0.0:SIE_OLD_MR_REGIME_EXHAUSTION_CONFIRM_V1,1790042400000,2026-09-22T02:00:00+00:00,1.5112,1.5265,1.5072,1.515,60.37174721189583,1.502805,1.4488907171057377,1.377534,0.025907142857142813,0.01710042432814707,59.86445783132528,1.2500000000000022,False,RSI_NOT_BELOW_32|CLOSE_NOT_NEAR_OR_BELOW_LOWER_BB
2026-09-22T04:44:34.958866+00:00,SIE_OLD_MR_REGIME_EXHAUSTION_CONFIRM_V1,XRP,XRPUSDT,strategy-lab-v1.0.0:SIE_OLD_MR_REGIME_EXHAUSTION_CONFIRM_V1,1790046000000,2026-09-22T03:00:00+00:00,1.5144,1.5218,1.5096,1.5155,59.74320241691843,1.506665,1.4614189493435878,1.378337,0.02492142857142852,0.016444360654192358,60.37174721189583,1.2500000000000044,False,RSI_NOT_BELOW_32|CLOSE_NOT_NEAR_OR_BELOW_LOWER_BB|RSI_RECOVERY_NOT_CONFIRMED
2026-09-22T04:44:34.958866+00:00,SIE_OLD_MR_REGIME_EXHAUSTION_CONFIRM_V1,XRP,XRPUSDT,strategy-lab-v1.0.0:SIE_OLD_MR_REGIME_EXHAUSTION_CONFIRM_V1,1790049600000,2026-09-22T04:00:00+00:00,1.5154,1.526,1.5121,1.5163,57.66481334392369,1.508705,1.4656367529959409,1.3791154999999997,0.023628571428571395,0.015583045194599614,59.74320241691843,1.2500000000000024,False,RSI_NOT_BELOW_32|CLOSE_NOT_NEAR_OR_BELOW_LOWER_BB|RSI_RECOVERY_NOT_CONFIRMED
2026-09-22T04:44:34.958866+00:00,SIE_OLD_MR_REGIME_EXHAUSTION_CONFIRM_V1,DOGE,DOGEUSDT,strategy-lab-v1.0.0:SIE_OLD_MR_REGIME_EXHAUSTION_CONFIRM_V1,1790035200000,2026-09-22T00:00:00+00:00,0.09985,0.10164,0.09917,0.09942,73.13117066290548,0.09536750000000001,0.0876283375776178,0.08515715,0.0024857142857142855,0.025002155358220535,76.42611683848797,1.2499999999999971,False,PLANNED_REWARD_TOO_LOW|RSI_NOT_BELOW_32|CLOSE_NOT_NEAR_OR_BELOW_LOWER_BB|RSI_RECOVERY_NOT_CONFIRMED
2026-09-22T04:44:34.958866+00:00,SIE_OLD_MR_REGIME_EXHAUSTION_CONFIRM_V1,DOGE,DOGEUSDT,strategy-lab-v1.0.0:SIE_OLD_MR_REGIME_EXHAUSTION_CONFIRM_V1,1790038800000,2026-09-22T01:00:00+00:00,0.09944,0.10049,0.09778,0.09979,72.86324786324786,0.095938,0.0886758085951957,0.08523395,0.0025857142857142854,0.025911557127109783,73.13117066290548,1.2500000000000013,False,RSI_NOT_BELOW_32|CLOSE_NOT_NEAR_OR_BELOW_LOWER_BB|RSI_RECOVERY_NOT_CONFIRMED
2026-09-22T04:44:34.958866+00:00,SIE_OLD_MR_REGIME_EXHAUSTION_CONFIRM_V1,DOGE,DOGEUSDT,strategy-lab-v1.0.0:SIE_OLD_MR_REGIME_EXHAUSTION_CONFIRM_V1,1790042400000,2026-09-22T02:00:00+00:00,0.09971,0.10072,0.09875,0.09887,68.1909885675857,0.0964325,0.08981450370202475,0.0853056,0.002655,0.026853443916253664,72.86324786324786,1.2500000000000013,False,RSI_NOT_BELOW_32|CLOSE_NOT_NEAR_OR_BELOW_LOWER_BB|RSI_RECOVERY_NOT_CONFIRMED
2026-09-22T04:44:34.958866+00:00,SIE_OLD_MR_REGIME_EXHAUSTION_CONFIRM_V1,DOGE,DOGEUSDT,strategy-lab-v1.0.0:SIE_OLD_MR_REGIME_EXHAUSTION_CONFIRM_V1,1790046000000,2026-09-22T03:00:00+00:00,0.09884,0.10222,0.09845,0.10188,74.54648526077095,0.097041,0.09077893676173619,0.08539429999999999,0.0027842857142857144,0.027329070615289698,68.1909885675857,1.2500000000000024,False,RSI_NOT_BELOW_32|CLOSE_NOT_NEAR_OR_BELOW_LOWER_BB
2026-09-22T04:44:34.958866+00:00,SIE_OLD_MR_REGIME_EXHAUSTION_CONFIRM_V1,DOGE,DOGEUSDT,strategy-lab-v1.0.0:SIE_OLD_MR_REGIME_EXHAUSTION_CONFIRM_V1,1790049600000,2026-09-22T04:00:00+00:00,0.10192,0.10589,0.10178,0.1021,72.111801242236,0.0975545,0.09140254917119653,0.08548270000000001,0.0028521428571428565,0.02793479781726598,74.54648526077095,1.25,False,RSI_NOT_BELOW_32|CLOSE_NOT_NEAR_OR_BELOW_LOWER_BB|RSI_RECOVERY_NOT_CONFIRMED
2026-09-22T04:44:34.958866+00:00,SIE_OLD_MR_REGIME_EXHAUSTION_CONFIRM_V1,BNB,BNBUSDT,strategy-lab-v1.0.0:SIE_OLD_MR_REGIME_EXHAUSTION_CONFIRM_V1,1790035200000,2026-09-22T00:00:00+00:00,798.66,801.21,793.76,794.29,60.07016095749065,791.8774999999999,770.1387568210619,742.8344500000001,8.636428571428569,0.010873142770812385,67.53041910770615,1.2499999999999967,False,PLANNED_REWARD_TOO_LOW|RSI_NOT_BELOW_32|CLOSE_NOT_NEAR_OR_BELOW_LOWER_BB|RSI_RECOVERY_NOT_CONFIRMED
2026-09-22T04:44:34.958866+00:00,SIE_OLD_MR_REGIME_EXHAUSTION_CONFIRM_V1,BNB,BNBUSDT,strategy-lab-v1.0.0:SIE_OLD_MR_REGIME_EXHAUSTION_CONFIRM_V1,1790038800000,2026-09-22T01:00:00+00:00,794.39,795.75,785.05,789.14,48.52941176470591,792.679,772.6525595774029,743.1762,8.720000000000002,0.011050003801606817,60.07016095749065,1.2500000000000064,False,RSI_NOT_BELOW_32|CLOSE_NOT_NEAR_OR_BELOW_LOWER_BB|RSI_RECOVERY_NOT_CONFIRMED
2026-09-22T04:44:34.958866+00:00,SIE_OLD_MR_REGIME_EXHAUSTION_CONFIRM_V1,BNB,BNBUSDT,strategy-lab-v1.0.0:SIE_OLD_MR_REGIME_EXHAUSTION_CONFIRM_V1,1790042400000,2026-09-22T02:00:00+00:00,789.12,792.87,787.08,790.66,50.502564102564115,793.6179999999999,775.959375365,743.5196,7.228571428571432,0.00914245241769083,48.52941176470591,1.249999999999996,False,PLANNED_REWARD_TOO_LOW|RSI_NOT_BELOW_32|CLOSE_NOT_NEAR_OR_BELOW_LOWER_BB
2026-09-22T04:44:34.958866+00:00,SIE_OLD_MR_REGIME_EXHAUSTION_CONFIRM_V1,BNB,BNBUSDT,strategy-lab-v1.0.0:SIE_OLD_MR_REGIME_EXHAUSTION_CONFIRM_V1,1790046000000,2026-09-22T03:00:00+00:00,790.73,792.0,787.66,789.5,44.98586034370241,794.6575,780.989483501626,743.86315,6.807142857142862,0.00862209354926265,50.502564102564115,1.2500000000000042,False,RSI_NOT_BELOW_32|CLOSE_NOT_NEAR_OR_BELOW_LOWER_BB|RSI_RECOVERY_NOT_CONFIRMED
2026-09-22T04:44:34.958866+00:00,SIE_OLD_MR_REGIME_EXHAUSTION_CONFIRM_V1,BNB,BNBUSDT,strategy-lab-v1.0.0:SIE_OLD_MR_REGIME_EXHAUSTION_CONFIRM_V1,1790049600000,2026-09-22T04:00:00+00:00,788.65,789.97,786.98,787.26,38.76779359430606,794.946,782.1886595248138,744.1894500000001,6.470000000000011,0.008218377664304057,44.98586034370241,1.2499999999999911,False,PLANNED_REWARD_TOO_LOW|RSI_NOT_BELOW_32|CLOSE_NOT_NEAR_OR_BELOW_LOWER_BB|RSI_RECOVERY_NOT_CONFIRMED
2026-09-22T04:44:34.958866+00:00,SIE_OLD_MR_REGIME_EXHAUSTION_CONFIRM_V1,PAXG,PAXGUSDT,strategy-lab-v1.0.0:SIE_OLD_MR_REGIME_EXHAUSTION_CONFIRM_V1,1790035200000,2026-09-22T00:00:00+00:00,4363.76,4369.63,4346.94,4355.83,57.991275034701545,4346.9585,4330.87460460735,4336.9118,15.652857142857167,0.0035935417917726743,61.96630999046465,1.25,False,RSI_NOT_BELOW_32|CLOSE_NOT_NEAR_OR_BELOW_LOWER_BB|RSI_RECOVERY_NOT_CONFIRMED
2026-09-22T04:44:34.958866+00:00,SIE_OLD_MR_REGIME_EXHAUSTION_CONFIRM_V1,PAXG,PAXGUSDT,strategy-lab-v1.0.0:SIE_OLD_MR_REGIME_EXHAUSTION_CONFIRM_V1,1790038800000,2026-09-22T01:00:00+00:00,4354.71,4357.73,4339.78,4345.46,39.0922739346342,4346.8875,4330.790314065754,4336.87805,14.98357142857146,0.003448097883439604,57.991275034701545,1.250000000000015,False,RSI_NOT_BELOW_32|CLOSE_NOT_NEAR_OR_BELOW_LOWER_BB|RSI_RECOVERY_NOT_CONFIRMED
2026-09-22T04:44:34.958866+00:00,SIE_OLD_MR_REGIME_EXHAUSTION_CONFIRM_V1,PAXG,PAXGUSDT,strategy-lab-v1.0.0:SIE_OLD_MR_REGIME_EXHAUSTION_CONFIRM_V1,1790042400000,2026-09-22T02:00:00+00:00,4346.37,4351.13,4337.97,4339.28,39.78140792102451,4346.617,4330.2025026271995,4336.8082,14.462857142857112,0.0033330085043733323,39.0922739346342,1.2500000000000158,False,RSI_NOT_BELOW_32|CLOSE_NOT_NEAR_OR_BELOW_LOWER_BB|RSI_RECOVERY_NOT_CONFIRMED
2026-09-22T04:44:34.958866+00:00,SIE_OLD_MR_REGIME_EXHAUSTION_CONFIRM_V1,PAXG,PAXGUSDT,strategy-lab-v1.0.0:SIE_OLD_MR_REGIME_EXHAUSTION_CONFIRM_V1,1790046000000,2026-09-22T03:00:00+00:00,4340.48,4345.81,4337.52,4340.56,47.45373497230883,4346.564,4330.078614472155,4336.76485,13.723571428571372,0.00316170527041934,39.78140792102451,1.2499999999999833,False,PLANNED_REWARD_TOO_LOW|RSI_NOT_BELOW_32|CLOSE_NOT_NEAR_OR_BELOW_LOWER_BB
2026-09-22T04:44:34.958866+00:00,SIE_OLD_MR_REGIME_EXHAUSTION_CONFIRM_V1,PAXG,PAXGUSDT,strategy-lab-v1.0.0:SIE_OLD_MR_REGIME_EXHAUSTION_CONFIRM_V1,1790049600000,2026-09-22T04:00:00+00:00,4337.52,4338.49,4334.07,4338.49,49.95733788395876,4346.086,4329.25001900685,4336.7173999999995,12.553571428571429,0.002893534715666379,47.45373497230883,1.2500000000000182,False,RSI_NOT_BELOW_32|CLOSE_NOT_NEAR_OR_BELOW_LOWER_BB|RSI_RECOVERY_NOT_CONFIRMED
2026-09-22T11:28:47.609018+00:00,SIE_OLD_MR_REGIME_EXHAUSTION_CONFIRM_V1,BTC,BTCUSDT,strategy-lab-v1.0.0:SIE_OLD_MR_REGIME_EXHAUSTION_CONFIRM_V1,1790053200000,2026-09-22T05:00:00+00:00,85439.57,85588.01,85059.28,85398.69,41.916466524298514,85823.742,84631.9987908068,79233.0739,544.030000000003,0.006370472427621583,44.15923602836954,1.2500000000000133,False,RSI_NOT_BELOW_32|CLOSE_NOT_NEAR_OR_BELOW_LOWER_BB|RSI_RECOVERY_NOT_CONFIRMED
2026-09-22T11:28:47.609018+00:00,SIE_OLD_MR_REGIME_EXHAUSTION_CONFIRM_V1,BTC,BTCUSDT,strategy-lab-v1.0.0:SIE_OLD_MR_REGIME_EXHAUSTION_CONFIRM_V1,1790056800000,2026-09-22T06:00:00+00:00,85398.69,85564.49,85230.01,85359.23,40.807918495316684,85871.0135,84842.96657073798,79276.48655,529.1014285714316,0.006198526258629929,41.916466524298514,1.2500000000000069,False,RSI_NOT_BELOW_32|CLOSE_NOT_NEAR_OR_BELOW_LOWER_BB|RSI_RECOVERY_NOT_CONFIRMED
2026-09-22T11:28:47.609018+00:00,SIE_OLD_MR_REGIME_EXHAUSTION_CONFIRM_V1,BTC,BTCUSDT,strategy-lab-v1.0.0:SIE_OLD_MR_REGIME_EXHAUSTION_CONFIRM_V1,1790060400000,2026-09-22T07:00:00+00:00,85359.23,85505.43,85149.27,85339.85,41.38771884142343,85894.06700000001,84937.88913874299,79319.18655,522.0164285714314,0.006116912890887802,40.807918495316684,1.25,False,RSI_NOT_BELOW_32|CLOSE_NOT_NEAR_OR_BELOW_LOWER_BB|RSI_RECOVERY_NOT_CONFIRMED
2026-09-22T11:28:47.609018+00:00,SIE_OLD_MR_REGIME_EXHAUSTION_CONFIRM_V1,BTC,BTCUSDT,strategy-lab-v1.0.0:SIE_OLD_MR_REGIME_EXHAUSTION_CONFIRM_V1,1790064000000,2026-09-22T08:00:00+00:00,85341.44,86384.73,85307.72,86198.8,51.60636780283491,85939.00700000001,85014.78461977001,79366.3436,578.192857142859,0.0067076671269537275,41.38771884142343,1.2499999999999873,False,PLANNED_REWARD_TOO_LOW|RSI_NOT_BELOW_32|CLOSE_NOT_NEAR_OR_BELOW_LOWER_BB
2026-09-22T11:28:47.609018+00:00,SIE_OLD_MR_REGIME_EXHAUSTION_CONFIRM_V1,BTC,BTCUSDT,strategy-lab-v1.0.0:SIE_OLD_MR_REGIME_EXHAUSTION_CONFIRM_V1,1790067600000,2026-09-22T09:00:00+00:00,86198.79,86259.99,85649.86,86238.82,46.41293723235325,85978.777,85075.05322107307,79412.15354999999,555.8300000000017,0.006445241249822316,51.60636780283491,1.2500000000000064,False,RSI_NOT_BELOW_32|CLOSE_NOT_NEAR_OR_BELOW_LOWER_BB|RSI_RECOVERY_NOT_CONFIRMED
2026-09-22T11:28:47.609018+00:00,SIE_OLD_MR_REGIME_EXHAUSTION_CONFIRM_V1,BTC,BTCUSDT,strategy-lab-v1.0.0:SIE_OLD_MR_REGIME_EXHAUSTION_CONFIRM_V1,1790071200000,2026-09-22T10:00:00+00:00,86238.82,86251.19,85727.74,85864.54,33.87894904182434,85980.36850000001,85077.56761284661,79453.63190000001,528.4578571428584,0.006154552940513726,46.41293723235325,1.2499999999999931,False,PLANNED_REWARD_TOO_LOW|RSI_NOT_BELOW_32|CLOSE_NOT_NEAR_OR_BELOW_LOWER_BB|RSI_RECOVERY_NOT_CONFIRMED
2026-09-22T11:28:47.609018+00:00,SIE_OLD_MR_REGIME_EXHAUSTION_CONFIRM_V1,BTC,BTCUSDT,strategy-lab-v1.0.0:SIE_OLD_MR_REGIME_EXHAUSTION_CONFIRM_V1,1790074800000,2026-09-22T11:00:00+00:00,85867.85,86076.7,85744.37,86032.17,41.806647298735236,85985.31850000001,85082.5214180126,79495.96025,519.4542857142868,0.006037907514297115,33.87894904182434,1.249999999999986,False,PLANNED_REWARD_TOO_LOW|RSI_NOT_BELOW_32|CLOSE_NOT_NEAR_OR_BELOW_LOWER_BB
2026-09-22T11:28:47.609018+00:00,SIE_OLD_MR_REGIME_EXHAUSTION_CONFIRM_V1,SOL,SOLUSDT,strategy-lab-v1.0.0:SIE_OLD_MR_REGIME_EXHAUSTION_CONFIRM_V1,1790053200000,2026-09-22T05:00:00+00:00,116.38,117.15,115.54,116.81,41.57973174366621,117.69050000000001,115.75026831280245,105.83475,1.2849999999999997,0.01100077048197928,36.9905956112852,1.2499999999999944,False,PLANNED_REWARD_TOO_LOW|RSI_NOT_BELOW_32|CLOSE_NOT_NEAR_OR_BELOW_LOWER_BB
2026-09-22T11:28:47.609018+00:00,SIE_OLD_MR_REGIME_EXHAUSTION_CONFIRM_V1,SOL,SOLUSDT,strategy-lab-v1.0.0:SIE_OLD_MR_REGIME_EXHAUSTION_CONFIRM_V1,1790056800000,2026-09-22T06:00:00+00:00,116.81,117.02,116.36,116.51,42.3368740515934,117.7165,115.85580899932161,105.91885,1.2199999999999989,0.010471204188481666,41.57973174366621,1.2499999999999942,False,PLANNED_REWARD_TOO_LOW|RSI_NOT_BELOW_32|CLOSE_NOT_NEAR_OR_BELOW_LOWER_BB|RSI_RECOVERY_NOT_CONFIRMED
2026-09-22T11:28:47.609018+00:00,SIE_OLD_MR_REGIME_EXHAUSTION_CONFIRM_V1,SOL,SOLUSDT,strategy-lab-v1.0.0:SIE_OLD_MR_REGIME_EXHAUSTION_CONFIRM_V1,1790060400000,2026-09-22T07:00:00+00:00,116.51,116.8,115.99,116.29,43.05555555555563,117.69200000000001,115.77071293139065,106.00399999999999,1.184285714285713,0.010183899856270643,42.3368740515934,1.249999999999997,False,PLANNED_REWARD_TOO_LOW|RSI_NOT_BELOW_32|CLOSE_NOT_NEAR_OR_BELOW_LOWER_BB|RSI_RECOVERY_NOT_CONFIRMED
2026-09-22T11:28:47.609018+00:00,SIE_OLD_MR_REGIME_EXHAUSTION_CONFIRM_V1,SOL,SOLUSDT,strategy-lab-v1.0.0:SIE_OLD_MR_REGIME_EXHAUSTION_CONFIRM_V1,1790064000000,2026-09-22T08:00:00+00:00,116.29,118.02,115.76,117.49,48.2468443197756,117.72650000000002,115.84617795311402,106.0933,1.2735714285714264,0.010839828313655856,43.05555555555563,1.2499999999999971,False,PLANNED_REWARD_TOO_LOW|RSI_NOT_BELOW_32|CLOSE_NOT_NEAR_OR_BELOW_LOWER_BB
2026-09-22T11:28:47.609018+00:00,SIE_OLD_MR_REGIME_EXHAUSTION_CONFIRM_V1,SOL,SOLUSDT,strategy-lab-v1.0.0:SIE_OLD_MR_REGIME_EXHAUSTION_CONFIRM_V1,1790067600000,2026-09-22T09:00:00+00:00,117.48,117.54,116.66,117.43,42.7480916030535,117.697,115.81750964354548,106.17985,1.2485714285714269,0.010632474057493202,48.2468443197756,1.2500000000000029,False,RSI_NOT_BELOW_32|CLOSE_NOT_NEAR_OR_BELOW_LOWER_BB|RSI_RECOVERY_NOT_CONFIRMED
2026-09-22T11:28:47.609018+00:00,SIE_OLD_MR_REGIME_EXHAUSTION_CONFIRM_V1,SOL,SOLUSDT,strategy-lab-v1.0.0:SIE_OLD_MR_REGIME_EXHAUSTION_CONFIRM_V1,1790071200000,2026-09-22T10:00:00+00:00,117.45,117.46,116.37,116.84,31.220285261489735,117.63700000000001,115.72874320386236,106.25925000000001,1.2328571428571402,0.010551670171663302,42.7480916030535,1.25,False,CLOSE_NOT_NEAR_OR_BELOW_LOWER_BB|RSI_RECOVERY_NOT_CONFIRMED
2026-09-22T11:28:47.609018+00:00,SIE_OLD_MR_REGIME_EXHAUSTION_CONFIRM_V1,SOL,SOLUSDT,strategy-lab-v1.0.0:SIE_OLD_MR_REGIME_EXHAUSTION_CONFIRM_V1,1790074800000,2026-09-22T11:00:00+00:00,116.81,117.29,116.39,117.16,35.068912710566565,117.598,115.6842330340385,106.34035,1.20142857142857,0.010254596888260243,31.220285261489735,1.2499999999999971,False,PLANNED_REWARD_TOO_LOW|RSI_NOT_BELOW_32|CLOSE_NOT_NEAR_OR_BELOW_LOWER_BB
2026-09-22T11:28:47.609018+00:00,SIE_OLD_MR_REGIME_EXHAUSTION_CONFIRM_V1,XRP,XRPUSDT,strategy-lab-v1.0.0:SIE_OLD_MR_REGIME_EXHAUSTION_CONFIRM_V1,1790053200000,2026-09-22T05:00:00+00:00,1.512,1.5181,1.4929,1.5133,57.154026583268156,1.51045,1.4704743824312936,1.3798759999999999,0.023949999999999978,0.015826339787219968,55.832037325038826,1.2500000000000022,False,RSI_NOT_BELOW_32|CLOSE_NOT_NEAR_OR_BELOW_LOWER_BB
2026-09-22T11:28:47.609018+00:00,SIE_OLD_MR_REGIME_EXHAUSTION_CONFIRM_V1,XRP,XRPUSDT,strategy-lab-v1.0.0:SIE_OLD_MR_REGIME_EXHAUSTION_CONFIRM_V1,1790056800000,2026-09-22T06:00:00+00:00,1.5133,1.5256,1.5116,1.5192,61.71874999999998,1.511905,1.4728912857446324,1.380787,0.023278571428571402,0.015322914315805292,57.154026583268156,1.25,False,RSI_NOT_BELOW_32|CLOSE_NOT_NEAR_OR_BELOW_LOWER_BB
2026-09-22T11:28:47.609018+00:00,SIE_OLD_MR_REGIME_EXHAUSTION_CONFIRM_V1,XRP,XRPUSDT,strategy-lab-v1.0.0:SIE_OLD_MR_REGIME_EXHAUSTION_CONFIRM_V1,1790060400000,2026-09-22T07:00:00+00:00,1.5192,1.5255,1.51,1.5187,59.492635024549834,1.513565,1.4764053834788429,1.3816765000000002,0.02348571428571427,0.015464353911710194,61.71874999999998,1.2499999999999976,False,PLANNED_REWARD_TOO_LOW|RSI_NOT_BELOW_32|CLOSE_NOT_NEAR_OR_BELOW_LOWER_BB|RSI_RECOVERY_NOT_CONFIRMED
2026-09-22T11:28:47.609018+00:00,SIE_OLD_MR_REGIME_EXHAUSTION_CONFIRM_V1,XRP,XRPUSDT,strategy-lab-v1.0.0:SIE_OLD_MR_REGIME_EXHAUSTION_CONFIRM_V1,1790064000000,2026-09-22T08:00:00+00:00,1.5184,1.5543,1.5139,1.5465,63.6296840558412,1.516535,1.4788200546865111,1.382675,0.024728571428571416,0.015990023555493966,59.492635024549834,1.2500000000000022,False,RSI_NOT_BELOW_32|CLOSE_NOT_NEAR_OR_BELOW_LOWER_BB
2026-09-22T11:28:47.609018+00:00,SIE_OLD_MR_REGIME_EXHAUSTION_CONFIRM_V1,XRP,XRPUSDT,strategy-lab-v1.0.0:SIE_OLD_MR_REGIME_EXHAUSTION_CONFIRM_V1,1790067600000,2026-09-22T09:00:00+00:00,1.546,1.5476,1.5267,1.5414,62.03438395415472,1.51912,1.4820347145083197,1.3836260000000002,0.025271428571428563,0.016395113903872167,63.6296840558412,1.2499999999999956,False,PLANNED_REWARD_TOO_LOW|RSI_NOT_BELOW_32|CLOSE_NOT_NEAR_OR_BELOW_LOWER_BB|RSI_RECOVERY_NOT_CONFIRMED
2026-09-22T11:28:47.609018+00:00,SIE_OLD_MR_REGIME_EXHAUSTION_CONFIRM_V1,XRP,XRPUSDT,strategy-lab-v1.0.0:SIE_OLD_MR_REGIME_EXHAUSTION_CONFIRM_V1,1790071200000,2026-09-22T10:00:00+00:00,1.5414,1.5415,1.5198,1.5315,49.23325262308313,1.520845,1.4848420848402601,1.3844345000000002,0.024314285714285715,0.01587612518072851,62.03438395415472,1.2499999999999978,False,PLANNED_REWARD_TOO_LOW|RSI_NOT_BELOW_32|CLOSE_NOT_NEAR_OR_BELOW_LOWER_BB|RSI_RECOVERY_NOT_CONFIRMED
2026-09-22T11:28:47.609018+00:00,SIE_OLD_MR_REGIME_EXHAUSTION_CONFIRM_V1,XRP,XRPUSDT,strategy-lab-v1.0.0:SIE_OLD_MR_REGIME_EXHAUSTION_CONFIRM_V1,1790074800000,2026-09-22T11:00:00+00:00,1.5315,1.537,1.5216,1.5362,44.33628318584076,1.522905,1.488368093653319,1.385257,0.02272857142857143,0.014795320549779606,49.23325262308313,1.2500000000000049,False,RSI_NOT_BELOW_32|CLOSE_NOT_NEAR_OR_BELOW_LOWER_BB|RSI_RECOVERY_NOT_CONFIRMED
2026-09-22T11:28:47.609018+00:00,SIE_OLD_MR_REGIME_EXHAUSTION_CONFIRM_V1,DOGE,DOGEUSDT,strategy-lab-v1.0.0:SIE_OLD_MR_REGIME_EXHAUSTION_CONFIRM_V1,1790053200000,2026-09-22T05:00:00+00:00,0.0999,0.10026,0.09835,0.10004,58.71382636655949,0.0978435,0.09238137486412219,0.08555235,0.0029142857142857134,0.029131204660992737,63.952835485682186,1.249999999999999,False,PLANNED_REWARD_TOO_LOW|RSI_NOT_BELOW_32|CLOSE_NOT_NEAR_OR_BELOW_LOWER_BB|RSI_RECOVERY_NOT_CONFIRMED
2026-09-22T11:28:47.609018+00:00,SIE_OLD_MR_REGIME_EXHAUSTION_CONFIRM_V1,DOGE,DOGEUSDT,strategy-lab-v1.0.0:SIE_OLD_MR_REGIME_EXHAUSTION_CONFIRM_V1,1790056800000,2026-09-22T06:00:00+00:00,0.10009,0.1005,0.09941,0.09973,60.06578947368416,0.098187,0.09317625514519168,0.08563979999999999,0.002792142857142857,0.02799702052685107,58.71382636655949,1.25,False,RSI_NOT_BELOW_32|CLOSE_NOT_NEAR_OR_BELOW_LOWER_BB|RSI_RECOVERY_NOT_CONFIRMED
2026-09-22T11:28:47.609018+00:00,SIE_OLD_MR_REGIME_EXHAUSTION_CONFIRM_V1,DOGE,DOGEUSDT,strategy-lab-v1.0.0:SIE_OLD_MR_REGIME_EXHAUSTION_CONFIRM_V1,1790060400000,2026-09-22T07:00:00+00:00,0.09972,0.09996,0.0987,0.09877,54.498381877022645,0.098457,0.09395775072928962,0.0857213,0.002696428571428571,0.027300076657168888,60.06578947368416,1.2499999999999973,False,PLANNED_REWARD_TOO_LOW|RSI_NOT_BELOW_32|CLOSE_NOT_NEAR_OR_BELOW_LOWER_BB|RSI_RECOVERY_NOT_CONFIRMED
2026-09-22T11:28:47.609018+00:00,SIE_OLD_MR_REGIME_EXHAUSTION_CONFIRM_V1,DOGE,DOGEUSDT,strategy-lab-v1.0.0:SIE_OLD_MR_REGIME_EXHAUSTION_CONFIRM_V1,1790064000000,2026-09-22T08:00:00+00:00,0.0988,0.09975,0.09765,0.09947,49.38804895608351,0.0987575,0.09487249356500048,0.08580545,0.0026292857142857138,0.026432951787329986,54.498381877022645,1.2500000000000013,False,RSI_NOT_BELOW_32|CLOSE_NOT_NEAR_OR_BELOW_LOWER_BB|RSI_RECOVERY_NOT_CONFIRMED
2026-09-22T11:28:47.609018+00:00,SIE_OLD_MR_REGIME_EXHAUSTION_CONFIRM_V1,DOGE,DOGEUSDT,strategy-lab-v1.0.0:SIE_OLD_MR_REGIME_EXHAUSTION_CONFIRM_V1,1790067600000,2026-09-22T09:00:00+00:00,0.09948,0.0996,0.0982,0.09876,50.81481481481482,0.0990345,0.0960928033807023,0.0858838,0.0025549999999999995,0.02587079789388416,49.38804895608351,1.2499999999999973,False,PLANNED_REWARD_TOO_LOW|RSI_NOT_BELOW_32|CLOSE_NOT_NEAR_OR_BELOW_LOWER_BB|RSI_RECOVERY_NOT_CONFIRMED
2026-09-22T11:28:47.609018+00:00,SIE_OLD_MR_REGIME_EXHAUSTION_CONFIRM_V1,DOGE,DOGEUSDT,strategy-lab-v1.0.0:SIE_OLD_MR_REGIME_EXHAUSTION_CONFIRM_V1,1790071200000,2026-09-22T10:00:00+00:00,0.09872,0.09872,0.0974,0.09777,40.8527131782946,0.099174,0.09680593412254061,0.08595245,0.0024564285714285716,0.025124563479887202,50.81481481481482,1.2500000000000013,False,RSI_NOT_BELOW_32|CLOSE_NOT_NEAR_OR_BELOW_LOWER_BB|RSI_RECOVERY_NOT_CONFIRMED
2026-09-22T11:28:47.609018+00:00,SIE_OLD_MR_REGIME_EXHAUSTION_CONFIRM_V1,DOGE,DOGEUSDT,strategy-lab-v1.0.0:SIE_OLD_MR_REGIME_EXHAUSTION_CONFIRM_V1,1790074800000,2026-09-22T11:00:00+00:00,0.09776,0.09824,0.09714,0.09802,45.09803921568626,0.0992085,0.09693050724321006,0.0860231,0.002384285714285714,0.024324481884163578,40.8527131782946,1.2500000000000016,False,RSI_NOT_BELOW_32|CLOSE_NOT_NEAR_OR_BELOW_LOWER_BB
2026-09-22T11:28:47.609018+00:00,SIE_OLD_MR_REGIME_EXHAUSTION_CONFIRM_V1,BNB,BNBUSDT,strategy-lab-v1.0.0:SIE_OLD_MR_REGIME_EXHAUSTION_CONFIRM_V1,1790053200000,2026-09-22T05:00:00+00:00,786.72,788.87,783.17,787.08,29.1485553566864,795.1175000000001,782.8898332151869,744.5189,6.2928571428571605,0.007995193808580018,38.785046728971956,1.249999999999991,False,PLANNED_REWARD_TOO_LOW|CLOSE_NOT_NEAR_OR_BELOW_LOWER_BB|RSI_RECOVERY_NOT_CONFIRMED
2026-09-22T11:28:47.609018+00:00,SIE_OLD_MR_REGIME_EXHAUSTION_CONFIRM_V1,BNB,BNBUSDT,strategy-lab-v1.0.0:SIE_OLD_MR_REGIME_EXHAUSTION_CONFIRM_V1,1790056800000,2026-09-22T06:00:00+00:00,787.19,788.15,785.43,786.36,33.313851548802006,795.209,783.2757659035605,744.8727,5.858571428571452,0.007450240892938923,29.1485553566864,1.25,False,RSI_NOT_BELOW_32|CLOSE_NOT_NEAR_OR_BELOW_LOWER_BB|RSI_RECOVERY_NOT_CONFIRMED
2026-09-22T11:28:47.609018+00:00,SIE_OLD_MR_REGIME_EXHAUSTION_CONFIRM_V1,BNB,BNBUSDT,strategy-lab-v1.0.0:SIE_OLD_MR_REGIME_EXHAUSTION_CONFIRM_V1,1790060400000,2026-09-22T07:00:00+00:00,786.61,787.72,783.0,784.62,33.44089175711365,794.913,782.259262054222,745.2152000000001,5.775000000000026,0.007360250822054021,33.313851548802006,1.2500000000000049,False,RSI_NOT_BELOW_32|CLOSE_NOT_NEAR_OR_BELOW_LOWER_BB|RSI_RECOVERY_NOT_CONFIRMED
2026-09-22T11:28:47.609018+00:00,SIE_OLD_MR_REGIME_EXHAUSTION_CONFIRM_V1,BNB,BNBUSDT,strategy-lab-v1.0.0:SIE_OLD_MR_REGIME_EXHAUSTION_CONFIRM_V1,1790064000000,2026-09-22T08:00:00+00:00,785.05,789.36,783.53,787.48,28.737437185929807,794.7785,781.8713155277604,745.56065,5.7364285714286,0.007284538745655254,33.44089175711365,1.24999999999999,False,PLANNED_REWARD_TOO_LOW|CLOSE_NOT_NEAR_OR_BELOW_LOWER_BB|RSI_RECOVERY_NOT_CONFIRMED
2026-09-22T11:28:47.609018+00:00,SIE_OLD_MR_REGIME_EXHAUSTION_CONFIRM_V1,BNB,BNBUSDT,strategy-lab-v1.0.0:SIE_OLD_MR_REGIME_EXHAUSTION_CONFIRM_V1,1790067600000,2026-09-22T09:00:00+00:00,787.52,788.23,783.12,787.66,30.048309178744034,794.4559999999999,781.181038003805,745.90295,5.885714285714316,0.007472404699634762,28.737437185929807,1.2500000000000095,False,CLOSE_NOT_NEAR_OR_BELOW_LOWER_BB
2026-09-22T11:28:47.609018+00:00,SIE_OLD_MR_REGIME_EXHAUSTION_CONFIRM_V1,BNB,BNBUSDT,strategy-lab-v1.0.0:SIE_OLD_MR_REGIME_EXHAUSTION_CONFIRM_V1,1790071200000,2026-09-22T10:00:00+00:00,787.28,788.67,785.54,786.62,16.69106881405547,793.9190000000001,780.2931027451249,746.2197,5.635714285714316,0.007164468594383968,30.048309178744034,1.25000000000001,False,CLOSE_NOT_NEAR_OR_BELOW_LOWER_BB|RSI_RECOVERY_NOT_CONFIRMED
2026-09-22T11:28:47.609018+00:00,SIE_OLD_MR_REGIME_EXHAUSTION_CONFIRM_V1,BNB,BNBUSDT,strategy-lab-v1.0.0:SIE_OLD_MR_REGIME_EXHAUSTION_CONFIRM_V1,1790074800000,2026-09-22T11:00:00+00:00,786.78,787.32,784.94,786.62,16.783216783216673,793.0804999999999,779.8302977751126,746.54035,5.465714285714317,0.006948354079116113,16.69106881405547,1.2500000000000104,False,CLOSE_NOT_NEAR_OR_BELOW_LOWER_BB
2026-09-22T11:28:47.609018+00:00,SIE_OLD_MR_REGIME_EXHAUSTION_CONFIRM_V1,PAXG,PAXGUSDT,strategy-lab-v1.0.0:SIE_OLD_MR_REGIME_EXHAUSTION_CONFIRM_V1,1790053200000,2026-09-22T05:00:00+00:00,4340.16,4344.63,4316.69,4322.97,35.915581953747036,4345.2294999999995,4325.757883246334,4336.67885,13.737857142857203,0.003177874734929274,51.17261471230857,1.2499999999999833,False,PLANNED_REWARD_TOO_LOW|RSI_NOT_BELOW_32|CLOSE_NOT_ABOVE_MA200|RSI_RECOVERY_NOT_CONFIRMED
2026-09-22T11:28:47.609018+00:00,SIE_OLD_MR_REGIME_EXHAUSTION_CONFIRM_V1,PAXG,PAXGUSDT,strategy-lab-v1.0.0:SIE_OLD_MR_REGIME_EXHAUSTION_CONFIRM_V1,1790056800000,2026-09-22T06:00:00+00:00,4323.06,4323.06,4315.45,4317.82,35.64083270629524,4344.135,4321.364068969371,4336.54745,13.264285714285831,0.0030719867234590215,35.915581953747036,1.25,False,RSI_NOT_BELOW_32|CLOSE_NOT_ABOVE_MA200|RSI_RECOVERY_NOT_CONFIRMED
2026-09-22T11:28:47.609018+00:00,SIE_OLD_MR_REGIME_EXHAUSTION_CONFIRM_V1,PAXG,PAXGUSDT,strategy-lab-v1.0.0:SIE_OLD_MR_REGIME_EXHAUSTION_CONFIRM_V1,1790060400000,2026-09-22T07:00:00+00:00,4318.79,4324.14,4302.07,4303.01,28.049178544228525,4341.068,4313.9126464946285,4336.39515,14.320714285714464,0.0033280690227804406,35.64083270629524,1.249999999999984,False,PLANNED_REWARD_TOO_LOW|CLOSE_NOT_ABOVE_MA200|RSI_RECOVERY_NOT_CONFIRMED
2026-09-22T11:28:47.609018+00:00,SIE_OLD_MR_REGIME_EXHAUSTION_CONFIRM_V1,PAXG,PAXGUSDT,strategy-lab-v1.0.0:SIE_OLD_MR_REGIME_EXHAUSTION_CONFIRM_V1,1790064000000,2026-09-22T08:00:00+00:00,4302.78,4332.46,4295.0,4329.91,44.644067796610074,4339.7300000000005,4313.150534994065,4336.3511499999995,16.420714285714503,0.0037923915937547207,28.049178544228525,1.2500000000000138,False,RSI_NOT_BELOW_32|CLOSE_NOT_NEAR_OR_BELOW_LOWER_BB|CLOSE_NOT_ABOVE_MA200
2026-09-22T11:28:47.609018+00:00,SIE_OLD_MR_REGIME_EXHAUSTION_CONFIRM_V1,PAXG,PAXGUSDT,strategy-lab-v1.0.0:SIE_OLD_MR_REGIME_EXHAUSTION_CONFIRM_V1,1790067600000,2026-09-22T09:00:00+00:00,4324.87,4335.79,4314.93,4335.79,47.67953102100643,4339.303,4312.758483353398,4336.26925,17.075714285714444,0.003938316727912202,44.644067796610074,1.25,False,RSI_NOT_BELOW_32|CLOSE_NOT_NEAR_OR_BELOW_LOWER_BB|CLOSE_NOT_ABOVE_MA200
2026-09-22T11:28:47.609018+00:00,SIE_OLD_MR_REGIME_EXHAUSTION_CONFIRM_V1,PAXG,PAXGUSDT,strategy-lab-v1.0.0:SIE_OLD_MR_REGIME_EXHAUSTION_CONFIRM_V1,1790071200000,2026-09-22T10:00:00+00:00,4334.11,4335.79,4319.04,4319.04,42.453240539365076,4338.3275,4310.348768881493,4336.2045,17.825714285714444,0.00412723991574851,47.67953102100643,1.25,False,RSI_NOT_BELOW_32|CLOSE_NOT_NEAR_OR_BELOW_LOWER_BB|CLOSE_NOT_ABOVE_MA200|RSI_RECOVERY_NOT_CONFIRMED
2026-09-22T11:28:47.609018+00:00,SIE_OLD_MR_REGIME_EXHAUSTION_CONFIRM_V1,PAXG,PAXGUSDT,strategy-lab-v1.0.0:SIE_OLD_MR_REGIME_EXHAUSTION_CONFIRM_V1,1790074800000,2026-09-22T11:00:00+00:00,4319.07,4319.86,4312.01,4317.37,41.57295271049594,4336.932999999999,4307.722345710823,4336.123250000001,17.24714285714299,0.003994826215298432,42.453240539365076,1.250000000000013,False,RSI_NOT_BELOW_32|CLOSE_NOT_NEAR_OR_BELOW_LOWER_BB|CLOSE_NOT_ABOVE_MA200|RSI_RECOVERY_NOT_CONFIRMED
2026-09-22T16:50:38.293235+00:00,SIE_OLD_MR_REGIME_EXHAUSTION_CONFIRM_V1,BTC,BTCUSDT,strategy-lab-v1.0.0:SIE_OLD_MR_REGIME_EXHAUSTION_CONFIRM_V1,1790078400000,2026-09-22T12:00:00+00:00,85969.07,86172.95,85765.82,86015.87,43.33265665621079,85984.563,85081.91138567808,79537.4918,518.7042857142858,0.006030332376040442,40.637782467666966,1.250000000000014,False,RSI_NOT_BELOW_32|CLOSE_NOT_NEAR_OR_BELOW_LOWER_BB
2026-09-22T16:50:38.293235+00:00,SIE_OLD_MR_REGIME_EXHAUSTION_CONFIRM_V1,BTC,BTCUSDT,strategy-lab-v1.0.0:SIE_OLD_MR_REGIME_EXHAUSTION_CONFIRM_V1,1790082000000,2026-09-22T13:00:00+00:00,86016.24,86358.3,85560.12,86329.14,45.841156590311655,86005.914,85091.94257365783,79581.2543,550.5364285714293,0.006377179577735041,43.33265665621079,1.2500000000000067,False,RSI_NOT_BELOW_32|CLOSE_NOT_NEAR_OR_BELOW_LOWER_BB
2026-09-22T16:50:38.293235+00:00,SIE_OLD_MR_REGIME_EXHAUSTION_CONFIRM_V1,BTC,BTCUSDT,strategy-lab-v1.0.0:SIE_OLD_MR_REGIME_EXHAUSTION_CONFIRM_V1,1790085600000,2026-09-22T14:00:00+00:00,86333.37,86465.4,85450.0,86242.89,57.156345958009645,86014.46949999999,85095.00506851124,79624.68095,567.4500000000002,0.006579672828681879,45.841156590311655,1.2500000000000064,False,RSI_NOT_BELOW_32|CLOSE_NOT_NEAR_OR_BELOW_LOWER_BB|RSI_RECOVERY_NOT_CONFIRMED
2026-09-22T16:50:38.293235+00:00,SIE_OLD_MR_REGIME_EXHAUSTION_CONFIRM_V1,BTC,BTCUSDT,strategy-lab-v1.0.0:SIE_OLD_MR_REGIME_EXHAUSTION_CONFIRM_V1,1790089200000,2026-09-22T15:00:00+00:00,86242.88,86734.0,86112.39,86417.8,66.64566813927303,86010.611,85098.62731537076,79667.49245,567.7292857142862,0.006569587350225141,57.156345958009645,1.2499999999999936,False,PLANNED_REWARD_TOO_LOW|RSI_NOT_BELOW_32|CLOSE_NOT_NEAR_OR_BELOW_LOWER_BB
2026-09-22T16:50:38.293235+00:00,SIE_OLD_MR_REGIME_EXHAUSTION_CONFIRM_V1,BTC,BTCUSDT,strategy-lab-v1.0.0:SIE_OLD_MR_REGIME_EXHAUSTION_CONFIRM_V1,1790092800000,2026-09-22T16:00:00+00:00,86416.54,86527.4,86050.0,86393.24,64.54113738190728,85981.272,85162.98026607012,79710.9335,566.3578571428568,0.006555580704495592,66.64566813927303,1.2500000000000064,False,RSI_NOT_BELOW_32|CLOSE_NOT_NEAR_OR_BELOW_LOWER_BB|RSI_RECOVERY_NOT_CONFIRMED
2026-09-22T16:50:38.293235+00:00,SIE_OLD_MR_REGIME_EXHAUSTION_CONFIRM_V1,SOL,SOLUSDT,strategy-lab-v1.0.0:SIE_OLD_MR_REGIME_EXHAUSTION_CONFIRM_V1,1790078400000,2026-09-22T12:00:00+00:00,117.31,117.72,116.82,117.45,34.567901234567884,117.602,115.69311969992734,106.4227,1.2049999999999994,0.010259684972328645,36.52694610778444,1.2499999999999971,False,PLANNED_REWARD_TOO_LOW|RSI_NOT_BELOW_32|CLOSE_NOT_NEAR_OR_BELOW_LOWER_BB|RSI_RECOVERY_NOT_CONFIRMED
2026-09-22T16:50:38.293235+00:00,SIE_OLD_MR_REGIME_EXHAUSTION_CONFIRM_V1,SOL,SOLUSDT,strategy-lab-v1.0.0:SIE_OLD_MR_REGIME_EXHAUSTION_CONFIRM_V1,1790082000000,2026-09-22T13:00:00+00:00,117.45,117.97,116.77,117.97,42.79069767441853,117.641,115.73551423516062,106.50720000000001,1.1799999999999997,0.010002543019411713,34.567901234567884,1.25,False,RSI_NOT_BELOW_32|CLOSE_NOT_NEAR_OR_BELOW_LOWER_BB
2026-09-22T16:50:38.293235+00:00,SIE_OLD_MR_REGIME_EXHAUSTION_CONFIRM_V1,SOL,SOLUSDT,strategy-lab-v1.0.0:SIE_OLD_MR_REGIME_EXHAUSTION_CONFIRM_V1,1790085600000,2026-09-22T14:00:00+00:00,117.97,117.97,115.89,116.89,39.712230215827354,117.59850000000002,115.66601688234918,106.58415000000001,1.2278571428571428,0.01050438140865038,42.79069767441853,1.25,False,RSI_NOT_BELOW_32|CLOSE_NOT_NEAR_OR_BELOW_LOWER_BB|RSI_RECOVERY_NOT_CONFIRMED
2026-09-22T16:50:38.293235+00:00,SIE_OLD_MR_REGIME_EXHAUSTION_CONFIRM_V1,SOL,SOLUSDT,strategy-lab-v1.0.0:SIE_OLD_MR_REGIME_EXHAUSTION_CONFIRM_V1,1790089200000,2026-09-22T15:00:00+00:00,116.89,117.95,116.77,117.37,48.57571214392805,117.548,115.64732012163924,106.6632,1.211428571428571,0.010321449871590449,39.712230215827354,1.2499999999999942,False,PLANNED_REWARD_TOO_LOW|RSI_NOT_BELOW_32|CLOSE_NOT_NEAR_OR_BELOW_LOWER_BB
2026-09-22T16:50:38.293235+00:00,SIE_OLD_MR_REGIME_EXHAUSTION_CONFIRM_V1,SOL,SOLUSDT,strategy-lab-v1.0.0:SIE_OLD_MR_REGIME_EXHAUSTION_CONFIRM_V1,1790092800000,2026-09-22T16:00:00+00:00,117.36,117.55,116.65,117.2,52.512155591572146,117.44750000000002,115.70280661719448,106.7419,1.162142857142857,0.009915894685519257,48.57571214392805,1.249999999999997,False,PLANNED_REWARD_TOO_LOW|RSI_NOT_BELOW_32|CLOSE_NOT_NEAR_OR_BELOW_LOWER_BB|RSI_RECOVERY_NOT_CONFIRMED
2026-09-22T16:50:38.293235+00:00,SIE_OLD_MR_REGIME_EXHAUSTION_CONFIRM_V1,XRP,XRPUSDT,strategy-lab-v1.0.0:SIE_OLD_MR_REGIME_EXHAUSTION_CONFIRM_V1,1790078400000,2026-09-22T12:00:00+00:00,1.5374,1.5463,1.5294,1.5427,44.286979627989325,1.52565,1.4936866146973922,1.3860945,0.022350000000000012,0.01448758669864524,45.017482517482605,1.2500000000000024,False,RSI_NOT_BELOW_32|CLOSE_NOT_NEAR_OR_BELOW_LOWER_BB|RSI_RECOVERY_NOT_CONFIRMED
2026-09-22T16:50:38.293235+00:00,SIE_OLD_MR_REGIME_EXHAUSTION_CONFIRM_V1,XRP,XRPUSDT,strategy-lab-v1.0.0:SIE_OLD_MR_REGIME_EXHAUSTION_CONFIRM_V1,1790082000000,2026-09-22T13:00:00+00:00,1.5427,1.5962,1.538,1.5887,68.96551724137926,1.53031,1.4909647131157613,1.3871394999999997,0.02340714285714288,0.014733519769083452,44.286979627989325,1.2499999999999976,False,PLANNED_REWARD_TOO_LOW|RSI_NOT_BELOW_32|CLOSE_NOT_NEAR_OR_BELOW_LOWER_BB
2026-09-22T16:50:38.293235+00:00,SIE_OLD_MR_REGIME_EXHAUSTION_CONFIRM_V1,XRP,XRPUSDT,strategy-lab-v1.0.0:SIE_OLD_MR_REGIME_EXHAUSTION_CONFIRM_V1,1790085600000,2026-09-22T14:00:00+00:00,1.5888,1.5901,1.5323,1.5646,64.55951580363141,1.53307,1.4922619566751465,1.3880335,0.025957142857142883,0.016590274100180803,68.96551724137926,1.2500000000000022,False,RSI_NOT_BELOW_32|CLOSE_NOT_NEAR_OR_BELOW_LOWER_BB|RSI_RECOVERY_NOT_CONFIRMED
2026-09-22T16:50:38.293235+00:00,SIE_OLD_MR_REGIME_EXHAUSTION_CONFIRM_V1,XRP,XRPUSDT,strategy-lab-v1.0.0:SIE_OLD_MR_REGIME_EXHAUSTION_CONFIRM_V1,1790089200000,2026-09-22T15:00:00+00:00,1.5647,1.5865,1.5636,1.572,70.58020477815697,1.53628,1.4938597878364197,1.3889429999999998,0.026164285714285734,0.016643947655398048,64.55951580363141,1.25,False,RSI_NOT_BELOW_32|CLOSE_NOT_NEAR_OR_BELOW_LOWER_BB
2026-09-22T16:50:38.293235+00:00,SIE_OLD_MR_REGIME_EXHAUSTION_CONFIRM_V1,XRP,XRPUSDT,strategy-lab-v1.0.0:SIE_OLD_MR_REGIME_EXHAUSTION_CONFIRM_V1,1790092800000,2026-09-22T16:00:00+00:00,1.5723,1.5777,1.5473,1.5638,66.11624834874506,1.5378,1.4937540694274352,1.3898385,0.0269571428571429,0.01723822922185887,70.58020477815697,1.2499999999999958,False,PLANNED_REWARD_TOO_LOW|RSI_NOT_BELOW_32|CLOSE_NOT_NEAR_OR_BELOW_LOWER_BB|RSI_RECOVERY_NOT_CONFIRMED
2026-09-22T16:50:38.293235+00:00,SIE_OLD_MR_REGIME_EXHAUSTION_CONFIRM_V1,DOGE,DOGEUSDT,strategy-lab-v1.0.0:SIE_OLD_MR_REGIME_EXHAUSTION_CONFIRM_V1,1790078400000,2026-09-22T12:00:00+00:00,0.09784,0.09996,0.09749,0.09986,48.228043143297384,0.0993595,0.09736432106065963,0.0861015,0.0023728571428571427,0.023761838001773908,44.324772162386125,1.2499999999999971,False,PLANNED_REWARD_TOO_LOW|RSI_NOT_BELOW_32|CLOSE_NOT_NEAR_OR_BELOW_LOWER_BB
2026-09-22T16:50:38.293235+00:00,SIE_OLD_MR_REGIME_EXHAUSTION_CONFIRM_V1,DOGE,DOGEUSDT,strategy-lab-v1.0.0:SIE_OLD_MR_REGIME_EXHAUSTION_CONFIRM_V1,1790082000000,2026-09-22T13:00:00+00:00,0.09987,0.10107,0.09943,0.10094,54.20974889217134,0.0995375,0.09764807813075342,0.08618525,0.0022607142857142847,0.022396614679158756,48.228043143297384,1.25,False,RSI_NOT_BELOW_32|CLOSE_NOT_NEAR_OR_BELOW_LOWER_BB
2026-09-22T16:50:38.293235+00:00,SIE_OLD_MR_REGIME_EXHAUSTION_CONFIRM_V1,DOGE,DOGEUSDT,strategy-lab-v1.0.0:SIE_OLD_MR_REGIME_EXHAUSTION_CONFIRM_V1,1790085600000,2026-09-22T14:00:00+00:00,0.10093,0.10111,0.09844,0.1,52.05673758865252,0.09955549999999999,0.09765568448264383,0.08626385,0.0022749999999999992,0.022749999999999992,54.20974889217134,1.250000000000003,False,RSI_NOT_BELOW_32|CLOSE_NOT_NEAR_OR_BELOW_LOWER_BB|RSI_RECOVERY_NOT_CONFIRMED
2026-09-22T16:50:38.293235+00:00,SIE_OLD_MR_REGIME_EXHAUSTION_CONFIRM_V1,DOGE,DOGEUSDT,strategy-lab-v1.0.0:SIE_OLD_MR_REGIME_EXHAUSTION_CONFIRM_V1,1790089200000,2026-09-22T15:00:00+00:00,0.09999,0.10056,0.09931,0.1,50.764748725418805,0.0996285,0.09777883759837445,0.0863422,0.002170714285714286,0.021707142857142855,52.05673758865252,1.2500000000000016,False,RSI_NOT_BELOW_32|CLOSE_NOT_NEAR_OR_BELOW_LOWER_BB|RSI_RECOVERY_NOT_CONFIRMED
2026-09-22T16:50:38.293235+00:00,SIE_OLD_MR_REGIME_EXHAUSTION_CONFIRM_V1,DOGE,DOGEUSDT,strategy-lab-v1.0.0:SIE_OLD_MR_REGIME_EXHAUSTION_CONFIRM_V1,1790092800000,2026-09-22T16:00:00+00:00,0.09996,0.10022,0.09868,0.09903,50.580551523947776,0.09957350000000001,0.09772134152946159,0.08641674999999999,0.00214,0.021609613248510552,50.764748725418805,1.2499999999999967,False,PLANNED_REWARD_TOO_LOW|RSI_NOT_BELOW_32|CLOSE_NOT_NEAR_OR_BELOW_LOWER_BB|RSI_RECOVERY_NOT_CONFIRMED
2026-09-22T16:50:38.293235+00:00,SIE_OLD_MR_REGIME_EXHAUSTION_CONFIRM_V1,BNB,BNBUSDT,strategy-lab-v1.0.0:SIE_OLD_MR_REGIME_EXHAUSTION_CONFIRM_V1,1790078400000,2026-09-22T12:00:00+00:00,786.72,791.27,784.73,791.27,32.928137289953355,792.7655,779.6935598608917,746.8756999999999,5.397142857142877,0.00682086121948624,17.421475529583645,1.2500000000000104,False,RSI_NOT_BELOW_32|CLOSE_NOT_NEAR_OR_BELOW_LOWER_BB
2026-09-22T16:50:38.293235+00:00,SIE_OLD_MR_REGIME_EXHAUSTION_CONFIRM_V1,BNB,BNBUSDT,strategy-lab-v1.0.0:SIE_OLD_MR_REGIME_EXHAUSTION_CONFIRM_V1,1790082000000,2026-09-22T13:00:00+00:00,791.09,793.29,786.6,791.26,34.89958317544513,792.533,779.5278039614765,747.20885,5.4514285714285835,0.0068895540927490125,32.928137289953355,1.25,False,RSI_NOT_BELOW_32|CLOSE_NOT_NEAR_OR_BELOW_LOWER_BB|RSI_RECOVERY_NOT_CONFIRMED
2026-09-22T16:50:38.293235+00:00,SIE_OLD_MR_REGIME_EXHAUSTION_CONFIRM_V1,BNB,BNBUSDT,strategy-lab-v1.0.0:SIE_OLD_MR_REGIME_EXHAUSTION_CONFIRM_V1,1790085600000,2026-09-22T14:00:00+00:00,791.25,791.52,780.03,786.8,35.546121188730126,791.822,779.2013556424237,747.52545,5.740000000000009,0.007295373665480439,34.89958317544513,1.24999999999999,False,PLANNED_REWARD_TOO_LOW|RSI_NOT_BELOW_32|CLOSE_NOT_NEAR_OR_BELOW_LOWER_BB|RSI_RECOVERY_NOT_CONFIRMED
2026-09-22T16:50:38.293235+00:00,SIE_OLD_MR_REGIME_EXHAUSTION_CONFIRM_V1,BNB,BNBUSDT,strategy-lab-v1.0.0:SIE_OLD_MR_REGIME_EXHAUSTION_CONFIRM_V1,1790089200000,2026-09-22T15:00:00+00:00,786.84,790.44,786.24,787.65,46.552521980564514,791.202,779.0494618288844,747.8411,5.275714285714295,0.006698043910003548,35.546121188730126,1.2500000000000053,False,RSI_NOT_BELOW_32|CLOSE_NOT_NEAR_OR_BELOW_LOWER_BB
2026-09-22T16:50:38.293235+00:00,SIE_OLD_MR_REGIME_EXHAUSTION_CONFIRM_V1,BNB,BNBUSDT,strategy-lab-v1.0.0:SIE_OLD_MR_REGIME_EXHAUSTION_CONFIRM_V1,1790092800000,2026-09-22T16:00:00+00:00,787.72,788.61,785.04,788.49,44.816053511705775,790.3855,779.9261262615578,748.1658500000001,5.1171428571428725,0.006489800577233538,46.552521980564514,1.25,False,RSI_NOT_BELOW_32|CLOSE_NOT_NEAR_OR_BELOW_LOWER_BB|RSI_RECOVERY_NOT_CONFIRMED
2026-09-22T16:50:38.293235+00:00,SIE_OLD_MR_REGIME_EXHAUSTION_CONFIRM_V1,PAXG,PAXGUSDT,strategy-lab-v1.0.0:SIE_OLD_MR_REGIME_EXHAUSTION_CONFIRM_V1,1790078400000,2026-09-22T12:00:00+00:00,4326.62,4343.16,4323.59,4334.27,41.05153720481238,4336.956,4308.543190635177,4336.159100000001,17.658571428571577,0.004074174296610865,44.21252371916499,1.25,False,RSI_NOT_BELOW_32|CLOSE_NOT_NEAR_OR_BELOW_LOWER_BB|CLOSE_NOT_ABOVE_MA200|RSI_RECOVERY_NOT_CONFIRMED
2026-09-22T16:50:38.293235+00:00,SIE_OLD_MR_REGIME_EXHAUSTION_CONFIRM_V1,PAXG,PAXGUSDT,strategy-lab-v1.0.0:SIE_OLD_MR_REGIME_EXHAUSTION_CONFIRM_V1,1790082000000,2026-09-22T13:00:00+00:00,4333.55,4342.32,4328.93,4334.6,38.465116279070116,4336.518,4308.243837519004,4336.12865,17.76285714285723,0.0040979230246982945,41.05153720481238,1.2500000000000129,False,RSI_NOT_BELOW_32|CLOSE_NOT_NEAR_OR_BELOW_LOWER_BB|CLOSE_NOT_ABOVE_MA200|RSI_RECOVERY_NOT_CONFIRMED
2026-09-22T16:50:38.293235+00:00,SIE_OLD_MR_REGIME_EXHAUSTION_CONFIRM_V1,PAXG,PAXGUSDT,strategy-lab-v1.0.0:SIE_OLD_MR_REGIME_EXHAUSTION_CONFIRM_V1,1790085600000,2026-09-22T14:00:00+00:00,4331.15,4335.78,4316.77,4327.17,38.79593432369057,4335.749,4307.336628821202,4336.1392,17.5,0.004044213654651885,38.465116279070116,1.25,False,TREND_SUPPORT_NOT_CONFIRMED|RSI_NOT_BELOW_32|CLOSE_NOT_NEAR_OR_BELOW_LOWER_BB|CLOSE_NOT_ABOVE_MA200|RSI_RECOVERY_NOT_CONFIRMED
2026-09-22T16:50:38.293235+00:00,SIE_OLD_MR_REGIME_EXHAUSTION_CONFIRM_V1,PAXG,PAXGUSDT,strategy-lab-v1.0.0:SIE_OLD_MR_REGIME_EXHAUSTION_CONFIRM_V1,1790089200000,2026-09-22T15:00:00+00:00,4327.59,4339.65,4326.21,4331.38,44.217184162970376,4335.2435000000005,4306.89801480391,4336.2194500000005,17.17785714285713,0.003965908588684698,38.79593432369057,1.2500000000000264,False,TREND_SUPPORT_NOT_CONFIRMED|RSI_NOT_BELOW_32|CLOSE_NOT_NEAR_OR_BELOW_LOWER_BB|CLOSE_NOT_ABOVE_MA200
2026-09-22T16:50:38.293235+00:00,SIE_OLD_MR_REGIME_EXHAUSTION_CONFIRM_V1,PAXG,PAXGUSDT,strategy-lab-v1.0.0:SIE_OLD_MR_REGIME_EXHAUSTION_CONFIRM_V1,1790092800000,2026-09-22T16:00:00+00:00,4331.94,4339.59,4323.25,4339.59,50.125232285691354,4335.2300000000005,4306.893066503205,4336.34795,17.405000000000005,0.004010747559101207,44.217184162970376,1.249999999999987,False,TREND_SUPPORT_NOT_CONFIRMED|PLANNED_REWARD_TOO_LOW|RSI_NOT_BELOW_32|CLOSE_NOT_NEAR_OR_BELOW_LOWER_BB
2026-09-22T21:13:37.559684+00:00,SIE_OLD_MR_REGIME_EXHAUSTION_CONFIRM_V1,BTC,BTCUSDT,strategy-lab-v1.0.0:SIE_OLD_MR_REGIME_EXHAUSTION_CONFIRM_V1,1790096400000,2026-09-22T17:00:00+00:00,86426.3,86675.1,86258.91,86587.58,68.41852305769832,85984.4385,85158.37182036393,79753.43455,566.845714285714,0.006546501406849736,65.33778218909026,1.2500000000000129,False,RSI_NOT_BELOW_32|CLOSE_NOT_NEAR_OR_BELOW_LOWER_BB
2026-09-22T21:13:37.559684+00:00,SIE_OLD_MR_REGIME_EXHAUSTION_CONFIRM_V1,BTC,BTCUSDT,strategy-lab-v1.0.0:SIE_OLD_MR_REGIME_EXHAUSTION_CONFIRM_V1,1790100000000,2026-09-22T18:00:00+00:00,86587.58,86666.65,86251.2,86469.53,71.57863862060283,85986.75850000001,85155.53209531537,79796.43920000001,573.5835714285703,0.006633360577171754,68.41852305769832,1.2499999999999936,False,PLANNED_REWARD_TOO_LOW|RSI_NOT_BELOW_32|CLOSE_NOT_NEAR_OR_BELOW_LOWER_BB|RSI_RECOVERY_NOT_CONFIRMED
2026-09-22T21:13:37.559684+00:00,SIE_OLD_MR_REGIME_EXHAUSTION_CONFIRM_V1,BTC,BTCUSDT,strategy-lab-v1.0.0:SIE_OLD_MR_REGIME_EXHAUSTION_CONFIRM_V1,1790103600000,2026-09-22T19:00:00+00:00,86469.53,86613.63,86153.62,86211.14,65.59961905785924,85967.5685,85176.64702756106,79838.76775,568.6749999999998,0.00659630530346774,71.57863862060283,1.2499999999999936,False,PLANNED_REWARD_TOO_LOW|RSI_NOT_BELOW_32|CLOSE_NOT_NEAR_OR_BELOW_LOWER_BB|RSI_RECOVERY_NOT_CONFIRMED
2026-09-22T21:13:37.559684+00:00,SIE_OLD_MR_REGIME_EXHAUSTION_CONFIRM_V1,BTC,BTCUSDT,strategy-lab-v1.0.0:SIE_OLD_MR_REGIME_EXHAUSTION_CONFIRM_V1,1790107200000,2026-09-22T20:00:00+00:00,86213.28,86400.0,86143.83,86281.15,67.49626132041803,85987.823,85186.63157044153,79881.87730000001,563.0814285714275,0.00652612336033337,65.59961905785924,1.25,False,RSI_NOT_BELOW_32|CLOSE_NOT_NEAR_OR_BELOW_LOWER_BB
2026-09-22T21:13:37.559684+00:00,SIE_OLD_MR_REGIME_EXHAUSTION_CONFIRM_V1,BTC,BTCUSDT,strategy-lab-v1.0.0:SIE_OLD_MR_REGIME_EXHAUSTION_CONFIRM_V1,1790110800000,2026-09-22T21:00:00+00:00,86286.98,86360.58,86239.05,86244.69,67.06150771203365,86020.124,85232.3153886927,79922.357,546.3221428571425,0.006334559760805476,67.49626132041803,1.2499999999999933,False,PLANNED_REWARD_TOO_LOW|RSI_NOT_BELOW_32|CLOSE_NOT_NEAR_OR_BELOW_LOWER_BB|RSI_RECOVERY_NOT_CONFIRMED
2026-09-22T21:13:37.559684+00:00,SIE_OLD_MR_REGIME_EXHAUSTION_CONFIRM_V1,SOL,SOLUSDT,strategy-lab-v1.0.0:SIE_OLD_MR_REGIME_EXHAUSTION_CONFIRM_V1,1790096400000,2026-09-22T17:00:00+00:00,117.46,118.21,117.34,117.99,59.29339477726573,117.40450000000001,115.81377092187091,106.82365,1.192142857142856,0.01010376182000895,54.67980295566498,1.2500000000000029,False,RSI_NOT_BELOW_32|CLOSE_NOT_NEAR_OR_BELOW_LOWER_BB
2026-09-22T21:13:37.559684+00:00,SIE_OLD_MR_REGIME_EXHAUSTION_CONFIRM_V1,SOL,SOLUSDT,strategy-lab-v1.0.0:SIE_OLD_MR_REGIME_EXHAUSTION_CONFIRM_V1,1790100000000,2026-09-22T18:00:00+00:00,117.97,118.47,117.63,118.16,64.17197452229306,117.34,116.00167268577324,106.9058,1.1899999999999988,0.010071090047393356,59.29339477726573,1.25,False,RSI_NOT_BELOW_32|CLOSE_NOT_NEAR_OR_BELOW_LOWER_BB
2026-09-22T21:13:37.559684+00:00,SIE_OLD_MR_REGIME_EXHAUSTION_CONFIRM_V1,SOL,SOLUSDT,strategy-lab-v1.0.0:SIE_OLD_MR_REGIME_EXHAUSTION_CONFIRM_V1,1790103600000,2026-09-22T19:00:00+00:00,118.14,118.73,117.79,118.28,62.311557788944775,117.309,116.09356756666386,106.99055,1.1421428571428558,0.009656263587612917,64.17197452229306,1.25,False,RSI_NOT_BELOW_32|CLOSE_NOT_NEAR_OR_BELOW_LOWER_BB|RSI_RECOVERY_NOT_CONFIRMED
2026-09-22T21:13:37.559684+00:00,SIE_OLD_MR_REGIME_EXHAUSTION_CONFIRM_V1,SOL,SOLUSDT,strategy-lab-v1.0.0:SIE_OLD_MR_REGIME_EXHAUSTION_CONFIRM_V1,1790107200000,2026-09-22T20:00:00+00:00,118.28,118.4,117.81,118.02,62.73187183811127,117.29399999999998,116.1222252776214,107.074,1.1371428571428563,0.00963517079429636,62.311557788944775,1.25,False,RSI_NOT_BELOW_32|CLOSE_NOT_NEAR_OR_BELOW_LOWER_BB|RSI_RECOVERY_NOT_CONFIRMED
2026-09-22T21:13:37.559684+00:00,SIE_OLD_MR_REGIME_EXHAUSTION_CONFIRM_V1,SOL,SOLUSDT,strategy-lab-v1.0.0:SIE_OLD_MR_REGIME_EXHAUSTION_CONFIRM_V1,1790110800000,2026-09-22T21:00:00+00:00,117.98,118.2,117.83,117.87,63.48122866894203,117.3095,116.11606001407469,107.1567,1.105714285714285,0.009380794822383007,62.73187183811127,1.249999999999997,False,PLANNED_REWARD_TOO_LOW|RSI_NOT_BELOW_32|CLOSE_NOT_NEAR_OR_BELOW_LOWER_BB|RSI_RECOVERY_NOT_CONFIRMED
2026-09-22T21:13:37.559684+00:00,SIE_OLD_MR_REGIME_EXHAUSTION_CONFIRM_V1,XRP,XRPUSDT,strategy-lab-v1.0.0:SIE_OLD_MR_REGIME_EXHAUSTION_CONFIRM_V1,1790096400000,2026-09-22T17:00:00+00:00,1.564,1.5762,1.562,1.5721,67.79874213836474,1.5389599999999999,1.492635993264796,1.3906885,0.027100000000000044,0.01723808918007763,66.1599471249174,1.249999999999998,False,PLANNED_REWARD_TOO_LOW|RSI_NOT_BELOW_32|CLOSE_NOT_NEAR_OR_BELOW_LOWER_BB
2026-09-22T21:13:37.559684+00:00,SIE_OLD_MR_REGIME_EXHAUSTION_CONFIRM_V1,XRP,XRPUSDT,strategy-lab-v1.0.0:SIE_OLD_MR_REGIME_EXHAUSTION_CONFIRM_V1,1790100000000,2026-09-22T18:00:00+00:00,1.572,1.5874,1.5679,1.5819,71.14337568058076,1.540275,1.4907534137975846,1.3916160000000002,0.027242857142857173,0.01722160512223097,67.79874213836474,1.250000000000002,False,RSI_NOT_BELOW_32|CLOSE_NOT_NEAR_OR_BELOW_LOWER_BB
2026-09-22T21:13:37.559684+00:00,SIE_OLD_MR_REGIME_EXHAUSTION_CONFIRM_V1,XRP,XRPUSDT,strategy-lab-v1.0.0:SIE_OLD_MR_REGIME_EXHAUSTION_CONFIRM_V1,1790103600000,2026-09-22T19:00:00+00:00,1.5817,1.6099,1.5719,1.5878,71.92466156562682,1.54287,1.4892663769880867,1.392564,0.02815714285714288,0.017733431702445446,71.14337568058076,1.250000000000004,False,RSI_NOT_BELOW_32|CLOSE_NOT_NEAR_OR_BELOW_LOWER_BB
2026-09-22T21:13:37.559684+00:00,SIE_OLD_MR_REGIME_EXHAUSTION_CONFIRM_V1,XRP,XRPUSDT,strategy-lab-v1.0.0:SIE_OLD_MR_REGIME_EXHAUSTION_CONFIRM_V1,1790107200000,2026-09-22T20:00:00+00:00,1.5881,1.5919,1.5676,1.5724,64.82720178372348,1.545425,1.4913085745821717,1.3934549999999999,0.028892857142857165,0.018375004542646376,71.92466156562682,1.249999999999998,False,PLANNED_REWARD_TOO_LOW|RSI_NOT_BELOW_32|CLOSE_NOT_NEAR_OR_BELOW_LOWER_BB|RSI_RECOVERY_NOT_CONFIRMED
2026-09-22T21:13:37.559684+00:00,SIE_OLD_MR_REGIME_EXHAUSTION_CONFIRM_V1,XRP,XRPUSDT,strategy-lab-v1.0.0:SIE_OLD_MR_REGIME_EXHAUSTION_CONFIRM_V1,1790110800000,2026-09-22T21:00:00+00:00,1.5722,1.5833,1.5721,1.5777,66.0152008686211,1.548725,1.4951910154667762,1.394372,0.028585714285714294,0.018118599407817893,64.82720178372348,1.2500000000000038,False,RSI_NOT_BELOW_32|CLOSE_NOT_NEAR_OR_BELOW_LOWER_BB
2026-09-22T21:13:37.559684+00:00,SIE_OLD_MR_REGIME_EXHAUSTION_CONFIRM_V1,DOGE,DOGEUSDT,strategy-lab-v1.0.0:SIE_OLD_MR_REGIME_EXHAUSTION_CONFIRM_V1,1790096400000,2026-09-22T17:00:00+00:00,0.09948,0.10004,0.09928,0.09969,39.581351094196066,0.09962,0.09779191903899567,0.08649565,0.001925,0.019309860567760056,52.3273273273273,1.2500000000000018,False,RSI_NOT_BELOW_32|CLOSE_NOT_NEAR_OR_BELOW_LOWER_BB|RSI_RECOVERY_NOT_CONFIRMED
2026-09-22T21:13:37.559684+00:00,SIE_OLD_MR_REGIME_EXHAUSTION_CONFIRM_V1,DOGE,DOGEUSDT,strategy-lab-v1.0.0:SIE_OLD_MR_REGIME_EXHAUSTION_CONFIRM_V1,1790100000000,2026-09-22T18:00:00+00:00,0.0997,0.10012,0.09922,0.09992,49.82973893303063,0.0996,0.09779437545431324,0.08657355000000001,0.0015342857142857142,0.015355141255861833,39.581351094196066,1.25,False,RSI_NOT_BELOW_32|CLOSE_NOT_NEAR_OR_BELOW_LOWER_BB
2026-09-22T21:13:37.559684+00:00,SIE_OLD_MR_REGIME_EXHAUSTION_CONFIRM_V1,DOGE,DOGEUSDT,strategy-lab-v1.0.0:SIE_OLD_MR_REGIME_EXHAUSTION_CONFIRM_V1,1790103600000,2026-09-22T19:00:00+00:00,0.09993,0.10056,0.09957,0.10003,49.94337485843709,0.09961149999999999,0.09779801413019386,0.0866533,0.0014685714285714282,0.01468130989274646,49.82973893303063,1.25,False,RSI_NOT_BELOW_32|CLOSE_NOT_NEAR_OR_BELOW_LOWER_BB
2026-09-22T21:13:37.559684+00:00,SIE_OLD_MR_REGIME_EXHAUSTION_CONFIRM_V1,DOGE,DOGEUSDT,strategy-lab-v1.0.0:SIE_OLD_MR_REGIME_EXHAUSTION_CONFIRM_V1,1790107200000,2026-09-22T20:00:00+00:00,0.10005,0.10059,0.09948,0.10008,52.042007001166866,0.0996445,0.09782215563079134,0.08673539999999999,0.001469999999999999,0.014688249400479607,49.94337485843709,1.2500000000000047,False,RSI_NOT_BELOW_32|CLOSE_NOT_NEAR_OR_BELOW_LOWER_BB
2026-09-22T21:13:37.559684+00:00,SIE_OLD_MR_REGIME_EXHAUSTION_CONFIRM_V1,DOGE,DOGEUSDT,strategy-lab-v1.0.0:SIE_OLD_MR_REGIME_EXHAUSTION_CONFIRM_V1,1790110800000,2026-09-22T21:00:00+00:00,0.10012,0.10046,0.09982,0.09984,56.81528662420379,0.09964700000000001,0.09782372711861706,0.08681620000000001,0.001425714285714284,0.014279990842490826,52.042007001166866,1.2499999999999951,False,PLANNED_REWARD_TOO_LOW|RSI_NOT_BELOW_32|CLOSE_NOT_NEAR_OR_BELOW_LOWER_BB|RSI_RECOVERY_NOT_CONFIRMED
2026-09-22T21:13:37.559684+00:00,SIE_OLD_MR_REGIME_EXHAUSTION_CONFIRM_V1,BNB,BNBUSDT,strategy-lab-v1.0.0:SIE_OLD_MR_REGIME_EXHAUSTION_CONFIRM_V1,1790096400000,2026-09-22T17:00:00+00:00,789.3,790.09,786.84,788.65,48.03876326718961,789.636,781.4888694622069,748.4910500000001,5.212142857142867,0.0066089429495249695,47.404371584699476,1.2499999999999891,False,PLANNED_REWARD_TOO_LOW|RSI_NOT_BELOW_32|CLOSE_NOT_NEAR_OR_BELOW_LOWER_BB|RSI_RECOVERY_NOT_CONFIRMED
2026-09-22T21:13:37.559684+00:00,SIE_OLD_MR_REGIME_EXHAUSTION_CONFIRM_V1,BNB,BNBUSDT,strategy-lab-v1.0.0:SIE_OLD_MR_REGIME_EXHAUSTION_CONFIRM_V1,1790100000000,2026-09-22T18:00:00+00:00,788.26,788.74,785.2,787.75,51.154791154791226,788.9825,782.6293499939131,748.8161500000001,5.138571428571432,0.006523099242870749,48.03876326718961,1.2500000000000056,False,RSI_NOT_BELOW_32|CLOSE_NOT_NEAR_OR_BELOW_LOWER_BB|RSI_RECOVERY_NOT_CONFIRMED
2026-09-22T21:13:37.559684+00:00,SIE_OLD_MR_REGIME_EXHAUSTION_CONFIRM_V1,BNB,BNBUSDT,strategy-lab-v1.0.0:SIE_OLD_MR_REGIME_EXHAUSTION_CONFIRM_V1,1790103600000,2026-09-22T19:00:00+00:00,787.78,789.95,785.34,786.21,47.99446749654217,788.3315,783.9494444321366,749.13875,5.060714285714288,0.006436848024973337,51.154791154791226,1.25,False,RSI_NOT_BELOW_32|CLOSE_NOT_NEAR_OR_BELOW_LOWER_BB|RSI_RECOVERY_NOT_CONFIRMED
2026-09-22T21:13:37.559684+00:00,SIE_OLD_MR_REGIME_EXHAUSTION_CONFIRM_V1,BNB,BNBUSDT,strategy-lab-v1.0.0:SIE_OLD_MR_REGIME_EXHAUSTION_CONFIRM_V1,1790107200000,2026-09-22T20:00:00+00:00,786.48,787.38,784.08,784.8,46.51474530831086,787.857,784.1562752061461,749.4631999999999,5.102142857142853,0.006501201397990384,47.99446749654217,1.2500000000000056,False,RSI_NOT_BELOW_32|CLOSE_NOT_NEAR_OR_BELOW_LOWER_BB|RSI_RECOVERY_NOT_CONFIRMED
2026-09-22T21:13:37.559684+00:00,SIE_OLD_MR_REGIME_EXHAUSTION_CONFIRM_V1,BNB,BNBUSDT,strategy-lab-v1.0.0:SIE_OLD_MR_REGIME_EXHAUSTION_CONFIRM_V1,1790110800000,2026-09-22T21:00:00+00:00,785.04,785.9,784.82,785.21,51.40142517814734,787.6605,783.8378021307138,749.7841000000001,4.843571428571424,0.006168504512896454,46.51474530831086,1.2500000000000058,False,RSI_NOT_BELOW_32|CLOSE_NOT_NEAR_OR_BELOW_LOWER_BB
2026-09-22T21:13:37.559684+00:00,SIE_OLD_MR_REGIME_EXHAUSTION_CONFIRM_V1,PAXG,PAXGUSDT,strategy-lab-v1.0.0:SIE_OLD_MR_REGIME_EXHAUSTION_CONFIRM_V1,1790096400000,2026-09-22T17:00:00+00:00,4336.39,4350.82,4335.83,4350.3,53.65615615615605,4335.5599999999995,4306.603674266202,4336.62495,17.992142857142817,0.004135839564430687,48.90746565138247,1.2500000000000127,False,TREND_SUPPORT_NOT_CONFIRMED|RSI_NOT_BELOW_32|CLOSE_NOT_NEAR_OR_BELOW_LOWER_BB
2026-09-22T21:13:37.559684+00:00,SIE_OLD_MR_REGIME_EXHAUSTION_CONFIRM_V1,PAXG,PAXGUSDT,strategy-lab-v1.0.0:SIE_OLD_MR_REGIME_EXHAUSTION_CONFIRM_V1,1790100000000,2026-09-22T18:00:00+00:00,4350.29,4358.68,4348.23,4352.53,54.5804636006813,4335.268,4307.131463183935,4336.877799999999,18.170714285714244,0.004174747626257428,53.65615615615605,1.249999999999975,False,TREND_SUPPORT_NOT_CONFIRMED|PLANNED_REWARD_TOO_LOW|RSI_NOT_BELOW_32|CLOSE_NOT_NEAR_OR_BELOW_LOWER_BB
2026-09-22T21:13:37.559684+00:00,SIE_OLD_MR_REGIME_EXHAUSTION_CONFIRM_V1,PAXG,PAXGUSDT,strategy-lab-v1.0.0:SIE_OLD_MR_REGIME_EXHAUSTION_CONFIRM_V1,1790103600000,2026-09-22T19:00:00+00:00,4354.02,4366.59,4353.16,4361.8,65.27417197702766,4335.14,4307.515379097591,4337.2194,17.179285714285665,0.003938577127398245,54.5804636006813,1.2500000000000133,False,TREND_SUPPORT_NOT_CONFIRMED|RSI_NOT_BELOW_32|CLOSE_NOT_NEAR_OR_BELOW_LOWER_BB
2026-09-22T21:13:37.559684+00:00,SIE_OLD_MR_REGIME_EXHAUSTION_CONFIRM_V1,PAXG,PAXGUSDT,strategy-lab-v1.0.0:SIE_OLD_MR_REGIME_EXHAUSTION_CONFIRM_V1,1790107200000,2026-09-22T20:00:00+00:00,4360.46,4363.02,4352.65,4355.69,64.78488326696326,4335.133,4307.529290756462,4337.60225,17.376428571428537,0.003989363010551379,65.27417197702766,1.249999999999987,False,TREND_SUPPORT_NOT_CONFIRMED|PLANNED_REWARD_TOO_LOW|RSI_NOT_BELOW_32|CLOSE_NOT_NEAR_OR_BELOW_LOWER_BB|RSI_RECOVERY_NOT_CONFIRMED
2026-09-22T21:13:37.559684+00:00,SIE_OLD_MR_REGIME_EXHAUSTION_CONFIRM_V1,PAXG,PAXGUSDT,strategy-lab-v1.0.0:SIE_OLD_MR_REGIME_EXHAUSTION_CONFIRM_V1,1790110800000,2026-09-22T21:00:00+00:00,4355.89,4357.11,4355.87,4357.11,73.58737356121333,4335.7155,4306.803982243199,4337.99,15.901428571428498,0.0036495357178103144,64.78488326696326,1.2500000000000142,False,TREND_SUPPORT_NOT_CONFIRMED|RSI_NOT_BELOW_32|CLOSE_NOT_NEAR_OR_BELOW_LOWER_BB
2026-09-23T00:22:44.379726+00:00,SIE_OLD_MR_REGIME_EXHAUSTION_CONFIRM_V1,BTC,BTCUSDT,strategy-lab-v1.0.0:SIE_OLD_MR_REGIME_EXHAUSTION_CONFIRM_V1,1790114400000,2026-09-22T22:00:00+00:00,86187.02,86312.34,86001.0,86121.88,47.99223203658466,86038.33499999999,85266.08091455018,79960.1867,496.33071428571463,0.005763119828384083,65.63431954409876,1.2500000000000073,False,RSI_NOT_BELOW_32|CLOSE_NOT_NEAR_OR_BELOW_LOWER_BB|RSI_RECOVERY_NOT_CONFIRMED
2026-09-23T00:22:44.379726+00:00,SIE_OLD_MR_REGIME_EXHAUSTION_CONFIRM_V1,BTC,BTCUSDT,strategy-lab-v1.0.0:SIE_OLD_MR_REGIME_EXHAUSTION_CONFIRM_V1,1790118000000,2026-09-22T23:00:00+00:00,86121.88,86518.64,86086.51,86198.05,48.95553130331852,86064.8455,85309.05874879772,79998.41470000001,483.6164285714289,0.005610526323639907,47.99223203658466,1.249999999999985,False,PLANNED_REWARD_TOO_LOW|RSI_NOT_BELOW_32|CLOSE_NOT_NEAR_OR_BELOW_LOWER_BB
2026-09-23T00:22:44.379726+00:00,SIE_OLD_MR_REGIME_EXHAUSTION_CONFIRM_V1,BTC,BTCUSDT,strategy-lab-v1.0.0:SIE_OLD_MR_REGIME_EXHAUSTION_CONFIRM_V1,1790121600000,2026-09-23T00:00:00+00:00,86198.05,86521.81,86130.0,86477.14,66.49861030314807,86116.7245,85398.21990685335,80037.03625,474.2135714285718,0.005483687034846109,48.95553130331852,1.2499999999999922,False,PLANNED_REWARD_TOO_LOW|RSI_NOT_BELOW_32|CLOSE_NOT_NEAR_OR_BELOW_LOWER_BB
2026-09-23T00:22:44.379726+00:00,SIE_OLD_MR_REGIME_EXHAUSTION_CONFIRM_V1,SOL,SOLUSDT,strategy-lab-v1.0.0:SIE_OLD_MR_REGIME_EXHAUSTION_CONFIRM_V1,1790114400000,2026-09-22T22:00:00+00:00,118.09,118.91,117.62,118.47,59.87903225806457,117.4,116.10083103485135,107.24214999999998,1.0542857142857136,0.00889917881561335,65.63039723661481,1.2499999999999967,False,PLANNED_REWARD_TOO_LOW|RSI_NOT_BELOW_32|CLOSE_NOT_NEAR_OR_BELOW_LOWER_BB|RSI_RECOVERY_NOT_CONFIRMED
2026-09-23T00:22:44.379726+00:00,SIE_OLD_MR_REGIME_EXHAUSTION_CONFIRM_V1,SOL,SOLUSDT,strategy-lab-v1.0.0:SIE_OLD_MR_REGIME_EXHAUSTION_CONFIRM_V1,1790118000000,2026-09-22T23:00:00+00:00,118.48,119.3,118.18,118.56,61.32264529058109,117.489,116.12944271911572,107.32520000000001,1.0714285714285694,0.009037015615962967,59.87903225806457,1.2499999999999967,False,PLANNED_REWARD_TOO_LOW|RSI_NOT_BELOW_32|CLOSE_NOT_NEAR_OR_BELOW_LOWER_BB
2026-09-23T00:22:44.379726+00:00,SIE_OLD_MR_REGIME_EXHAUSTION_CONFIRM_V1,SOL,SOLUSDT,strategy-lab-v1.0.0:SIE_OLD_MR_REGIME_EXHAUSTION_CONFIRM_V1,1790121600000,2026-09-23T00:00:00+00:00,118.57,118.92,118.28,118.92,71.84873949579827,117.61600000000001,116.2204871910278,107.40685000000002,1.039285714285713,0.008739368603142558,61.32264529058109,1.25,False,RSI_NOT_BELOW_32|CLOSE_NOT_NEAR_OR_BELOW_LOWER_BB
2026-09-23T00:22:44.379726+00:00,SIE_OLD_MR_REGIME_EXHAUSTION_CONFIRM_V1,XRP,XRPUSDT,strategy-lab-v1.0.0:SIE_OLD_MR_REGIME_EXHAUSTION_CONFIRM_V1,1790114400000,2026-09-22T22:00:00+00:00,1.5687,1.5803,1.5551,1.5721,58.09102402022757,1.5511300000000001,1.4997836817288792,1.3951894999999999,0.02781428571428573,0.017692440502694314,63.69112814895948,1.250000000000004,False,RSI_NOT_BELOW_32|CLOSE_NOT_NEAR_OR_BELOW_LOWER_BB|RSI_RECOVERY_NOT_CONFIRMED
2026-09-23T00:22:44.379726+00:00,SIE_OLD_MR_REGIME_EXHAUSTION_CONFIRM_V1,XRP,XRPUSDT,strategy-lab-v1.0.0:SIE_OLD_MR_REGIME_EXHAUSTION_CONFIRM_V1,1790118000000,2026-09-22T23:00:00+00:00,1.5721,1.5848,1.5685,1.5726,60.15624999999996,1.5539850000000002,1.504567056902384,1.396037,0.027485714285714287,0.01747788012572446,58.09102402022757,1.250000000000002,False,RSI_NOT_BELOW_32|CLOSE_NOT_NEAR_OR_BELOW_LOWER_BB
2026-09-23T00:22:44.379726+00:00,SIE_OLD_MR_REGIME_EXHAUSTION_CONFIRM_V1,XRP,XRPUSDT,strategy-lab-v1.0.0:SIE_OLD_MR_REGIME_EXHAUSTION_CONFIRM_V1,1790121600000,2026-09-23T00:00:00+00:00,1.5728,1.59,1.5693,1.5888,67.91744840525323,1.557825,1.5101488057307504,1.3968855,0.027414285714285724,0.01725471155229464,60.15624999999996,1.249999999999998,False,PLANNED_REWARD_TOO_LOW|RSI_NOT_BELOW_32|CLOSE_NOT_NEAR_OR_BELOW_LOWER_BB
2026-09-23T00:22:44.379726+00:00,SIE_OLD_MR_REGIME_EXHAUSTION_CONFIRM_V1,DOGE,DOGEUSDT,strategy-lab-v1.0.0:SIE_OLD_MR_REGIME_EXHAUSTION_CONFIRM_V1,1790114400000,2026-09-22T22:00:00+00:00,0.10002,0.10108,0.09929,0.10032,55.78231292517007,0.0997265,0.0979144263260048,0.08689949999999999,0.0014092857142857132,0.014047903850535417,57.84695201037612,1.2500000000000024,False,RSI_NOT_BELOW_32|CLOSE_NOT_NEAR_OR_BELOW_LOWER_BB|RSI_RECOVERY_NOT_CONFIRMED
2026-09-23T00:22:44.379726+00:00,SIE_OLD_MR_REGIME_EXHAUSTION_CONFIRM_V1,DOGE,DOGEUSDT,strategy-lab-v1.0.0:SIE_OLD_MR_REGIME_EXHAUSTION_CONFIRM_V1,1790118000000,2026-09-22T23:00:00+00:00,0.10031,0.10131,0.09994,0.10042,62.3145400593471,0.09965349999999999,0.09809434285590371,0.08698130000000001,0.0014071428571428557,0.014012575753264846,55.78231292517007,1.2500000000000049,False,RSI_NOT_BELOW_32|CLOSE_NOT_NEAR_OR_BELOW_LOWER_BB
2026-09-23T00:22:44.379726+00:00,SIE_OLD_MR_REGIME_EXHAUSTION_CONFIRM_V1,DOGE,DOGEUSDT,strategy-lab-v1.0.0:SIE_OLD_MR_REGIME_EXHAUSTION_CONFIRM_V1,1790121600000,2026-09-23T00:00:00+00:00,0.10042,0.10116,0.1002,0.10115,76.0802469135802,0.0997135,0.0980262267559798,0.08706475000000001,0.0013785714285714274,0.01362898100416636,62.3145400593471,1.250000000000005,False,RSI_NOT_BELOW_32|CLOSE_NOT_NEAR_OR_BELOW_LOWER_BB
2026-09-23T00:22:44.379726+00:00,SIE_OLD_MR_REGIME_EXHAUSTION_CONFIRM_V1,BNB,BNBUSDT,strategy-lab-v1.0.0:SIE_OLD_MR_REGIME_EXHAUSTION_CONFIRM_V1,1790114400000,2026-09-22T22:00:00+00:00,784.62,788.09,782.64,787.25,49.468331021729036,787.4345,783.6958559945004,750.1064,4.869285714285711,0.0061851835049675594,48.781630740393666,1.2500000000000118,False,RSI_NOT_BELOW_32|CLOSE_NOT_NEAR_OR_BELOW_LOWER_BB
2026-09-23T00:22:44.379726+00:00,SIE_OLD_MR_REGIME_EXHAUSTION_CONFIRM_V1,BNB,BNBUSDT,strategy-lab-v1.0.0:SIE_OLD_MR_REGIME_EXHAUSTION_CONFIRM_V1,1790118000000,2026-09-22T23:00:00+00:00,787.59,791.23,786.91,788.3,51.422222222222196,787.3745,783.7331240238259,750.436,4.812857142857142,0.006105362352983816,49.468331021729036,1.2500000000000118,False,RSI_NOT_BELOW_32|CLOSE_NOT_NEAR_OR_BELOW_LOWER_BB
2026-09-23T00:22:44.379726+00:00,SIE_OLD_MR_REGIME_EXHAUSTION_CONFIRM_V1,BNB,BNBUSDT,strategy-lab-v1.0.0:SIE_OLD_MR_REGIME_EXHAUSTION_CONFIRM_V1,1790121600000,2026-09-23T00:00:00+00:00,787.92,791.28,787.57,791.09,59.216494845360884,787.565,783.5808237990951,750.7682,4.854285714285709,0.006136199059886623,51.422222222222196,1.2499999999999942,False,PLANNED_REWARD_TOO_LOW|RSI_NOT_BELOW_32|CLOSE_NOT_NEAR_OR_BELOW_LOWER_BB
2026-09-23T00:22:44.379726+00:00,SIE_OLD_MR_REGIME_EXHAUSTION_CONFIRM_V1,PAXG,PAXGUSDT,strategy-lab-v1.0.0:SIE_OLD_MR_REGIME_EXHAUSTION_CONFIRM_V1,1790114400000,2026-09-22T22:00:00+00:00,4357.96,4363.57,4357.79,4360.99,66.9539602880206,4336.7505,4305.954874677542,4338.36245,13.847857142857006,0.003175393005454497,73.35268760446876,1.25,False,TREND_SUPPORT_NOT_CONFIRMED|RSI_NOT_BELOW_32|CLOSE_NOT_NEAR_OR_BELOW_LOWER_BB|RSI_RECOVERY_NOT_CONFIRMED
2026-09-23T00:22:44.379726+00:00,SIE_OLD_MR_REGIME_EXHAUSTION_CONFIRM_V1,PAXG,PAXGUSDT,strategy-lab-v1.0.0:SIE_OLD_MR_REGIME_EXHAUSTION_CONFIRM_V1,1790118000000,2026-09-22T23:00:00+00:00,4360.56,4361.44,4352.58,4359.59,63.64991970635458,4337.701999999999,4305.357367926018,4338.685399999999,12.990714285714148,0.0029798018358868947,66.9539602880206,1.2500000000000175,False,TREND_SUPPORT_NOT_CONFIRMED|RSI_NOT_BELOW_32|CLOSE_NOT_NEAR_OR_BELOW_LOWER_BB|RSI_RECOVERY_NOT_CONFIRMED
2026-09-23T00:22:44.379726+00:00,SIE_OLD_MR_REGIME_EXHAUSTION_CONFIRM_V1,PAXG,PAXGUSDT,strategy-lab-v1.0.0:SIE_OLD_MR_REGIME_EXHAUSTION_CONFIRM_V1,1790121600000,2026-09-23T00:00:00+00:00,4360.81,4364.95,4359.12,4360.71,79.11949685534552,4338.7294999999995,4304.86775965782,4338.8868999999995,12.210714285714143,0.002800166552170207,63.64991970635458,1.2499999999999813,False,TREND_SUPPORT_NOT_CONFIRMED|PLANNED_REWARD_TOO_LOW|RSI_NOT_BELOW_32|CLOSE_NOT_NEAR_OR_BELOW_LOWER_BB
2026-09-23T07:41:38.232637+00:00,SIE_OLD_MR_REGIME_EXHAUSTION_CONFIRM_V1,BTC,BTCUSDT,strategy-lab-v1.0.0:SIE_OLD_MR_REGIME_EXHAUSTION_CONFIRM_V1,1790125200000,2026-09-23T01:00:00+00:00,86461.53,86838.78,86162.53,86360.01,60.635623653339444,86164.0095,85520.71707460325,80074.0492,499.721428571429,0.005786491092016189,66.21435167581109,1.2500000000000073,False,RSI_NOT_BELOW_32|CLOSE_NOT_NEAR_OR_BELOW_LOWER_BB|RSI_RECOVERY_NOT_CONFIRMED
2026-09-23T07:41:38.232637+00:00,SIE_OLD_MR_REGIME_EXHAUSTION_CONFIRM_V1,BTC,BTCUSDT,strategy-lab-v1.0.0:SIE_OLD_MR_REGIME_EXHAUSTION_CONFIRM_V1,1790128800000,2026-09-23T02:00:00+00:00,86354.0,86633.41,86253.0,86538.14,63.260901579821414,86222.955,85676.70636231403,80110.64095,497.8128571428585,0.0057525255008122255,60.635623653339444,1.2500000000000147,False,RSI_NOT_BELOW_32|CLOSE_NOT_NEAR_OR_BELOW_LOWER_BB
2026-09-23T07:41:38.232637+00:00,SIE_OLD_MR_REGIME_EXHAUSTION_CONFIRM_V1,BTC,BTCUSDT,strategy-lab-v1.0.0:SIE_OLD_MR_REGIME_EXHAUSTION_CONFIRM_V1,1790132400000,2026-09-23T03:00:00+00:00,86535.62,86959.3,86413.78,86696.41,60.122036588928594,86290.783,85879.87904158911,80149.20915,479.76571428571543,0.005533859063895672,63.260901579821414,1.25,False,RSI_NOT_BELOW_32|CLOSE_NOT_NEAR_OR_BELOW_LOWER_BB|RSI_RECOVERY_NOT_CONFIRMED
2026-09-23T07:41:38.232637+00:00,SIE_OLD_MR_REGIME_EXHAUSTION_CONFIRM_V1,BTC,BTCUSDT,strategy-lab-v1.0.0:SIE_OLD_MR_REGIME_EXHAUSTION_CONFIRM_V1,1790136000000,2026-09-23T04:00:00+00:00,86696.41,87282.81,86621.19,87164.81,70.98745196598003,86339.0835,85781.76601891342,80189.585,454.4957142857155,0.005214211036377129,60.122036588928594,1.249999999999992,False,PLANNED_REWARD_TOO_LOW|RSI_NOT_BELOW_32|CLOSE_NOT_NEAR_OR_BELOW_LOWER_BB
2026-09-23T07:41:38.232637+00:00,SIE_OLD_MR_REGIME_EXHAUSTION_CONFIRM_V1,BTC,BTCUSDT,strategy-lab-v1.0.0:SIE_OLD_MR_REGIME_EXHAUSTION_CONFIRM_V1,1790139600000,2026-09-23T05:00:00+00:00,87164.81,87172.39,86415.0,86487.46,51.29057358826152,86351.51550000001,85792.6084240986,80228.3088,464.1942857142868,0.005367186014183869,70.98745196598003,1.2500000000000078,False,RSI_NOT_BELOW_32|CLOSE_NOT_NEAR_OR_BELOW_LOWER_BB|RSI_RECOVERY_NOT_CONFIRMED
2026-09-23T07:41:38.232637+00:00,SIE_OLD_MR_REGIME_EXHAUSTION_CONFIRM_V1,BTC,BTCUSDT,strategy-lab-v1.0.0:SIE_OLD_MR_REGIME_EXHAUSTION_CONFIRM_V1,1790143200000,2026-09-23T06:00:00+00:00,86487.46,86608.19,86341.64,86456.51,50.555257491015205,86381.114,85867.64678958667,80267.8849,444.3821428571443,0.005139950049535244,51.29057358826152,1.2499999999999918,False,PLANNED_REWARD_TOO_LOW|RSI_NOT_BELOW_32|CLOSE_NOT_NEAR_OR_BELOW_LOWER_BB|RSI_RECOVERY_NOT_CONFIRMED
2026-09-23T07:41:38.232637+00:00,SIE_OLD_MR_REGIME_EXHAUSTION_CONFIRM_V1,BTC,BTCUSDT,strategy-lab-v1.0.0:SIE_OLD_MR_REGIME_EXHAUSTION_CONFIRM_V1,1790146800000,2026-09-23T07:00:00+00:00,86456.51,86462.0,86139.67,86234.99,43.661850303254774,86394.41,85911.44433373206,80308.1848,437.67785714285856,0.005075409148222299,50.555257491015205,1.2500000000000082,False,RSI_NOT_BELOW_32|CLOSE_NOT_NEAR_OR_BELOW_LOWER_BB|RSI_RECOVERY_NOT_CONFIRMED
2026-09-23T07:41:38.232637+00:00,SIE_OLD_MR_REGIME_EXHAUSTION_CONFIRM_V1,SOL,SOLUSDT,strategy-lab-v1.0.0:SIE_OLD_MR_REGIME_EXHAUSTION_CONFIRM_V1,1790125200000,2026-09-23T01:00:00+00:00,118.82,119.4,117.83,118.35,61.158798283261724,117.68800000000002,116.32624231230163,107.48285,1.0949999999999989,0.009252217997465137,71.24463519313295,1.2499999999999936,False,PLANNED_REWARD_TOO_LOW|RSI_NOT_BELOW_32|CLOSE_NOT_NEAR_OR_BELOW_LOWER_BB|RSI_RECOVERY_NOT_CONFIRMED
2026-09-23T07:41:38.232637+00:00,SIE_OLD_MR_REGIME_EXHAUSTION_CONFIRM_V1,SOL,SOLUSDT,strategy-lab-v1.0.0:SIE_OLD_MR_REGIME_EXHAUSTION_CONFIRM_V1,1790128800000,2026-09-23T02:00:00+00:00,118.34,118.53,117.89,118.47,60.99137931034478,117.78599999999999,116.49730453558426,107.55715000000001,1.07642857142857,0.009086085687756984,61.158798283261724,1.2499999999999967,False,PLANNED_REWARD_TOO_LOW|RSI_NOT_BELOW_32|CLOSE_NOT_NEAR_OR_BELOW_LOWER_BB|RSI_RECOVERY_NOT_CONFIRMED
2026-09-23T07:41:38.232637+00:00,SIE_OLD_MR_REGIME_EXHAUSTION_CONFIRM_V1,SOL,SOLUSDT,strategy-lab-v1.0.0:SIE_OLD_MR_REGIME_EXHAUSTION_CONFIRM_V1,1790132400000,2026-09-23T03:00:00+00:00,118.46,119.63,118.24,119.13,62.13389121338908,117.928,116.70581179845094,107.6365,1.0899999999999983,0.00914966842944681,60.99137931034478,1.2499999999999936,False,PLANNED_REWARD_TOO_LOW|RSI_NOT_BELOW_32|CLOSE_NOT_NEAR_OR_BELOW_LOWER_BB
2026-09-23T07:41:38.232637+00:00,SIE_OLD_MR_REGIME_EXHAUSTION_CONFIRM_V1,SOL,SOLUSDT,strategy-lab-v1.0.0:SIE_OLD_MR_REGIME_EXHAUSTION_CONFIRM_V1,1790136000000,2026-09-23T04:00:00+00:00,119.12,119.75,118.74,119.49,82.01970443349745,118.02799999999999,116.64838266174792,107.71405,1.0135714285714275,0.008482479107636016,62.13389121338908,1.25,False,RSI_NOT_BELOW_32|CLOSE_NOT_NEAR_OR_BELOW_LOWER_BB
2026-09-23T07:41:38.232637+00:00,SIE_OLD_MR_REGIME_EXHAUSTION_CONFIRM_V1,SOL,SOLUSDT,strategy-lab-v1.0.0:SIE_OLD_MR_REGIME_EXHAUSTION_CONFIRM_V1,1790139600000,2026-09-23T05:00:00+00:00,119.5,119.51,118.25,118.41,61.158798283261724,118.077,116.71633692634592,107.7902,1.019285714285713,0.008608105010435884,82.01970443349745,1.2500000000000036,False,RSI_NOT_BELOW_32|CLOSE_NOT_NEAR_OR_BELOW_LOWER_BB|RSI_RECOVERY_NOT_CONFIRMED
2026-09-23T07:41:38.232637+00:00,SIE_OLD_MR_REGIME_EXHAUSTION_CONFIRM_V1,SOL,SOLUSDT,strategy-lab-v1.0.0:SIE_OLD_MR_REGIME_EXHAUSTION_CONFIRM_V1,1790143200000,2026-09-23T06:00:00+00:00,118.4,119.26,118.36,118.93,64.44007858546176,118.1815,116.89806281805232,107.87060000000001,0.9978571428571428,0.008390289606130856,61.158798283261724,1.2499999999999964,False,PLANNED_REWARD_TOO_LOW|RSI_NOT_BELOW_32|CLOSE_NOT_NEAR_OR_BELOW_LOWER_BB
2026-09-23T07:41:38.232637+00:00,SIE_OLD_MR_REGIME_EXHAUSTION_CONFIRM_V1,SOL,SOLUSDT,strategy-lab-v1.0.0:SIE_OLD_MR_REGIME_EXHAUSTION_CONFIRM_V1,1790146800000,2026-09-23T07:00:00+00:00,118.92,119.08,118.0,118.12,51.210428305400455,118.22199999999998,117.0015476248514,107.9486,1.0128571428571433,0.00857481495815394,64.44007858546176,1.250000000000007,False,RSI_NOT_BELOW_32|CLOSE_NOT_NEAR_OR_BELOW_LOWER_BB|RSI_RECOVERY_NOT_CONFIRMED
2026-09-23T07:41:38.232637+00:00,SIE_OLD_MR_REGIME_EXHAUSTION_CONFIRM_V1,XRP,XRPUSDT,strategy-lab-v1.0.0:SIE_OLD_MR_REGIME_EXHAUSTION_CONFIRM_V1,1790125200000,2026-09-23T01:00:00+00:00,1.5862,1.601,1.576,1.5865,66.13861386138609,1.56135,1.517086267667545,1.3976334999999998,0.027607142857142847,0.017401287650263376,67.36641221374043,1.249999999999998,False,PLANNED_REWARD_TOO_LOW|RSI_NOT_BELOW_32|CLOSE_NOT_NEAR_OR_BELOW_LOWER_BB|RSI_RECOVERY_NOT_CONFIRMED
2026-09-23T07:41:38.232637+00:00,SIE_OLD_MR_REGIME_EXHAUSTION_CONFIRM_V1,XRP,XRPUSDT,strategy-lab-v1.0.0:SIE_OLD_MR_REGIME_EXHAUSTION_CONFIRM_V1,1790128800000,2026-09-23T02:00:00+00:00,1.5863,1.6013,1.5742,1.5988,67.67485822306236,1.5653299999999999,1.522655740779725,1.3982415000000001,0.028335714285714273,0.017723113763894342,66.13861386138609,1.25,False,RSI_NOT_BELOW_32|CLOSE_NOT_NEAR_OR_BELOW_LOWER_BB
2026-09-23T07:41:38.232637+00:00,SIE_OLD_MR_REGIME_EXHAUSTION_CONFIRM_V1,XRP,XRPUSDT,strategy-lab-v1.0.0:SIE_OLD_MR_REGIME_EXHAUSTION_CONFIRM_V1,1790132400000,2026-09-23T03:00:00+00:00,1.5994,1.625,1.5867,1.6182,61.165783497350496,1.570305,1.5273368036217578,1.3990120000000001,0.0269142857142857,0.01663223687695322,67.67485822306236,1.25,False,RSI_NOT_BELOW_32|CLOSE_NOT_NEAR_OR_BELOW_LOWER_BB|RSI_RECOVERY_NOT_CONFIRMED
2026-09-23T07:41:38.232637+00:00,SIE_OLD_MR_REGIME_EXHAUSTION_CONFIRM_V1,XRP,XRPUSDT,strategy-lab-v1.0.0:SIE_OLD_MR_REGIME_EXHAUSTION_CONFIRM_V1,1790136000000,2026-09-23T04:00:00+00:00,1.6182,1.6581,1.6097,1.638,78.71674491392795,1.5748799999999998,1.5242269606045287,1.3998865,0.026242857142857123,0.01602128030699458,61.165783497350496,1.25,False,RSI_NOT_BELOW_32|CLOSE_NOT_NEAR_OR_BELOW_LOWER_BB
2026-09-23T07:41:38.232637+00:00,SIE_OLD_MR_REGIME_EXHAUSTION_CONFIRM_V1,XRP,XRPUSDT,strategy-lab-v1.0.0:SIE_OLD_MR_REGIME_EXHAUSTION_CONFIRM_V1,1790139600000,2026-09-23T05:00:00+00:00,1.6388,1.64,1.5976,1.6088,62.299465240641695,1.5782500000000002,1.5279883446353075,1.4007175,0.02763571428571427,0.017177843290473813,78.71674491392795,1.25,False,RSI_NOT_BELOW_32|CLOSE_NOT_NEAR_OR_BELOW_LOWER_BB|RSI_RECOVERY_NOT_CONFIRMED
2026-09-23T07:41:38.232637+00:00,SIE_OLD_MR_REGIME_EXHAUSTION_CONFIRM_V1,XRP,XRPUSDT,strategy-lab-v1.0.0:SIE_OLD_MR_REGIME_EXHAUSTION_CONFIRM_V1,1790143200000,2026-09-23T06:00:00+00:00,1.6087,1.6369,1.6075,1.6266,69.67984934086628,1.5830050000000002,1.5333438894606746,1.4016750000000002,0.02756428571428569,0.016945952117475526,62.299465240641695,1.250000000000002,False,RSI_NOT_BELOW_32|CLOSE_NOT_NEAR_OR_BELOW_LOWER_BB
2026-09-23T07:41:38.232637+00:00,SIE_OLD_MR_REGIME_EXHAUSTION_CONFIRM_V1,XRP,XRPUSDT,strategy-lab-v1.0.0:SIE_OLD_MR_REGIME_EXHAUSTION_CONFIRM_V1,1790146800000,2026-09-23T07:00:00+00:00,1.626,1.6282,1.6159,1.6165,63.77171215880893,1.58695,1.5398752296872404,1.4026435000000002,0.02742857142857142,0.01696787592240731,69.67984934086628,1.250000000000002,False,RSI_NOT_BELOW_32|CLOSE_NOT_NEAR_OR_BELOW_LOWER_BB|RSI_RECOVERY_NOT_CONFIRMED
2026-09-23T07:41:38.232637+00:00,SIE_OLD_MR_REGIME_EXHAUSTION_CONFIRM_V1,DOGE,DOGEUSDT,strategy-lab-v1.0.0:SIE_OLD_MR_REGIME_EXHAUSTION_CONFIRM_V1,1790125200000,2026-09-23T01:00:00+00:00,0.10068,0.10269,0.10068,0.10143,76.79640718562867,0.0997615,0.09797389517790242,0.0871457,0.0014557142857142854,0.014351910536471314,74.38016528925615,1.25,False,RSI_NOT_BELOW_32|CLOSE_NOT_NEAR_OR_BELOW_LOWER_BB
2026-09-23T07:41:38.232637+00:00,SIE_OLD_MR_REGIME_EXHAUSTION_CONFIRM_V1,DOGE,DOGEUSDT,strategy-lab-v1.0.0:SIE_OLD_MR_REGIME_EXHAUSTION_CONFIRM_V1,1790128800000,2026-09-23T02:00:00+00:00,0.1014,0.10372,0.10042,0.10336,76.5151515151514,0.099943,0.09756531120623696,0.0872374,0.0015150000000000005,0.014657507739938087,76.79640718562867,1.2499999999999978,False,PLANNED_REWARD_TOO_LOW|RSI_NOT_BELOW_32|CLOSE_NOT_NEAR_OR_BELOW_LOWER_BB|RSI_RECOVERY_NOT_CONFIRMED
2026-09-23T07:41:38.232637+00:00,SIE_OLD_MR_REGIME_EXHAUSTION_CONFIRM_V1,DOGE,DOGEUSDT,strategy-lab-v1.0.0:SIE_OLD_MR_REGIME_EXHAUSTION_CONFIRM_V1,1790132400000,2026-09-23T03:00:00+00:00,0.10348,0.10434,0.10252,0.10392,74.50657894736833,0.1002005,0.09732364425109874,0.08733344999999999,0.0015278571428571444,0.014702243483998696,76.5151515151514,1.2499999999999978,False,PLANNED_REWARD_TOO_LOW|RSI_NOT_BELOW_32|CLOSE_NOT_NEAR_OR_BELOW_LOWER_BB|RSI_RECOVERY_NOT_CONFIRMED
2026-09-23T07:41:38.232637+00:00,SIE_OLD_MR_REGIME_EXHAUSTION_CONFIRM_V1,DOGE,DOGEUSDT,strategy-lab-v1.0.0:SIE_OLD_MR_REGIME_EXHAUSTION_CONFIRM_V1,1790136000000,2026-09-23T04:00:00+00:00,0.10391,0.10432,0.10327,0.10353,81.91681735985514,0.1004035,0.09720633703887556,0.08742535,0.001412142857142858,0.013639938734114343,74.50657894736833,1.25,False,RSI_NOT_BELOW_32|CLOSE_NOT_NEAR_OR_BELOW_LOWER_BB|RSI_RECOVERY_NOT_CONFIRMED
2026-09-23T07:41:38.232637+00:00,SIE_OLD_MR_REGIME_EXHAUSTION_CONFIRM_V1,DOGE,DOGEUSDT,strategy-lab-v1.0.0:SIE_OLD_MR_REGIME_EXHAUSTION_CONFIRM_V1,1790139600000,2026-09-23T05:00:00+00:00,0.10352,0.10352,0.10106,0.10139,59.061277705345404,0.100535,0.09740337103091921,0.08751055,0.001499285714285715,0.014787313485409952,81.91681735985514,1.2499999999999978,False,PLANNED_REWARD_TOO_LOW|RSI_NOT_BELOW_32|CLOSE_NOT_NEAR_OR_BELOW_LOWER_BB|RSI_RECOVERY_NOT_CONFIRMED
2026-09-23T07:41:38.232637+00:00,SIE_OLD_MR_REGIME_EXHAUSTION_CONFIRM_V1,DOGE,DOGEUSDT,strategy-lab-v1.0.0:SIE_OLD_MR_REGIME_EXHAUSTION_CONFIRM_V1,1790143200000,2026-09-23T06:00:00+00:00,0.10137,0.10281,0.10117,0.1022,67.00125470514428,0.1007565,0.09781775009570635,0.08760115,0.0015064285714285722,0.014740005591277614,59.061277705345404,1.25,False,RSI_NOT_BELOW_32|CLOSE_NOT_NEAR_OR_BELOW_LOWER_BB
2026-09-23T07:41:38.232637+00:00,SIE_OLD_MR_REGIME_EXHAUSTION_CONFIRM_V1,DOGE,DOGEUSDT,strategy-lab-v1.0.0:SIE_OLD_MR_REGIME_EXHAUSTION_CONFIRM_V1,1790146800000,2026-09-23T07:00:00+00:00,0.10219,0.10227,0.10096,0.10103,57.494407158836644,0.1009155,0.09829623693570391,0.08768815,0.0015457142857142861,0.015299557415760529,67.00125470514428,1.2500000000000044,False,RSI_NOT_BELOW_32|CLOSE_NOT_NEAR_OR_BELOW_LOWER_BB|RSI_RECOVERY_NOT_CONFIRMED
2026-09-23T07:41:38.232637+00:00,SIE_OLD_MR_REGIME_EXHAUSTION_CONFIRM_V1,BNB,BNBUSDT,strategy-lab-v1.0.0:SIE_OLD_MR_REGIME_EXHAUSTION_CONFIRM_V1,1790125200000,2026-09-23T01:00:00+00:00,790.72,792.63,787.25,788.75,53.905614320585755,787.6034999999999,783.7312227630442,751.07705,5.148571428571423,0.006527507357935243,57.644539614561126,1.2499999999999944,False,PLANNED_REWARD_TOO_LOW|RSI_NOT_BELOW_32|CLOSE_NOT_NEAR_OR_BELOW_LOWER_BB|RSI_RECOVERY_NOT_CONFIRMED
2026-09-23T07:41:38.232637+00:00,SIE_OLD_MR_REGIME_EXHAUSTION_CONFIRM_V1,BNB,BNBUSDT,strategy-lab-v1.0.0:SIE_OLD_MR_REGIME_EXHAUSTION_CONFIRM_V1,1790128800000,2026-09-23T02:00:00+00:00,788.7,792.92,787.09,792.92,53.39366515837099,787.9314999999999,783.4696650635814,751.40515,5.097857142857135,0.006429220025799747,53.905614320585755,1.2500000000000056,False,RSI_NOT_BELOW_32|CLOSE_NOT_NEAR_OR_BELOW_LOWER_BB|RSI_RECOVERY_NOT_CONFIRMED
2026-09-23T07:41:38.232637+00:00,SIE_OLD_MR_REGIME_EXHAUSTION_CONFIRM_V1,BNB,BNBUSDT,strategy-lab-v1.0.0:SIE_OLD_MR_REGIME_EXHAUSTION_CONFIRM_V1,1790132400000,2026-09-23T03:00:00+00:00,792.96,797.25,792.26,796.33,59.148321905449336,788.5169999999999,782.998804280397,751.7593500000002,4.976428571428569,0.006249203937348296,53.39366515837099,1.2500000000000058,False,RSI_NOT_BELOW_32|CLOSE_NOT_NEAR_OR_BELOW_LOWER_BB
2026-09-23T07:41:38.232637+00:00,SIE_OLD_MR_REGIME_EXHAUSTION_CONFIRM_V1,BNB,BNBUSDT,strategy-lab-v1.0.0:SIE_OLD_MR_REGIME_EXHAUSTION_CONFIRM_V1,1790136000000,2026-09-23T04:00:00+00:00,796.04,799.67,794.22,794.79,66.11536910044362,788.8824999999999,782.7529686149883,752.09965,4.544999999999992,0.005718491677046757,59.148321905449336,1.2500000000000062,False,RSI_NOT_BELOW_32|CLOSE_NOT_NEAR_OR_BELOW_LOWER_BB|RSI_RECOVERY_NOT_CONFIRMED
2026-09-23T07:41:38.232637+00:00,SIE_OLD_MR_REGIME_EXHAUSTION_CONFIRM_V1,BNB,BNBUSDT,strategy-lab-v1.0.0:SIE_OLD_MR_REGIME_EXHAUSTION_CONFIRM_V1,1790139600000,2026-09-23T05:00:00+00:00,794.08,794.39,789.71,790.44,54.93107104984106,789.0215000000001,782.8830856282065,752.4341499999999,4.607857142857126,0.0058294837594974015,66.11536910044362,1.2499999999999938,False,PLANNED_REWARD_TOO_LOW|RSI_NOT_BELOW_32|CLOSE_NOT_NEAR_OR_BELOW_LOWER_BB|RSI_RECOVERY_NOT_CONFIRMED
2026-09-23T07:41:38.232637+00:00,SIE_OLD_MR_REGIME_EXHAUSTION_CONFIRM_V1,BNB,BNBUSDT,strategy-lab-v1.0.0:SIE_OLD_MR_REGIME_EXHAUSTION_CONFIRM_V1,1790143200000,2026-09-23T06:00:00+00:00,790.7,792.58,790.16,791.59,53.754080522306936,789.2700000000001,783.1381878698185,752.78,4.352857142857131,0.005498878387621282,54.93107104984106,1.250000000000013,False,RSI_NOT_BELOW_32|CLOSE_NOT_NEAR_OR_BELOW_LOWER_BB|RSI_RECOVERY_NOT_CONFIRMED
2026-09-23T07:41:38.232637+00:00,SIE_OLD_MR_REGIME_EXHAUSTION_CONFIRM_V1,BNB,BNBUSDT,strategy-lab-v1.0.0:SIE_OLD_MR_REGIME_EXHAUSTION_CONFIRM_V1,1790146800000,2026-09-23T07:00:00+00:00,791.48,791.48,787.09,788.22,49.28500166278691,789.3394999999999,783.288914986975,753.1184999999999,4.442142857142845,0.005635663719701155,53.754080522306936,1.2499999999999936,False,PLANNED_REWARD_TOO_LOW|RSI_NOT_BELOW_32|CLOSE_NOT_NEAR_OR_BELOW_LOWER_BB|RSI_RECOVERY_NOT_CONFIRMED
2026-09-23T07:41:38.232637+00:00,SIE_OLD_MR_REGIME_EXHAUSTION_CONFIRM_V1,PAXG,PAXGUSDT,strategy-lab-v1.0.0:SIE_OLD_MR_REGIME_EXHAUSTION_CONFIRM_V1,1790125200000,2026-09-23T01:00:00+00:00,4353.78,4354.65,4337.01,4338.7,58.37592936802961,4339.168,4306.846633320956,4338.9572499999995,12.96785714285696,0.002988880803663992,72.75468729513533,1.2499999999999825,False,PLANNED_REWARD_TOO_LOW|RSI_NOT_BELOW_32|CLOSE_NOT_NEAR_OR_BELOW_LOWER_BB|CLOSE_NOT_ABOVE_MA200|RSI_RECOVERY_NOT_CONFIRMED
2026-09-23T07:41:38.232637+00:00,SIE_OLD_MR_REGIME_EXHAUSTION_CONFIRM_V1,PAXG,PAXGUSDT,strategy-lab-v1.0.0:SIE_OLD_MR_REGIME_EXHAUSTION_CONFIRM_V1,1790128800000,2026-09-23T02:00:00+00:00,4337.57,4338.58,4331.0,4331.56,48.37198125675837,4339.8550000000005,4308.819346631638,4339.0498,12.119999999999825,0.0027980681324972583,58.37592936802961,1.2499999999999813,False,PLANNED_REWARD_TOO_LOW|RSI_NOT_BELOW_32|CLOSE_NOT_NEAR_OR_BELOW_LOWER_BB|CLOSE_NOT_ABOVE_MA200|RSI_RECOVERY_NOT_CONFIRMED
2026-09-23T07:41:38.232637+00:00,SIE_OLD_MR_REGIME_EXHAUSTION_CONFIRM_V1,PAXG,PAXGUSDT,strategy-lab-v1.0.0:SIE_OLD_MR_REGIME_EXHAUSTION_CONFIRM_V1,1790132400000,2026-09-23T03:00:00+00:00,4331.54,4342.93,4331.01,4341.8,53.86514923770656,4341.7945,4315.767380701062,4339.3099,12.014999999999873,0.0027672854576442653,48.37198125675837,1.25,False,RSI_NOT_BELOW_32|CLOSE_NOT_NEAR_OR_BELOW_LOWER_BB
2026-09-23T07:41:38.232637+00:00,SIE_OLD_MR_REGIME_EXHAUSTION_CONFIRM_V1,PAXG,PAXGUSDT,strategy-lab-v1.0.0:SIE_OLD_MR_REGIME_EXHAUSTION_CONFIRM_V1,1790136000000,2026-09-23T04:00:00+00:00,4341.48,4345.06,4340.99,4342.17,58.71282527881041,4342.407499999999,4316.957788901421,4339.48695,10.947857142857108,0.0025212870852263057,53.86514923770656,1.2499999999999585,False,PLANNED_REWARD_TOO_LOW|RSI_NOT_BELOW_32|CLOSE_NOT_NEAR_OR_BELOW_LOWER_BB
2026-09-23T07:41:38.232637+00:00,SIE_OLD_MR_REGIME_EXHAUSTION_CONFIRM_V1,PAXG,PAXGUSDT,strategy-lab-v1.0.0:SIE_OLD_MR_REGIME_EXHAUSTION_CONFIRM_V1,1790139600000,2026-09-23T05:00:00+00:00,4340.84,4342.68,4327.71,4333.16,50.979313380281546,4342.276,4316.664213338365,4339.6375,11.05714285714287,0.002551750421665221,58.71282527881041,1.2499999999999793,False,PLANNED_REWARD_TOO_LOW|RSI_NOT_BELOW_32|CLOSE_NOT_NEAR_OR_BELOW_LOWER_BB|CLOSE_NOT_ABOVE_MA200|RSI_RECOVERY_NOT_CONFIRMED
2026-09-23T07:41:38.232637+00:00,SIE_OLD_MR_REGIME_EXHAUSTION_CONFIRM_V1,PAXG,PAXGUSDT,strategy-lab-v1.0.0:SIE_OLD_MR_REGIME_EXHAUSTION_CONFIRM_V1,1790143200000,2026-09-23T06:00:00+00:00,4332.12,4333.53,4325.87,4329.0,45.74515482290023,4342.773999999999,4318.644356488312,4339.76745,10.328571428571454,0.0023859023859023917,50.979313380281546,1.249999999999978,False,PLANNED_REWARD_TOO_LOW|RSI_NOT_BELOW_32|CLOSE_NOT_NEAR_OR_BELOW_LOWER_BB|CLOSE_NOT_ABOVE_MA200|RSI_RECOVERY_NOT_CONFIRMED
2026-09-23T07:41:38.232637+00:00,SIE_OLD_MR_REGIME_EXHAUSTION_CONFIRM_V1,PAXG,PAXGUSDT,strategy-lab-v1.0.0:SIE_OLD_MR_REGIME_EXHAUSTION_CONFIRM_V1,1790146800000,2026-09-23T07:00:00+00:00,4329.0,4329.0,4320.0,4320.04,32.2167371885283,4342.562,4317.722087278714,4339.89735,9.900714285714328,0.0022918107901117417,45.74515482290023,1.2500000000000229,False,RSI_NOT_BELOW_32|CLOSE_NOT_NEAR_OR_BELOW_LOWER_BB|CLOSE_NOT_ABOVE_MA200|RSI_RECOVERY_NOT_CONFIRMED
2026-09-23T13:35:41.257085+00:00,SIE_OLD_MR_REGIME_EXHAUSTION_CONFIRM_V1,BTC,BTCUSDT,strategy-lab-v1.0.0:SIE_OLD_MR_REGIME_EXHAUSTION_CONFIRM_V1,1790150400000,2026-09-23T08:00:00+00:00,86128.2,86273.82,85666.56,85901.81,40.527327455599945,86383.36750000001,85871.77084363304,80347.46955,462.64071428571646,0.005385692272208426,42.04751616879242,1.25,False,RSI_NOT_BELOW_32|RSI_RECOVERY_NOT_CONFIRMED
2026-09-23T13:35:41.257085+00:00,SIE_OLD_MR_REGIME_EXHAUSTION_CONFIRM_V1,BTC,BTCUSDT,strategy-lab-v1.0.0:SIE_OLD_MR_REGIME_EXHAUSTION_CONFIRM_V1,1790154000000,2026-09-23T09:00:00+00:00,85901.81,86039.49,85720.0,85848.87,43.51042752680768,86359.35399999999,85797.2384093722,80387.24449999999,452.6035714285733,0.005272097016868985,40.527327455599945,1.25,False,RSI_NOT_BELOW_32|CLOSE_NOT_NEAR_OR_BELOW_LOWER_BB|RSI_RECOVERY_NOT_CONFIRMED
2026-09-23T13:35:41.257085+00:00,SIE_OLD_MR_REGIME_EXHAUSTION_CONFIRM_V1,BTC,BTCUSDT,strategy-lab-v1.0.0:SIE_OLD_MR_REGIME_EXHAUSTION_CONFIRM_V1,1790157600000,2026-09-23T10:00:00+00:00,85848.88,85919.8,85636.4,85906.66,43.262023426114375,86342.54250000001,85748.30598987479,80427.3438,454.54857142857406,0.005291191293301055,43.51042752680768,1.25,False,RSI_NOT_BELOW_32|CLOSE_NOT_NEAR_OR_BELOW_LOWER_BB|RSI_RECOVERY_NOT_CONFIRMED
2026-09-23T13:35:41.257085+00:00,SIE_OLD_MR_REGIME_EXHAUSTION_CONFIRM_V1,BTC,BTCUSDT,strategy-lab-v1.0.0:SIE_OLD_MR_REGIME_EXHAUSTION_CONFIRM_V1,1790161200000,2026-09-23T11:00:00+00:00,85906.67,85957.96,85431.08,85637.71,40.70140633357951,86303.538,85636.26245104383,80467.23075,478.8028571428596,0.005591028264801331,43.262023426114375,1.2500000000000075,False,RSI_NOT_BELOW_32|RSI_RECOVERY_NOT_CONFIRMED
2026-09-23T13:35:41.257085+00:00,SIE_OLD_MR_REGIME_EXHAUSTION_CONFIRM_V1,BTC,BTCUSDT,strategy-lab-v1.0.0:SIE_OLD_MR_REGIME_EXHAUSTION_CONFIRM_V1,1790164800000,2026-09-23T12:00:00+00:00,85637.71,85673.17,85216.15,85482.1,39.49195858408018,86256.32849999999,85502.48489716073,80506.9025,489.20857142857443,0.005722935812627139,40.70140633357951,1.2500000000000149,False,RSI_NOT_BELOW_32|RSI_RECOVERY_NOT_CONFIRMED
2026-09-23T13:35:41.257085+00:00,SIE_OLD_MR_REGIME_EXHAUSTION_CONFIRM_V1,BTC,BTCUSDT,strategy-lab-v1.0.0:SIE_OLD_MR_REGIME_EXHAUSTION_CONFIRM_V1,1790168400000,2026-09-23T13:00:00+00:00,85482.1,85600.0,85261.15,85556.47,39.45616018721818,86204.773,85408.74336991415,80546.6348,482.54571428571734,0.005640084429450132,39.49195858408018,1.249999999999985,False,PLANNED_REWARD_TOO_LOW|RSI_NOT_BELOW_32|CLOSE_NOT_NEAR_OR_BELOW_LOWER_BB|RSI_RECOVERY_NOT_CONFIRMED
2026-09-23T13:35:41.257085+00:00,SIE_OLD_MR_REGIME_EXHAUSTION_CONFIRM_V1,SOL,SOLUSDT,strategy-lab-v1.0.0:SIE_OLD_MR_REGIME_EXHAUSTION_CONFIRM_V1,1790150400000,2026-09-23T08:00:00+00:00,117.89,118.32,116.95,117.37,43.361344537815214,118.2065,116.96775426337534,108.02195,1.0842857142857139,0.00923818449591645,49.10714285714291,1.2500000000000033,False,RSI_NOT_BELOW_32|CLOSE_NOT_NEAR_OR_BELOW_LOWER_BB|RSI_RECOVERY_NOT_CONFIRMED
2026-09-23T13:35:41.257085+00:00,SIE_OLD_MR_REGIME_EXHAUSTION_CONFIRM_V1,SOL,SOLUSDT,strategy-lab-v1.0.0:SIE_OLD_MR_REGIME_EXHAUSTION_CONFIRM_V1,1790154000000,2026-09-23T09:00:00+00:00,117.38,117.74,117.08,117.38,42.294520547945154,118.17699999999999,116.88997086279844,108.09764999999999,1.0642857142857136,0.009067010685685072,43.361344537815214,1.2500000000000067,False,RSI_NOT_BELOW_32|CLOSE_NOT_NEAR_OR_BELOW_LOWER_BB|RSI_RECOVERY_NOT_CONFIRMED
2026-09-23T13:35:41.257085+00:00,SIE_OLD_MR_REGIME_EXHAUSTION_CONFIRM_V1,SOL,SOLUSDT,strategy-lab-v1.0.0:SIE_OLD_MR_REGIME_EXHAUSTION_CONFIRM_V1,1790157600000,2026-09-23T10:00:00+00:00,117.38,117.63,116.85,117.62,46.56357388316159,118.2135,117.0379614000358,108.17605000000002,1.0778571428571422,0.009163893409769955,42.294520547945154,1.2499999999999933,False,PLANNED_REWARD_TOO_LOW|RSI_NOT_BELOW_32|CLOSE_NOT_NEAR_OR_BELOW_LOWER_BB
2026-09-23T13:35:41.257085+00:00,SIE_OLD_MR_REGIME_EXHAUSTION_CONFIRM_V1,SOL,SOLUSDT,strategy-lab-v1.0.0:SIE_OLD_MR_REGIME_EXHAUSTION_CONFIRM_V1,1790161200000,2026-09-23T11:00:00+00:00,117.63,117.69,116.47,117.08,41.8789808917198,118.199,116.97600531480886,108.25375,1.1207142857142844,0.009572209478256615,46.56357388316159,1.2500000000000064,False,RSI_NOT_BELOW_32|RSI_RECOVERY_NOT_CONFIRMED
2026-09-23T13:35:41.257085+00:00,SIE_OLD_MR_REGIME_EXHAUSTION_CONFIRM_V1,SOL,SOLUSDT,strategy-lab-v1.0.0:SIE_OLD_MR_REGIME_EXHAUSTION_CONFIRM_V1,1790164800000,2026-09-23T12:00:00+00:00,117.07,117.25,116.51,116.89,37.04918032786888,118.17049999999999,116.85675002378466,108.33194999999999,1.0814285714285705,0.009251677401219698,41.8789808917198,1.2499999999999933,False,PLANNED_REWARD_TOO_LOW|RSI_NOT_BELOW_32|RSI_RECOVERY_NOT_CONFIRMED
2026-09-23T13:35:41.257085+00:00,SIE_OLD_MR_REGIME_EXHAUSTION_CONFIRM_V1,SOL,SOLUSDT,strategy-lab-v1.0.0:SIE_OLD_MR_REGIME_EXHAUSTION_CONFIRM_V1,1790168400000,2026-09-23T13:00:00+00:00,116.87,116.93,115.92,116.68,34.88745980707398,118.10499999999999,116.63987884459823,108.40879999999999,1.0735714285714286,0.009200989274695136,37.04918032786888,1.25,False,RSI_NOT_BELOW_32|RSI_RECOVERY_NOT_CONFIRMED
2026-09-23T13:35:41.257085+00:00,SIE_OLD_MR_REGIME_EXHAUSTION_CONFIRM_V1,XRP,XRPUSDT,strategy-lab-v1.0.0:SIE_OLD_MR_REGIME_EXHAUSTION_CONFIRM_V1,1790150400000,2026-09-23T08:00:00+00:00,1.6169,1.6217,1.5849,1.5973,54.513481828839346,1.589695,1.547042099746921,1.4035354999999998,0.02892142857142856,0.018106447487277633,63.89061528899936,1.25,False,RSI_NOT_BELOW_32|CLOSE_NOT_NEAR_OR_BELOW_LOWER_BB|RSI_RECOVERY_NOT_CONFIRMED
2026-09-23T13:35:41.257085+00:00,SIE_OLD_MR_REGIME_EXHAUSTION_CONFIRM_V1,XRP,XRPUSDT,strategy-lab-v1.0.0:SIE_OLD_MR_REGIME_EXHAUSTION_CONFIRM_V1,1790154000000,2026-09-23T09:00:00+00:00,1.5972,1.6037,1.5904,1.594,51.845238095238095,1.58996,1.5472692796968814,1.4043949999999998,0.02715714285714283,0.01703710342355259,54.513481828839346,1.25,False,RSI_NOT_BELOW_32|CLOSE_NOT_NEAR_OR_BELOW_LOWER_BB|RSI_RECOVERY_NOT_CONFIRMED
2026-09-23T13:35:41.257085+00:00,SIE_OLD_MR_REGIME_EXHAUSTION_CONFIRM_V1,XRP,XRPUSDT,strategy-lab-v1.0.0:SIE_OLD_MR_REGIME_EXHAUSTION_CONFIRM_V1,1790157600000,2026-09-23T10:00:00+00:00,1.594,1.5989,1.5773,1.5944,57.18954248366015,1.59145,1.550353357801408,1.4052514999999999,0.026964285714285694,0.01691187011683749,51.845238095238095,1.249999999999998,False,PLANNED_REWARD_TOO_LOW|RSI_NOT_BELOW_32|CLOSE_NOT_NEAR_OR_BELOW_LOWER_BB
2026-09-23T13:35:41.257085+00:00,SIE_OLD_MR_REGIME_EXHAUSTION_CONFIRM_V1,XRP,XRPUSDT,strategy-lab-v1.0.0:SIE_OLD_MR_REGIME_EXHAUSTION_CONFIRM_V1,1790161200000,2026-09-23T11:00:00+00:00,1.5942,1.5969,1.5324,1.5728,51.199531889994155,1.59149,1.5504676694957602,1.406035,0.03045714285714285,0.019364917889841588,57.18954248366015,1.2500000000000036,False,RSI_NOT_BELOW_32|CLOSE_NOT_NEAR_OR_BELOW_LOWER_BB|RSI_RECOVERY_NOT_CONFIRMED
2026-09-23T13:35:41.257085+00:00,SIE_OLD_MR_REGIME_EXHAUSTION_CONFIRM_V1,XRP,XRPUSDT,strategy-lab-v1.0.0:SIE_OLD_MR_REGIME_EXHAUSTION_CONFIRM_V1,1790164800000,2026-09-23T12:00:00+00:00,1.5727,1.574,1.5589,1.5667,48.444700460829466,1.5916299999999999,1.550967727559824,1.4068015,0.02973571428571428,0.018979839334725395,51.199531889994155,1.2499999999999962,False,PLANNED_REWARD_TOO_LOW|RSI_NOT_BELOW_32|CLOSE_NOT_NEAR_OR_BELOW_LOWER_BB|RSI_RECOVERY_NOT_CONFIRMED
2026-09-23T13:35:41.257085+00:00,SIE_OLD_MR_REGIME_EXHAUSTION_CONFIRM_V1,XRP,XRPUSDT,strategy-lab-v1.0.0:SIE_OLD_MR_REGIME_EXHAUSTION_CONFIRM_V1,1790168400000,2026-09-23T13:00:00+00:00,1.5666,1.578,1.5538,1.5734,50.22246941045604,1.591695,1.5511538369678535,1.4076280000000003,0.030299999999999994,0.019257658573789242,48.444700460829466,1.2499999999999962,False,PLANNED_REWARD_TOO_LOW|RSI_NOT_BELOW_32|CLOSE_NOT_NEAR_OR_BELOW_LOWER_BB
2026-09-23T13:35:41.257085+00:00,SIE_OLD_MR_REGIME_EXHAUSTION_CONFIRM_V1,DOGE,DOGEUSDT,strategy-lab-v1.0.0:SIE_OLD_MR_REGIME_EXHAUSTION_CONFIRM_V1,1790150400000,2026-09-23T08:00:00+00:00,0.10088,0.10164,0.0989,0.09974,49.10000000000001,0.10090099999999999,0.09827207702661499,0.0877674,0.0016985714285714282,0.017029992265604855,56.42151481888037,1.250000000000002,False,RSI_NOT_BELOW_32|CLOSE_NOT_NEAR_OR_BELOW_LOWER_BB|RSI_RECOVERY_NOT_CONFIRMED
2026-09-23T13:35:41.257085+00:00,SIE_OLD_MR_REGIME_EXHAUSTION_CONFIRM_V1,DOGE,DOGEUSDT,strategy-lab-v1.0.0:SIE_OLD_MR_REGIME_EXHAUSTION_CONFIRM_V1,1790154000000,2026-09-23T09:00:00+00:00,0.09973,0.10034,0.09958,0.09989,49.30278884462158,0.10084850000000001,0.0981831049073371,0.08784799999999998,0.0016821428571428573,0.016839952519199692,49.10000000000001,1.25,False,RSI_NOT_BELOW_32|CLOSE_NOT_NEAR_OR_BELOW_LOWER_BB
2026-09-23T13:35:41.257085+00:00,SIE_OLD_MR_REGIME_EXHAUSTION_CONFIRM_V1,DOGE,DOGEUSDT,strategy-lab-v1.0.0:SIE_OLD_MR_REGIME_EXHAUSTION_CONFIRM_V1,1790157600000,2026-09-23T10:00:00+00:00,0.09989,0.1002,0.0992,0.10007,49.950835791543774,0.10085200000000001,0.09819089045697262,0.08792939999999999,0.0016742857142857145,0.016731145341118362,49.30278884462158,1.2500000000000042,False,RSI_NOT_BELOW_32|CLOSE_NOT_NEAR_OR_BELOW_LOWER_BB
2026-09-23T13:35:41.257085+00:00,SIE_OLD_MR_REGIME_EXHAUSTION_CONFIRM_V1,DOGE,DOGEUSDT,strategy-lab-v1.0.0:SIE_OLD_MR_REGIME_EXHAUSTION_CONFIRM_V1,1790161200000,2026-09-23T11:00:00+00:00,0.10004,0.10024,0.09884,0.09934,47.037037037037045,0.10081899999999999,0.0981006924383007,0.0880096,0.001722857142857143,0.017343035462624754,49.950835791543774,1.25,False,RSI_NOT_BELOW_32|CLOSE_NOT_NEAR_OR_BELOW_LOWER_BB|RSI_RECOVERY_NOT_CONFIRMED
2026-09-23T13:35:41.257085+00:00,SIE_OLD_MR_REGIME_EXHAUSTION_CONFIRM_V1,DOGE,DOGEUSDT,strategy-lab-v1.0.0:SIE_OLD_MR_REGIME_EXHAUSTION_CONFIRM_V1,1790164800000,2026-09-23T12:00:00+00:00,0.09938,0.09975,0.09867,0.09945,45.88457899716174,0.100817,0.09809472815464887,0.08809105,0.0016721428571428582,0.016813905049199177,47.037037037037045,1.249999999999998,False,PLANNED_REWARD_TOO_LOW|RSI_NOT_BELOW_32|CLOSE_NOT_NEAR_OR_BELOW_LOWER_BB|RSI_RECOVERY_NOT_CONFIRMED
2026-09-23T13:35:41.257085+00:00,SIE_OLD_MR_REGIME_EXHAUSTION_CONFIRM_V1,DOGE,DOGEUSDT,strategy-lab-v1.0.0:SIE_OLD_MR_REGIME_EXHAUSTION_CONFIRM_V1,1790168400000,2026-09-23T13:00:00+00:00,0.09945,0.09972,0.09857,0.09972,46.741154562383656,0.10081849999999999,0.09809868180754824,0.08817365,0.0016564285714285726,0.01661079594292592,45.88457899716174,1.249999999999998,False,PLANNED_REWARD_TOO_LOW|RSI_NOT_BELOW_32|CLOSE_NOT_NEAR_OR_BELOW_LOWER_BB
2026-09-23T13:35:41.257085+00:00,SIE_OLD_MR_REGIME_EXHAUSTION_CONFIRM_V1,BNB,BNBUSDT,strategy-lab-v1.0.0:SIE_OLD_MR_REGIME_EXHAUSTION_CONFIRM_V1,1790150400000,2026-09-23T08:00:00+00:00,788.74,790.96,784.0,786.26,47.606810150979754,789.1020000000001,782.9838022261586,753.4572999999999,4.704999999999992,0.005984025640373403,49.71486078497155,1.249999999999994,False,PLANNED_REWARD_TOO_LOW|RSI_NOT_BELOW_32|CLOSE_NOT_NEAR_OR_BELOW_LOWER_BB|RSI_RECOVERY_NOT_CONFIRMED
2026-09-23T13:35:41.257085+00:00,SIE_OLD_MR_REGIME_EXHAUSTION_CONFIRM_V1,BNB,BNBUSDT,strategy-lab-v1.0.0:SIE_OLD_MR_REGIME_EXHAUSTION_CONFIRM_V1,1790154000000,2026-09-23T09:00:00+00:00,786.03,788.41,781.62,782.26,44.12027389103895,788.652,781.9398063198504,753.7655500000001,4.860714285714274,0.0062136812386089976,47.606810150979754,1.2500000000000118,False,RSI_NOT_BELOW_32|RSI_RECOVERY_NOT_CONFIRMED
2026-09-23T13:35:41.257085+00:00,SIE_OLD_MR_REGIME_EXHAUSTION_CONFIRM_V1,BNB,BNBUSDT,strategy-lab-v1.0.0:SIE_OLD_MR_REGIME_EXHAUSTION_CONFIRM_V1,1790157600000,2026-09-23T10:00:00+00:00,782.69,785.51,781.23,785.28,50.68181818181821,788.576,781.7482232022538,754.08515,4.930714285714275,0.00627892507858888,44.12027389103895,1.2499999999999942,False,PLANNED_REWARD_TOO_LOW|RSI_NOT_BELOW_32|CLOSE_NOT_NEAR_OR_BELOW_LOWER_BB
2026-09-23T13:35:41.257085+00:00,SIE_OLD_MR_REGIME_EXHAUSTION_CONFIRM_V1,BNB,BNBUSDT,strategy-lab-v1.0.0:SIE_OLD_MR_REGIME_EXHAUSTION_CONFIRM_V1,1790161200000,2026-09-23T11:00:00+00:00,785.13,786.16,780.89,782.94,48.42562432138984,788.3405,781.0894242867115,754.3941,5.175714285714272,0.00661061420506587,50.68181818181821,1.2500000000000109,False,RSI_NOT_BELOW_32|CLOSE_NOT_NEAR_OR_BELOW_LOWER_BB|RSI_RECOVERY_NOT_CONFIRMED
2026-09-23T13:35:41.257085+00:00,SIE_OLD_MR_REGIME_EXHAUSTION_CONFIRM_V1,BNB,BNBUSDT,strategy-lab-v1.0.0:SIE_OLD_MR_REGIME_EXHAUSTION_CONFIRM_V1,1790164800000,2026-09-23T12:00:00+00:00,782.35,782.35,776.28,779.38,39.436241610738286,787.8335,779.6280279843361,754.68845,5.262142857142846,0.006751703735203426,48.42562432138984,1.25,False,RSI_NOT_BELOW_32|RSI_RECOVERY_NOT_CONFIRMED
2026-09-23T13:35:41.257085+00:00,SIE_OLD_MR_REGIME_EXHAUSTION_CONFIRM_V1,BNB,BNBUSDT,strategy-lab-v1.0.0:SIE_OLD_MR_REGIME_EXHAUSTION_CONFIRM_V1,1790168400000,2026-09-23T13:00:00+00:00,778.68,781.81,776.74,780.48,39.517426273458575,787.4250000000001,778.6304710188753,754.9806,5.315714285714266,0.006810827036841772,39.436241610738286,1.2500000000000053,False,RSI_NOT_BELOW_32|CLOSE_NOT_NEAR_OR_BELOW_LOWER_BB
2026-09-23T13:35:41.257085+00:00,SIE_OLD_MR_REGIME_EXHAUSTION_CONFIRM_V1,PAXG,PAXGUSDT,strategy-lab-v1.0.0:SIE_OLD_MR_REGIME_EXHAUSTION_CONFIRM_V1,1790150400000,2026-09-23T08:00:00+00:00,4319.89,4321.62,4314.93,4318.22,29.738986654069052,4341.790999999999,4315.073917898833,4340.013000000001,9.727857142857115,0.0022527469982671364,32.457075192421456,1.2500000000000233,False,CLOSE_NOT_NEAR_OR_BELOW_LOWER_BB|CLOSE_NOT_ABOVE_MA200|RSI_RECOVERY_NOT_CONFIRMED
2026-09-23T13:35:41.257085+00:00,SIE_OLD_MR_REGIME_EXHAUSTION_CONFIRM_V1,PAXG,PAXGUSDT,strategy-lab-v1.0.0:SIE_OLD_MR_REGIME_EXHAUSTION_CONFIRM_V1,1790154000000,2026-09-23T09:00:00+00:00,4317.37,4320.05,4310.41,4313.28,19.803335822753084,4340.725,4311.373843634358,4340.03255,9.412142857142824,0.002182131198796003,29.738986654069052,1.2499999999999758,False,PLANNED_REWARD_TOO_LOW|CLOSE_NOT_NEAR_OR_BELOW_LOWER_BB|CLOSE_NOT_ABOVE_MA200|RSI_RECOVERY_NOT_CONFIRMED
2026-09-23T13:35:41.257085+00:00,SIE_OLD_MR_REGIME_EXHAUSTION_CONFIRM_V1,PAXG,PAXGUSDT,strategy-lab-v1.0.0:SIE_OLD_MR_REGIME_EXHAUSTION_CONFIRM_V1,1790157600000,2026-09-23T10:00:00+00:00,4318.74,4318.74,4312.71,4316.99,25.17321016166281,4340.215999999999,4309.615730458697,4340.0465,9.102142857142749,0.0021084465929137545,19.803335822753084,1.250000000000025,False,CLOSE_NOT_NEAR_OR_BELOW_LOWER_BB|CLOSE_NOT_ABOVE_MA200
2026-09-23T13:35:41.257085+00:00,SIE_OLD_MR_REGIME_EXHAUSTION_CONFIRM_V1,PAXG,PAXGUSDT,strategy-lab-v1.0.0:SIE_OLD_MR_REGIME_EXHAUSTION_CONFIRM_V1,1790161200000,2026-09-23T11:00:00+00:00,4315.05,4315.33,4296.0,4313.56,23.727766798418415,4339.325,4306.772051439227,4340.08485,10.411428571428457,0.002413651037989145,25.17321016166281,1.2499999999999782,False,TREND_SUPPORT_NOT_CONFIRMED|PLANNED_REWARD_TOO_LOW|CLOSE_NOT_NEAR_OR_BELOW_LOWER_BB|CLOSE_NOT_ABOVE_MA200|RSI_RECOVERY_NOT_CONFIRMED
2026-09-23T13:35:41.257085+00:00,SIE_OLD_MR_REGIME_EXHAUSTION_CONFIRM_V1,PAXG,PAXGUSDT,strategy-lab-v1.0.0:SIE_OLD_MR_REGIME_EXHAUSTION_CONFIRM_V1,1790164800000,2026-09-23T12:00:00+00:00,4314.29,4317.49,4301.91,4309.77,17.931379914850893,4337.9815,4302.971040834198,4340.1055,10.990714285714214,0.0025501858070649274,23.727766798418415,1.2500000000000207,False,TREND_SUPPORT_NOT_CONFIRMED|CLOSE_NOT_NEAR_OR_BELOW_LOWER_BB|CLOSE_NOT_ABOVE_MA200|RSI_RECOVERY_NOT_CONFIRMED
2026-09-23T13:35:41.257085+00:00,SIE_OLD_MR_REGIME_EXHAUSTION_CONFIRM_V1,PAXG,PAXGUSDT,strategy-lab-v1.0.0:SIE_OLD_MR_REGIME_EXHAUSTION_CONFIRM_V1,1790168400000,2026-09-23T13:00:00+00:00,4307.49,4312.28,4300.28,4302.77,16.75637725251562,4335.6050000000005,4297.912001976492,4340.15595,11.21499999999995,0.0026064604894056502,17.931379914850893,1.25,False,TREND_SUPPORT_NOT_CONFIRMED|CLOSE_NOT_NEAR_OR_BELOW_LOWER_BB|CLOSE_NOT_ABOVE_MA200|RSI_RECOVERY_NOT_CONFIRMED
2026-09-23T18:22:15.990445+00:00,SIE_OLD_MR_REGIME_EXHAUSTION_CONFIRM_V1,BTC,BTCUSDT,strategy-lab-v1.0.0:SIE_OLD_MR_REGIME_EXHAUSTION_CONFIRM_V1,1790172000000,2026-09-23T14:00:00+00:00,85783.0,85932.51,83799.24,84521.36,27.26627202294749,86118.691,85065.93344114492,80584.0492,622.317857142859,0.007362847180202247,43.651670097920736,1.2500000000000118,False,RSI_RECOVERY_NOT_CONFIRMED
2026-09-23T18:22:15.990445+00:00,SIE_OLD_MR_REGIME_EXHAUSTION_CONFIRM_V1,BTC,BTCUSDT,strategy-lab-v1.0.0:SIE_OLD_MR_REGIME_EXHAUSTION_CONFIRM_V1,1790175600000,2026-09-23T15:00:00+00:00,84521.35,84790.47,83950.0,83998.33,24.814979119833907,86008.0505,84609.19025418937,80619.64775,634.0478571428591,0.007548338843675334,27.26627202294749,1.2500000000000058,False,RSI_RECOVERY_NOT_CONFIRMED
2026-09-23T18:22:15.990445+00:00,SIE_OLD_MR_REGIME_EXHAUSTION_CONFIRM_V1,BTC,BTCUSDT,strategy-lab-v1.0.0:SIE_OLD_MR_REGIME_EXHAUSTION_CONFIRM_V1,1790179200000,2026-09-23T16:00:00+00:00,84000.01,84353.75,83513.0,84030.09,22.392229470157048,85895.4975,84260.3564795968,80655.0229,666.9292857142874,0.007936791281721672,24.814979119833907,1.25,False,RSI_RECOVERY_NOT_CONFIRMED
2026-09-23T18:22:15.990445+00:00,SIE_OLD_MR_REGIME_EXHAUSTION_CONFIRM_V1,BTC,BTCUSDT,strategy-lab-v1.0.0:SIE_OLD_MR_REGIME_EXHAUSTION_CONFIRM_V1,1790182800000,2026-09-23T17:00:00+00:00,84030.1,84386.91,83691.84,84314.47,24.488689915174305,85801.8695,84035.07786018813,80691.86165,677.6114285714305,0.008036715744894446,22.392229470157048,1.2500000000000107,False,CLOSE_NOT_NEAR_OR_BELOW_LOWER_BB
2026-09-23T18:22:15.990445+00:00,SIE_OLD_MR_REGIME_EXHAUSTION_CONFIRM_V1,BTC,BTCUSDT,strategy-lab-v1.0.0:SIE_OLD_MR_REGIME_EXHAUSTION_CONFIRM_V1,1790186400000,2026-09-23T18:00:00+00:00,84314.48,84331.09,84145.04,84161.52,15.502819926716413,85703.85149999999,83806.27659037955,80727.59634999999,643.6421428571454,0.007647701026040705,24.488689915174305,1.2499999999999944,False,PLANNED_REWARD_TOO_LOW|CLOSE_NOT_NEAR_OR_BELOW_LOWER_BB|RSI_RECOVERY_NOT_CONFIRMED
2026-09-23T18:22:15.990445+00:00,SIE_OLD_MR_REGIME_EXHAUSTION_CONFIRM_V1,SOL,SOLUSDT,strategy-lab-v1.0.0:SIE_OLD_MR_REGIME_EXHAUSTION_CONFIRM_V1,1790172000000,2026-09-23T14:00:00+00:00,116.78,117.03,112.95,115.15,25.500667556742442,117.96,116.0240247935457,108.48084999999999,1.3149999999999997,0.011419887103777678,35.51554828150576,1.25,False,RSI_RECOVERY_NOT_CONFIRMED
2026-09-23T18:22:15.990445+00:00,SIE_OLD_MR_REGIME_EXHAUSTION_CONFIRM_V1,SOL,SOLUSDT,strategy-lab-v1.0.0:SIE_OLD_MR_REGIME_EXHAUSTION_CONFIRM_V1,1790175600000,2026-09-23T15:00:00+00:00,115.12,115.92,113.76,113.87,23.012048192771175,117.73949999999999,115.11678022846401,108.54815,1.357142857142856,0.011918353009070484,25.500667556742442,1.2500000000000053,False,RSI_RECOVERY_NOT_CONFIRMED
2026-09-23T18:22:15.990445+00:00,SIE_OLD_MR_REGIME_EXHAUSTION_CONFIRM_V1,SOL,SOLUSDT,strategy-lab-v1.0.0:SIE_OLD_MR_REGIME_EXHAUSTION_CONFIRM_V1,1790179200000,2026-09-23T16:00:00+00:00,113.86,115.31,113.16,114.38,26.46720368239353,117.5575,114.55955487041444,108.61695,1.4649999999999994,0.012808183248819719,23.012048192771175,1.2500000000000049,True,
2026-09-23T18:22:15.990445+00:00,SIE_OLD_MR_REGIME_EXHAUSTION_CONFIRM_V1,SOL,SOLUSDT,strategy-lab-v1.0.0:SIE_OLD_MR_REGIME_EXHAUSTION_CONFIRM_V1,1790182800000,2026-09-23T17:00:00+00:00,114.39,114.83,113.54,114.54,21.978021978022085,117.37949999999998,114.1201842742677,108.6857,1.4578571428571416,0.012727930354960202,26.46720368239353,1.2499999999999951,False,OPEN_TRADE_EXISTS|PLANNED_REWARD_TOO_LOW|CLOSE_NOT_NEAR_OR_BELOW_LOWER_BB|RSI_RECOVERY_NOT_CONFIRMED
2026-09-23T18:22:15.990445+00:00,SIE_OLD_MR_REGIME_EXHAUSTION_CONFIRM_V1,SOL,SOLUSDT,strategy-lab-v1.0.0:SIE_OLD_MR_REGIME_EXHAUSTION_CONFIRM_V1,1790186400000,2026-09-23T18:00:00+00:00,114.55,114.56,113.95,114.01,17.22488038277524,117.15650000000001,113.62703955964857,108.75110000000001,1.4292857142857127,0.012536494292480596,21.978021978022085,1.2499999999999976,False,OPEN_TRADE_EXISTS|PLANNED_REWARD_TOO_LOW|CLOSE_NOT_NEAR_OR_BELOW_LOWER_BB|RSI_RECOVERY_NOT_CONFIRMED
2026-09-23T18:22:15.990445+00:00,SIE_OLD_MR_REGIME_EXHAUSTION_CONFIRM_V1,XRP,XRPUSDT,strategy-lab-v1.0.0:SIE_OLD_MR_REGIME_EXHAUSTION_CONFIRM_V1,1790172000000,2026-09-23T14:00:00+00:00,1.5752,1.5824,1.5079,1.5282,36.56612529002316,1.58911,1.540220782374852,1.4082815,0.03434285714285713,0.022472750387944728,50.77007700770074,1.2500000000000033,False,RSI_NOT_BELOW_32|RSI_RECOVERY_NOT_CONFIRMED
2026-09-23T18:22:15.990445+00:00,SIE_OLD_MR_REGIME_EXHAUSTION_CONFIRM_V1,XRP,XRPUSDT,strategy-lab-v1.0.0:SIE_OLD_MR_REGIME_EXHAUSTION_CONFIRM_V1,1790175600000,2026-09-23T15:00:00+00:00,1.5281,1.5354,1.503,1.5062,33.06621678616614,1.5850300000000002,1.524218484643128,1.4088455000000002,0.03487142857142859,0.02315192442665555,36.56612529002316,1.2500000000000016,False,RSI_NOT_BELOW_32|RSI_RECOVERY_NOT_CONFIRMED
2026-09-23T18:22:15.990445+00:00,SIE_OLD_MR_REGIME_EXHAUSTION_CONFIRM_V1,XRP,XRPUSDT,strategy-lab-v1.0.0:SIE_OLD_MR_REGIME_EXHAUSTION_CONFIRM_V1,1790179200000,2026-09-23T16:00:00+00:00,1.5056,1.5185,1.4834,1.5003,28.651928912006895,1.5814249999999999,1.5103617359319939,1.4093594999999999,0.03544285714285716,0.02362384665923959,33.06621678616614,1.2499999999999984,False,PLANNED_REWARD_TOO_LOW|RSI_RECOVERY_NOT_CONFIRMED
2026-09-23T18:22:15.990445+00:00,SIE_OLD_MR_REGIME_EXHAUSTION_CONFIRM_V1,XRP,XRPUSDT,strategy-lab-v1.0.0:SIE_OLD_MR_REGIME_EXHAUSTION_CONFIRM_V1,1790182800000,2026-09-23T17:00:00+00:00,1.5004,1.5086,1.4851,1.5032,23.15592903828194,1.57815,1.4994192563225828,1.4098669999999998,0.03438571428571429,0.022875009503535316,28.651928912006895,1.2500000000000016,False,CLOSE_NOT_NEAR_OR_BELOW_LOWER_BB|RSI_RECOVERY_NOT_CONFIRMED
2026-09-23T18:22:15.990445+00:00,SIE_OLD_MR_REGIME_EXHAUSTION_CONFIRM_V1,XRP,XRPUSDT,strategy-lab-v1.0.0:SIE_OLD_MR_REGIME_EXHAUSTION_CONFIRM_V1,1790186400000,2026-09-23T18:00:00+00:00,1.5033,1.5035,1.4881,1.4883,14.237935977066442,1.57396,1.486007799345331,1.410299,0.03202857142857144,0.021520238815139047,23.15592903828194,1.25,False,RSI_RECOVERY_NOT_CONFIRMED
2026-09-23T18:22:15.990445+00:00,SIE_OLD_MR_REGIME_EXHAUSTION_CONFIRM_V1,DOGE,DOGEUSDT,strategy-lab-v1.0.0:SIE_OLD_MR_REGIME_EXHAUSTION_CONFIRM_V1,1790172000000,2026-09-23T14:00:00+00:00,0.09939,0.0999,0.093,0.0949,30.230978260869577,0.10055149999999999,0.09679415905193764,0.08823320000000001,0.0020871428571428577,0.02199307541773296,45.1520912547529,1.2499999999999984,False,PLANNED_REWARD_TOO_LOW|RSI_RECOVERY_NOT_CONFIRMED
2026-09-23T18:22:15.990445+00:00,SIE_OLD_MR_REGIME_EXHAUSTION_CONFIRM_V1,DOGE,DOGEUSDT,strategy-lab-v1.0.0:SIE_OLD_MR_REGIME_EXHAUSTION_CONFIRM_V1,1790175600000,2026-09-23T15:00:00+00:00,0.09484,0.09524,0.09251,0.09276,23.15789473684211,0.10018799999999999,0.09512083274402883,0.08828455,0.00213857142857143,0.02305488819072262,30.230978260869577,1.25,False,RSI_RECOVERY_NOT_CONFIRMED
2026-09-23T18:22:15.990445+00:00,SIE_OLD_MR_REGIME_EXHAUSTION_CONFIRM_V1,DOGE,DOGEUSDT,strategy-lab-v1.0.0:SIE_OLD_MR_REGIME_EXHAUSTION_CONFIRM_V1,1790179200000,2026-09-23T16:00:00+00:00,0.09278,0.0933,0.09119,0.09248,12.482758620689765,0.099808,0.09372697179746825,0.08833415,0.0020535714285714293,0.02220557340583293,23.15789473684211,1.25,False,RSI_RECOVERY_NOT_CONFIRMED
2026-09-23T18:22:15.990445+00:00,SIE_OLD_MR_REGIME_EXHAUSTION_CONFIRM_V1,DOGE,DOGEUSDT,strategy-lab-v1.0.0:SIE_OLD_MR_REGIME_EXHAUSTION_CONFIRM_V1,1790182800000,2026-09-23T17:00:00+00:00,0.09245,0.09276,0.0915,0.09241,8.922198429693168,0.0994295,0.09254865564774303,0.08838310000000002,0.0020135714285714292,0.02178954040224466,12.482758620689765,1.2500000000000018,False,RSI_RECOVERY_NOT_CONFIRMED
2026-09-23T18:22:15.990445+00:00,SIE_OLD_MR_REGIME_EXHAUSTION_CONFIRM_V1,DOGE,DOGEUSDT,strategy-lab-v1.0.0:SIE_OLD_MR_REGIME_EXHAUSTION_CONFIRM_V1,1790186400000,2026-09-23T18:00:00+00:00,0.09239,0.0925,0.09179,0.09196,8.884150675195542,0.0990115,0.09141892395494211,0.08842915,0.001989285714285715,0.02163207605791339,8.922198429693168,1.2499999999999964,False,PLANNED_REWARD_TOO_LOW|CLOSE_NOT_NEAR_OR_BELOW_LOWER_BB|RSI_RECOVERY_NOT_CONFIRMED
2026-09-23T18:22:15.990445+00:00,SIE_OLD_MR_REGIME_EXHAUSTION_CONFIRM_V1,BNB,BNBUSDT,strategy-lab-v1.0.0:SIE_OLD_MR_REGIME_EXHAUSTION_CONFIRM_V1,1790172000000,2026-09-23T14:00:00+00:00,780.92,782.3,758.4,766.42,26.47931921630709,786.385,773.7429250120937,755.22375,6.742142857142848,0.008796929695392667,40.364789849326016,1.25,False,RSI_RECOVERY_NOT_CONFIRMED
2026-09-23T18:22:15.990445+00:00,SIE_OLD_MR_REGIME_EXHAUSTION_CONFIRM_V1,BNB,BNBUSDT,strategy-lab-v1.0.0:SIE_OLD_MR_REGIME_EXHAUSTION_CONFIRM_V1,1790175600000,2026-09-23T15:00:00+00:00,766.85,768.84,760.99,761.12,24.60011031439602,785.1305,768.3619312179051,755.4571999999998,6.918571428571421,0.009089987687317927,26.47931921630709,1.2499999999999958,False,PLANNED_REWARD_TOO_LOW|RSI_RECOVERY_NOT_CONFIRMED
2026-09-23T18:22:15.990445+00:00,SIE_OLD_MR_REGIME_EXHAUSTION_CONFIRM_V1,BNB,BNBUSDT,strategy-lab-v1.0.0:SIE_OLD_MR_REGIME_EXHAUSTION_CONFIRM_V1,1790179200000,2026-09-23T16:00:00+00:00,761.4,766.2,756.84,765.23,24.516841524019952,784.152,765.2697547945206,755.6977,7.1707142857142845,0.009370665402185336,24.60011031439602,1.250000000000004,False,RSI_RECOVERY_NOT_CONFIRMED
2026-09-23T18:22:15.990445+00:00,SIE_OLD_MR_REGIME_EXHAUSTION_CONFIRM_V1,BNB,BNBUSDT,strategy-lab-v1.0.0:SIE_OLD_MR_REGIME_EXHAUSTION_CONFIRM_V1,1790182800000,2026-09-23T17:00:00+00:00,765.15,767.84,762.23,766.73,21.766501335368133,783.2835,762.9309401855724,755.94345,7.214999999999999,0.009410092209773974,24.516841524019952,1.250000000000004,False,CLOSE_NOT_NEAR_OR_BELOW_LOWER_BB|RSI_RECOVERY_NOT_CONFIRMED
2026-09-23T18:22:15.990445+00:00,SIE_OLD_MR_REGIME_EXHAUSTION_CONFIRM_V1,BNB,BNBUSDT,strategy-lab-v1.0.0:SIE_OLD_MR_REGIME_EXHAUSTION_CONFIRM_V1,1790186400000,2026-09-23T18:00:00+00:00,767.0,767.0,765.1,765.66,21.963426371511034,782.204,760.5582998265278,756.1733,6.961428571428574,0.009092062496968072,21.766501335368133,1.2500000000000082,False,CLOSE_NOT_NEAR_OR_BELOW_LOWER_BB|RSI_RECOVERY_NOT_CONFIRMED
2026-09-23T18:22:15.990445+00:00,SIE_OLD_MR_REGIME_EXHAUSTION_CONFIRM_V1,PAXG,PAXGUSDT,strategy-lab-v1.0.0:SIE_OLD_MR_REGIME_EXHAUSTION_CONFIRM_V1,1790172000000,2026-09-23T14:00:00+00:00,4290.31,4296.98,4277.23,4292.35,18.278569952469923,4331.9065,4288.293370658006,4340.08505,13.014285714285636,0.0030319721631007802,14.428211586901469,1.25,False,TREND_SUPPORT_NOT_CONFIRMED|CLOSE_NOT_NEAR_OR_BELOW_LOWER_BB|CLOSE_NOT_ABOVE_MA200
2026-09-23T18:22:15.990445+00:00,SIE_OLD_MR_REGIME_EXHAUSTION_CONFIRM_V1,PAXG,PAXGUSDT,strategy-lab-v1.0.0:SIE_OLD_MR_REGIME_EXHAUSTION_CONFIRM_V1,1790175600000,2026-09-23T15:00:00+00:00,4293.6,4295.55,4277.27,4280.34,18.871346276936606,4327.8335,4281.048414224705,4340.091,13.059999999999945,0.003051159487330433,18.278569952469923,1.2500000000000173,False,TREND_SUPPORT_NOT_CONFIRMED|CLOSE_NOT_ABOVE_MA200|RSI_RECOVERY_NOT_CONFIRMED
2026-09-23T18:22:15.990445+00:00,SIE_OLD_MR_REGIME_EXHAUSTION_CONFIRM_V1,PAXG,PAXGUSDT,strategy-lab-v1.0.0:SIE_OLD_MR_REGIME_EXHAUSTION_CONFIRM_V1,1790179200000,2026-09-23T16:00:00+00:00,4277.57,4288.45,4276.66,4283.86,23.53528628495323,4324.242,4275.571828601064,4340.185399999999,13.352142857142812,0.003116848556475425,18.871346276936606,1.250000000000017,False,TREND_SUPPORT_NOT_CONFIRMED|CLOSE_NOT_NEAR_OR_BELOW_LOWER_BB|CLOSE_NOT_ABOVE_MA200
2026-09-23T18:22:15.990445+00:00,SIE_OLD_MR_REGIME_EXHAUSTION_CONFIRM_V1,PAXG,PAXGUSDT,strategy-lab-v1.0.0:SIE_OLD_MR_REGIME_EXHAUSTION_CONFIRM_V1,1790182800000,2026-09-23T17:00:00+00:00,4282.61,4291.24,4275.0,4291.24,21.029108411643506,4320.999000000001,4272.609359001107,4340.28245,13.66071428571422,0.003183395542014481,23.53528628495323,1.2499999999999833,False,TREND_SUPPORT_NOT_CONFIRMED|PLANNED_REWARD_TOO_LOW|CLOSE_NOT_NEAR_OR_BELOW_LOWER_BB|CLOSE_NOT_ABOVE_MA200|RSI_RECOVERY_NOT_CONFIRMED
2026-09-23T18:22:15.990445+00:00,SIE_OLD_MR_REGIME_EXHAUSTION_CONFIRM_V1,PAXG,PAXGUSDT,strategy-lab-v1.0.0:SIE_OLD_MR_REGIME_EXHAUSTION_CONFIRM_V1,1790186400000,2026-09-23T18:00:00+00:00,4293.18,4293.18,4287.5,4289.42,20.268289933491474,4317.4205,4270.83804258305,4340.31435,13.775714285714198,0.0032115564075595763,21.029108411643506,1.2500000000000164,False,TREND_SUPPORT_NOT_CONFIRMED|CLOSE_NOT_NEAR_OR_BELOW_LOWER_BB|CLOSE_NOT_ABOVE_MA200|RSI_RECOVERY_NOT_CONFIRMED
2026-09-23T22:55:04.893226+00:00,SIE_OLD_MR_REGIME_EXHAUSTION_CONFIRM_V1,BTC,BTCUSDT,strategy-lab-v1.0.0:SIE_OLD_MR_REGIME_EXHAUSTION_CONFIRM_V1,1790190000000,2026-09-23T19:00:00+00:00,84313.0,84572.01,84205.55,84515.87,23.549835121639603,85627.31649999999,83698.09127262478,80766.45715,623.5028571428587,0.0073773464929469314,16.06175933661318,1.2500000000000118,False,CLOSE_NOT_NEAR_OR_BELOW_LOWER_BB
2026-09-23T22:55:04.893226+00:00,SIE_OLD_MR_REGIME_EXHAUSTION_CONFIRM_V1,BTC,BTCUSDT,strategy-lab-v1.0.0:SIE_OLD_MR_REGIME_EXHAUSTION_CONFIRM_V1,1790193600000,2026-09-23T20:00:00+00:00,84520.66,84583.44,84204.0,84235.46,22.072451558550995,85516.0135,83535.95533061688,80803.06085,631.5664285714302,0.007497631384353218,23.549835121639603,1.2499999999999942,False,PLANNED_REWARD_TOO_LOW|CLOSE_NOT_NEAR_OR_BELOW_LOWER_BB|RSI_RECOVERY_NOT_CONFIRMED
2026-09-23T22:55:04.893226+00:00,SIE_OLD_MR_REGIME_EXHAUSTION_CONFIRM_V1,BTC,BTCUSDT,strategy-lab-v1.0.0:SIE_OLD_MR_REGIME_EXHAUSTION_CONFIRM_V1,1790197200000,2026-09-23T21:00:00+00:00,84235.47,84500.0,84200.0,84399.36,27.323952529354287,85417.981,83420.7063921091,80842.20085000001,618.7092857142873,0.007330734329197369,22.072451558550995,1.2500000000000118,False,CLOSE_NOT_NEAR_OR_BELOW_LOWER_BB
2026-09-23T22:55:04.893226+00:00,SIE_OLD_MR_REGIME_EXHAUSTION_CONFIRM_V1,BTC,BTCUSDT,strategy-lab-v1.0.0:SIE_OLD_MR_REGIME_EXHAUSTION_CONFIRM_V1,1790200800000,2026-09-23T22:00:00+00:00,84399.36,84665.24,84325.41,84596.5,32.746729265965016,85320.899,83362.47586644444,80885.83705,599.6071428571439,0.007087848112595012,27.323952529354287,1.250000000000006,False,RSI_NOT_BELOW_32|CLOSE_NOT_NEAR_OR_BELOW_LOWER_BB
2026-09-23T22:55:04.893226+00:00,SIE_OLD_MR_REGIME_EXHAUSTION_CONFIRM_V1,SOL,SOLUSDT,strategy-lab-v1.0.0:SIE_OLD_MR_REGIME_EXHAUSTION_CONFIRM_V1,1790190000000,2026-09-23T19:00:00+00:00,114.25,114.91,113.98,114.51,23.066298342541586,116.9675,113.36253190027904,108.8209,1.4078571428571405,0.012294621804708238,17.799752781211467,1.2500000000000024,False,OPEN_TRADE_EXISTS|CLOSE_NOT_NEAR_OR_BELOW_LOWER_BB
2026-09-23T22:55:04.893226+00:00,SIE_OLD_MR_REGIME_EXHAUSTION_CONFIRM_V1,SOL,SOLUSDT,strategy-lab-v1.0.0:SIE_OLD_MR_REGIME_EXHAUSTION_CONFIRM_V1,1790193600000,2026-09-23T20:00:00+00:00,114.51,114.69,113.98,114.03,15.972222222222257,116.728,113.01238645712368,108.88625,1.394285714285711,0.012227358715125064,23.066298342541586,1.2500000000000024,False,OPEN_TRADE_EXISTS|CLOSE_NOT_NEAR_OR_BELOW_LOWER_BB|RSI_RECOVERY_NOT_CONFIRMED
2026-09-23T22:55:04.893226+00:00,SIE_OLD_MR_REGIME_EXHAUSTION_CONFIRM_V1,SOL,SOLUSDT,strategy-lab-v1.0.0:SIE_OLD_MR_REGIME_EXHAUSTION_CONFIRM_V1,1790197200000,2026-09-23T21:00:00+00:00,114.02,114.75,113.9,114.7,26.647144948755553,116.54549999999999,112.80799561873087,108.95714999999998,1.3442857142857108,0.011720014945821366,15.972222222222257,1.25,False,OPEN_TRADE_EXISTS|CLOSE_NOT_NEAR_OR_BELOW_LOWER_BB
2026-09-23T22:55:04.893226+00:00,SIE_OLD_MR_REGIME_EXHAUSTION_CONFIRM_V1,SOL,SOLUSDT,strategy-lab-v1.0.0:SIE_OLD_MR_REGIME_EXHAUSTION_CONFIRM_V1,1790200800000,2026-09-23T22:00:00+00:00,114.7,115.64,114.6,115.12,33.2838038632987,116.37800000000001,112.70072057085598,109.03875,1.3207142857142833,0.011472500744564657,26.647144948755553,1.2500000000000027,False,OPEN_TRADE_EXISTS|RSI_NOT_BELOW_32|CLOSE_NOT_NEAR_OR_BELOW_LOWER_BB
2026-09-23T22:55:04.893226+00:00,SIE_OLD_MR_REGIME_EXHAUSTION_CONFIRM_V1,XRP,XRPUSDT,strategy-lab-v1.0.0:SIE_OLD_MR_REGIME_EXHAUSTION_CONFIRM_V1,1790190000000,2026-09-23T19:00:00+00:00,1.4959,1.5038,1.49,1.4936,17.048054919908495,1.570395,1.4769928913514303,1.410803,0.030121428571428584,0.02016699824011019,14.781746031746053,1.2499999999999982,False,PLANNED_REWARD_TOO_LOW|CLOSE_NOT_NEAR_OR_BELOW_LOWER_BB|RSI_RECOVERY_NOT_CONFIRMED
2026-09-23T22:55:04.893226+00:00,SIE_OLD_MR_REGIME_EXHAUSTION_CONFIRM_V1,XRP,XRPUSDT,strategy-lab-v1.0.0:SIE_OLD_MR_REGIME_EXHAUSTION_CONFIRM_V1,1790193600000,2026-09-23T20:00:00+00:00,1.4936,1.4993,1.4796,1.4832,7.16845878136202,1.56525,1.4648043231393244,1.4111369999999999,0.02942857142857144,0.019841269841269847,17.048054919908495,1.25,False,CLOSE_NOT_NEAR_OR_BELOW_LOWER_BB|RSI_RECOVERY_NOT_CONFIRMED
2026-09-23T22:55:04.893226+00:00,SIE_OLD_MR_REGIME_EXHAUSTION_CONFIRM_V1,XRP,XRPUSDT,strategy-lab-v1.0.0:SIE_OLD_MR_REGIME_EXHAUSTION_CONFIRM_V1,1790197200000,2026-09-23T21:00:00+00:00,1.4832,1.5038,1.4806,1.4992,16.129032258064527,1.560885,1.4569844268543275,1.4115605,0.029950000000000015,0.019977321237993607,7.16845878136202,1.2500000000000038,False,CLOSE_NOT_NEAR_OR_BELOW_LOWER_BB
2026-09-23T22:55:04.893226+00:00,SIE_OLD_MR_REGIME_EXHAUSTION_CONFIRM_V1,XRP,XRPUSDT,strategy-lab-v1.0.0:SIE_OLD_MR_REGIME_EXHAUSTION_CONFIRM_V1,1790200800000,2026-09-23T22:00:00+00:00,1.4992,1.5119,1.4969,1.5025,19.885641677255364,1.5560699999999998,1.4507284393508462,1.4121529999999998,0.02839285714285717,0.018897076301402443,16.129032258064527,1.250000000000002,False,CLOSE_NOT_NEAR_OR_BELOW_LOWER_BB
2026-09-23T22:55:04.893226+00:00,SIE_OLD_MR_REGIME_EXHAUSTION_CONFIRM_V1,DOGE,DOGEUSDT,strategy-lab-v1.0.0:SIE_OLD_MR_REGIME_EXHAUSTION_CONFIRM_V1,1790190000000,2026-09-23T19:00:00+00:00,0.09207,0.09278,0.09198,0.09231,12.354892205638606,0.09861149999999999,0.09053161070620473,0.08847895,0.0018778571428571434,0.0203429438073572,8.954154727793792,1.2500000000000018,False,CLOSE_NOT_NEAR_OR_BELOW_LOWER_BB
2026-09-23T22:55:04.893226+00:00,SIE_OLD_MR_REGIME_EXHAUSTION_CONFIRM_V1,DOGE,DOGEUSDT,strategy-lab-v1.0.0:SIE_OLD_MR_REGIME_EXHAUSTION_CONFIRM_V1,1790193600000,2026-09-23T20:00:00+00:00,0.09233,0.09245,0.09177,0.09188,5.821917808219297,0.0981695,0.08964444170107985,0.0885243,0.0018092857142857147,0.019691834069282918,12.354892205638606,1.2500000000000038,False,CLOSE_NOT_NEAR_OR_BELOW_LOWER_BB|RSI_RECOVERY_NOT_CONFIRMED
2026-09-23T22:55:04.893226+00:00,SIE_OLD_MR_REGIME_EXHAUSTION_CONFIRM_V1,DOGE,DOGEUSDT,strategy-lab-v1.0.0:SIE_OLD_MR_REGIME_EXHAUSTION_CONFIRM_V1,1790197200000,2026-09-23T21:00:00+00:00,0.09187,0.09275,0.09164,0.09251,11.941659070191463,0.09772349999999999,0.08899648613499508,0.08857274999999999,0.0017735714285714288,0.019171672560495394,5.821917808219297,1.25,False,CLOSE_NOT_NEAR_OR_BELOW_LOWER_BB
2026-09-23T22:55:04.893226+00:00,SIE_OLD_MR_REGIME_EXHAUSTION_CONFIRM_V1,DOGE,DOGEUSDT,strategy-lab-v1.0.0:SIE_OLD_MR_REGIME_EXHAUSTION_CONFIRM_V1,1790200800000,2026-09-23T22:00:00+00:00,0.09248,0.09328,0.09235,0.09275,15.361744301288468,0.097193,0.08861231447960081,0.08863045,0.001644285714285715,0.01772814786291876,11.941659070191463,1.25,False,CLOSE_NOT_NEAR_OR_BELOW_LOWER_BB
2026-09-23T22:55:04.893226+00:00,SIE_OLD_MR_REGIME_EXHAUSTION_CONFIRM_V1,BNB,BNBUSDT,strategy-lab-v1.0.0:SIE_OLD_MR_REGIME_EXHAUSTION_CONFIRM_V1,1790190000000,2026-09-23T19:00:00+00:00,766.21,768.31,765.34,767.76,26.45348837209299,781.2155,758.9906396179896,756.4222500000001,6.930714285714292,0.009027188555947552,22.29386479093391,1.249999999999996,False,PLANNED_REWARD_TOO_LOW|CLOSE_NOT_NEAR_OR_BELOW_LOWER_BB
2026-09-23T22:55:04.893226+00:00,SIE_OLD_MR_REGIME_EXHAUSTION_CONFIRM_V1,BNB,BNBUSDT,strategy-lab-v1.0.0:SIE_OLD_MR_REGIME_EXHAUSTION_CONFIRM_V1,1790193600000,2026-09-23T20:00:00+00:00,768.17,768.48,764.56,765.39,23.471040907249915,779.9755,757.1331056640321,756.6468000000001,7.037857142857149,0.009195125547573327,26.45348837209299,1.250000000000008,False,CLOSE_NOT_NEAR_OR_BELOW_LOWER_BB|RSI_RECOVERY_NOT_CONFIRMED
2026-09-23T22:55:04.893226+00:00,SIE_OLD_MR_REGIME_EXHAUSTION_CONFIRM_V1,BNB,BNBUSDT,strategy-lab-v1.0.0:SIE_OLD_MR_REGIME_EXHAUSTION_CONFIRM_V1,1790197200000,2026-09-23T21:00:00+00:00,765.31,766.58,764.64,766.51,26.82000422029965,778.8635,755.6752622273735,756.8792,6.836428571428582,0.008918903303842849,23.471040907249915,1.2500000000000082,False,CLOSE_NOT_NEAR_OR_BELOW_LOWER_BB
2026-09-23T22:55:04.893226+00:00,SIE_OLD_MR_REGIME_EXHAUSTION_CONFIRM_V1,BNB,BNBUSDT,strategy-lab-v1.0.0:SIE_OLD_MR_REGIME_EXHAUSTION_CONFIRM_V1,1790200800000,2026-09-23T22:00:00+00:00,766.5,768.85,765.81,768.18,30.70025619128947,777.6265000000001,754.9354424882871,757.1435,6.556428571428585,0.008535015974678572,26.82000422029965,1.25,False,CLOSE_NOT_NEAR_OR_BELOW_LOWER_BB
2026-09-23T22:55:04.893226+00:00,SIE_OLD_MR_REGIME_EXHAUSTION_CONFIRM_V1,PAXG,PAXGUSDT,strategy-lab-v1.0.0:SIE_OLD_MR_REGIME_EXHAUSTION_CONFIRM_V1,1790190000000,2026-09-23T19:00:00+00:00,4285.95,4291.26,4280.54,4281.83,20.598006644518605,4313.468500000001,4268.526321025216,4340.2842,13.79928571428562,0.003222754222910676,19.97999777753121,1.25,False,TREND_SUPPORT_NOT_CONFIRMED|CLOSE_NOT_NEAR_OR_BELOW_LOWER_BB|CLOSE_NOT_ABOVE_MA200|RSI_RECOVERY_NOT_CONFIRMED
2026-09-23T22:55:04.893226+00:00,SIE_OLD_MR_REGIME_EXHAUSTION_CONFIRM_V1,PAXG,PAXGUSDT,strategy-lab-v1.0.0:SIE_OLD_MR_REGIME_EXHAUSTION_CONFIRM_V1,1790193600000,2026-09-23T20:00:00+00:00,4283.62,4288.0,4281.12,4281.54,21.553584272357057,4309.858,4266.880999360105,4340.21865,13.743571428571354,0.003209959834211838,20.598006644518605,1.25,False,TREND_SUPPORT_NOT_CONFIRMED|CLOSE_NOT_NEAR_OR_BELOW_LOWER_BB|CLOSE_NOT_ABOVE_MA200|RSI_RECOVERY_NOT_CONFIRMED
2026-09-23T22:55:04.893226+00:00,SIE_OLD_MR_REGIME_EXHAUSTION_CONFIRM_V1,PAXG,PAXGUSDT,strategy-lab-v1.0.0:SIE_OLD_MR_REGIME_EXHAUSTION_CONFIRM_V1,1790197200000,2026-09-23T21:00:00+00:00,4281.1,4287.68,4279.88,4284.9,27.20203951561497,4307.168,4265.021987804283,4340.15725,13.562142857142785,0.003165101369260143,21.553584272357057,1.25,False,TREND_SUPPORT_NOT_CONFIRMED|CLOSE_NOT_NEAR_OR_BELOW_LOWER_BB|CLOSE_NOT_ABOVE_MA200
2026-09-23T22:55:04.893226+00:00,SIE_OLD_MR_REGIME_EXHAUSTION_CONFIRM_V1,PAXG,PAXGUSDT,strategy-lab-v1.0.0:SIE_OLD_MR_REGIME_EXHAUSTION_CONFIRM_V1,1790200800000,2026-09-23T22:00:00+00:00,4287.11,4291.31,4284.13,4285.79,28.91143191572391,4304.8795,4263.313320731255,4340.197700000001,13.597142857142833,0.0031726106172124237,27.20203951561497,1.25,False,TREND_SUPPORT_NOT_CONFIRMED|CLOSE_NOT_NEAR_OR_BELOW_LOWER_BB|CLOSE_NOT_ABOVE_MA200
2026-09-24T04:37:20.042690+00:00,SIE_OLD_MR_REGIME_EXHAUSTION_CONFIRM_V1,BTC,BTCUSDT,strategy-lab-v1.0.0:SIE_OLD_MR_REGIME_EXHAUSTION_CONFIRM_V1,1790204400000,2026-09-23T23:00:00+00:00,84553.71,84565.3,84329.77,84378.31,30.92866665629161,85202.6785,83307.24894018889,80925.1666,593.6100000000006,0.007035101793340026,31.913191024707714,1.2499999999999938,False,PLANNED_REWARD_TOO_LOW|CLOSE_NOT_NEAR_OR_BELOW_LOWER_BB|RSI_RECOVERY_NOT_CONFIRMED
2026-09-24T04:37:20.042690+00:00,SIE_OLD_MR_REGIME_EXHAUSTION_CONFIRM_V1,BTC,BTCUSDT,strategy-lab-v1.0.0:SIE_OLD_MR_REGIME_EXHAUSTION_CONFIRM_V1,1790208000000,2026-09-24T00:00:00+00:00,84378.31,84479.92,84196.56,84301.26,29.28345050429948,85059.501,83355.63096741216,80965.0199,593.6071428571429,0.007041497871528171,30.92866665629161,1.2500000000000062,False,CLOSE_NOT_NEAR_OR_BELOW_LOWER_BB|RSI_RECOVERY_NOT_CONFIRMED
2026-09-24T04:37:20.042690+00:00,SIE_OLD_MR_REGIME_EXHAUSTION_CONFIRM_V1,BTC,BTCUSDT,strategy-lab-v1.0.0:SIE_OLD_MR_REGIME_EXHAUSTION_CONFIRM_V1,1790211600000,2026-09-24T01:00:00+00:00,84302.31,84475.69,84050.0,84100.39,29.80717700835369,84940.14749999999,83320.7780372059,81000.96655,586.3792857142855,0.006972372966573466,29.28345050429948,1.2500000000000062,False,CLOSE_NOT_NEAR_OR_BELOW_LOWER_BB|RSI_RECOVERY_NOT_CONFIRMED
2026-09-24T04:37:20.042690+00:00,SIE_OLD_MR_REGIME_EXHAUSTION_CONFIRM_V1,BTC,BTCUSDT,strategy-lab-v1.0.0:SIE_OLD_MR_REGIME_EXHAUSTION_CONFIRM_V1,1790215200000,2026-09-24T02:00:00+00:00,84107.85,84376.4,83725.37,84349.88,35.48614529493797,84834.81599999999,83355.69779799884,81043.0609,600.2371428571423,0.007116040270088615,29.80717700835369,1.250000000000006,False,RSI_NOT_BELOW_32|CLOSE_NOT_NEAR_OR_BELOW_LOWER_BB
2026-09-24T04:37:20.042690+00:00,SIE_OLD_MR_REGIME_EXHAUSTION_CONFIRM_V1,BTC,BTCUSDT,strategy-lab-v1.0.0:SIE_OLD_MR_REGIME_EXHAUSTION_CONFIRM_V1,1790218800000,2026-09-24T03:00:00+00:00,84349.88,84475.0,83827.43,83928.16,26.93730883047769,84724.814,83321.5230531001,81082.07005,602.3928571428571,0.007177481993443644,35.48614529493797,1.249999999999994,False,PLANNED_REWARD_TOO_LOW|CLOSE_NOT_NEAR_OR_BELOW_LOWER_BB|RSI_RECOVERY_NOT_CONFIRMED
2026-09-24T04:37:20.042690+00:00,SIE_OLD_MR_REGIME_EXHAUSTION_CONFIRM_V1,BTC,BTCUSDT,strategy-lab-v1.0.0:SIE_OLD_MR_REGIME_EXHAUSTION_CONFIRM_V1,1790222400000,2026-09-24T04:00:00+00:00,83928.17,83954.16,83736.4,83911.12,39.01141642957457,84625.2795,83289.25828639061,81122.25425,465.5707142857157,0.005548379217030064,26.93730883047769,1.25,False,RSI_NOT_BELOW_32|CLOSE_NOT_NEAR_OR_BELOW_LOWER_BB|RSI_RECOVERY_NOT_CONFIRMED
2026-09-24T04:37:20.042690+00:00,SIE_OLD_MR_REGIME_EXHAUSTION_CONFIRM_V1,SOL,SOLUSDT,strategy-lab-v1.0.0:SIE_OLD_MR_REGIME_EXHAUSTION_CONFIRM_V1,1790204400000,2026-09-23T23:00:00+00:00,115.12,115.2,114.7,114.99,32.605531295487665,116.17150000000001,112.67615867188827,109.11715,1.3092857142857122,0.011386083261898532,33.382789317507374,1.2499999999999973,False,OPEN_TRADE_EXISTS|PLANNED_REWARD_TOO_LOW|RSI_NOT_BELOW_32|CLOSE_NOT_NEAR_OR_BELOW_LOWER_BB|RSI_RECOVERY_NOT_CONFIRMED
2026-09-24T04:37:20.042690+00:00,SIE_OLD_MR_REGIME_EXHAUSTION_CONFIRM_V1,SOL,SOLUSDT,strategy-lab-v1.0.0:SIE_OLD_MR_REGIME_EXHAUSTION_CONFIRM_V1,1790208000000,2026-09-24T00:00:00+00:00,114.97,115.66,114.84,115.13,31.61004431314619,115.95349999999999,112.78462464744888,109.19760000000001,1.3121428571428544,0.011397054261642095,32.605531295487665,1.2500000000000027,False,OPEN_TRADE_EXISTS|CLOSE_NOT_NEAR_OR_BELOW_LOWER_BB|RSI_RECOVERY_NOT_CONFIRMED
2026-09-24T04:37:20.042690+00:00,SIE_OLD_MR_REGIME_EXHAUSTION_CONFIRM_V1,SOL,SOLUSDT,strategy-lab-v1.0.0:SIE_OLD_MR_REGIME_EXHAUSTION_CONFIRM_V1,1790211600000,2026-09-24T01:00:00+00:00,115.13,115.51,114.56,114.7,32.132132132132156,115.768,112.76608327896892,109.27035,1.2928571428571405,0.011271640303898347,31.61004431314619,1.25,False,OPEN_TRADE_EXISTS|RSI_NOT_BELOW_32|CLOSE_NOT_NEAR_OR_BELOW_LOWER_BB|RSI_RECOVERY_NOT_CONFIRMED
2026-09-24T04:37:20.042690+00:00,SIE_OLD_MR_REGIME_EXHAUSTION_CONFIRM_V1,SOL,SOLUSDT,strategy-lab-v1.0.0:SIE_OLD_MR_REGIME_EXHAUSTION_CONFIRM_V1,1790215200000,2026-09-24T02:00:00+00:00,114.7,115.44,114.04,115.28,38.58156028368794,115.5855,112.95372132389404,109.35615,1.3399999999999974,0.011623872310895188,32.132132132132156,1.2500000000000053,False,OPEN_TRADE_EXISTS|RSI_NOT_BELOW_32|CLOSE_NOT_NEAR_OR_BELOW_LOWER_BB
2026-09-24T04:37:20.042690+00:00,SIE_OLD_MR_REGIME_EXHAUSTION_CONFIRM_V1,SOL,SOLUSDT,strategy-lab-v1.0.0:SIE_OLD_MR_REGIME_EXHAUSTION_CONFIRM_V1,1790218800000,2026-09-24T03:00:00+00:00,115.27,115.68,114.53,114.69,36.07427055702913,115.42549999999999,112.99196368426398,109.44055,1.3335714285714266,0.011627617303787833,38.58156028368794,1.2499999999999973,False,OPEN_TRADE_EXISTS|PLANNED_REWARD_TOO_LOW|RSI_NOT_BELOW_32|CLOSE_NOT_NEAR_OR_BELOW_LOWER_BB|RSI_RECOVERY_NOT_CONFIRMED
2026-09-24T04:37:20.042690+00:00,SIE_OLD_MR_REGIME_EXHAUSTION_CONFIRM_V1,SOL,SOLUSDT,strategy-lab-v1.0.0:SIE_OLD_MR_REGIME_EXHAUSTION_CONFIRM_V1,1790222400000,2026-09-24T04:00:00+00:00,114.68,114.91,114.37,114.91,48.03921568627444,115.30249999999998,113.03126355259826,109.52824999999999,1.0807142857142833,0.009404875865584226,36.07427055702913,1.2500000000000033,False,OPEN_TRADE_EXISTS|RSI_NOT_BELOW_32|CLOSE_NOT_NEAR_OR_BELOW_LOWER_BB
2026-09-24T04:37:20.042690+00:00,SIE_OLD_MR_REGIME_EXHAUSTION_CONFIRM_V1,XRP,XRPUSDT,strategy-lab-v1.0.0:SIE_OLD_MR_REGIME_EXHAUSTION_CONFIRM_V1,1790204400000,2026-09-23T23:00:00+00:00,1.5016,1.5036,1.4952,1.5009,19.831497083603324,1.55017,1.4462016375044826,1.41271,0.02804285714285718,0.018684027678630942,19.527760051052965,1.25,False,CLOSE_NOT_NEAR_OR_BELOW_LOWER_BB|RSI_RECOVERY_NOT_CONFIRMED
2026-09-24T04:37:20.042690+00:00,SIE_OLD_MR_REGIME_EXHAUSTION_CONFIRM_V1,XRP,XRPUSDT,strategy-lab-v1.0.0:SIE_OLD_MR_REGIME_EXHAUSTION_CONFIRM_V1,1790208000000,2026-09-24T00:00:00+00:00,1.5007,1.5088,1.4974,1.5013,19.831497083603438,1.5433350000000001,1.4455731204149627,1.4132829999999998,0.027314285714285735,0.018193755887754435,19.831497083603324,1.25,False,CLOSE_NOT_NEAR_OR_BELOW_LOWER_BB
2026-09-24T04:37:20.042690+00:00,SIE_OLD_MR_REGIME_EXHAUSTION_CONFIRM_V1,XRP,XRPUSDT,strategy-lab-v1.0.0:SIE_OLD_MR_REGIME_EXHAUSTION_CONFIRM_V1,1790211600000,2026-09-24T01:00:00+00:00,1.5014,1.5045,1.4872,1.4897,21.205821205821294,1.53738,1.4418093643423913,1.4137104999999999,0.023942857142857155,0.0160722676665484,19.831497083603438,1.2499999999999978,False,PLANNED_REWARD_TOO_LOW|CLOSE_NOT_NEAR_OR_BELOW_LOWER_BB|RSI_RECOVERY_NOT_CONFIRMED
2026-09-24T04:37:20.042690+00:00,SIE_OLD_MR_REGIME_EXHAUSTION_CONFIRM_V1,XRP,XRPUSDT,strategy-lab-v1.0.0:SIE_OLD_MR_REGIME_EXHAUSTION_CONFIRM_V1,1790215200000,2026-09-24T02:00:00+00:00,1.4897,1.5077,1.4826,1.5039,29.396325459317637,1.531245,1.4439791194967961,1.4146095,0.02465714285714287,0.01639546702383328,21.205821205821294,1.2500000000000044,False,CLOSE_NOT_NEAR_OR_BELOW_LOWER_BB
2026-09-24T04:37:20.042690+00:00,SIE_OLD_MR_REGIME_EXHAUSTION_CONFIRM_V1,XRP,XRPUSDT,strategy-lab-v1.0.0:SIE_OLD_MR_REGIME_EXHAUSTION_CONFIRM_V1,1790218800000,2026-09-24T03:00:00+00:00,1.5039,1.5104,1.4911,1.4942,23.533246414602445,1.525115,1.4458965608586014,1.415607,0.024000000000000004,0.016062106813010308,29.396325459317637,1.25,False,CLOSE_NOT_NEAR_OR_BELOW_LOWER_BB|RSI_RECOVERY_NOT_CONFIRMED
2026-09-24T04:37:20.042690+00:00,SIE_OLD_MR_REGIME_EXHAUSTION_CONFIRM_V1,XRP,XRPUSDT,strategy-lab-v1.0.0:SIE_OLD_MR_REGIME_EXHAUSTION_CONFIRM_V1,1790222400000,2026-09-24T04:00:00+00:00,1.4942,1.4959,1.4875,1.4954,34.72998137802618,1.5200200000000001,1.4471764251289143,1.4166195,0.01927857142857143,0.012891916161944248,23.533246414602445,1.2500000000000058,False,RSI_NOT_BELOW_32|CLOSE_NOT_NEAR_OR_BELOW_LOWER_BB
2026-09-24T04:37:20.042690+00:00,SIE_OLD_MR_REGIME_EXHAUSTION_CONFIRM_V1,DOGE,DOGEUSDT,strategy-lab-v1.0.0:SIE_OLD_MR_REGIME_EXHAUSTION_CONFIRM_V1,1790204400000,2026-09-23T23:00:00+00:00,0.09261,0.09283,0.09233,0.0927,13.650151668351896,0.0966255,0.08840593437887412,0.08868495,0.001625714285714287,0.0175373709354292,14.25702811244983,1.25,False,CLOSE_NOT_NEAR_OR_BELOW_LOWER_BB|RSI_RECOVERY_NOT_CONFIRMED
2026-09-24T04:37:20.042690+00:00,SIE_OLD_MR_REGIME_EXHAUSTION_CONFIRM_V1,DOGE,DOGEUSDT,strategy-lab-v1.0.0:SIE_OLD_MR_REGIME_EXHAUSTION_CONFIRM_V1,1790208000000,2026-09-24T00:00:00+00:00,0.09271,0.09342,0.09251,0.09294,14.170854271356717,0.096096,0.08837447579813448,0.0887419,0.001619285714285716,0.017422914937440456,13.650151668351896,1.25,False,CLOSE_NOT_NEAR_OR_BELOW_LOWER_BB
2026-09-24T04:37:20.042690+00:00,SIE_OLD_MR_REGIME_EXHAUSTION_CONFIRM_V1,DOGE,DOGEUSDT,strategy-lab-v1.0.0:SIE_OLD_MR_REGIME_EXHAUSTION_CONFIRM_V1,1790211600000,2026-09-24T01:00:00+00:00,0.0929,0.09336,0.0925,0.09256,14.687499999999972,0.0956545,0.0881887368775861,0.08879424999999999,0.0015807142857142875,0.017077725645141394,14.170854271356717,1.2499999999999978,False,PLANNED_REWARD_TOO_LOW|CLOSE_NOT_NEAR_OR_BELOW_LOWER_BB|RSI_RECOVERY_NOT_CONFIRMED
2026-09-24T04:37:20.042690+00:00,SIE_OLD_MR_REGIME_EXHAUSTION_CONFIRM_V1,DOGE,DOGEUSDT,strategy-lab-v1.0.0:SIE_OLD_MR_REGIME_EXHAUSTION_CONFIRM_V1,1790215200000,2026-09-24T02:00:00+00:00,0.09259,0.0942,0.09202,0.09378,23.52941176470587,0.0952335,0.08836599018930474,0.08885935,0.0016592857142857154,0.017693385735612233,14.687499999999972,1.249999999999998,False,PLANNED_REWARD_TOO_LOW|CLOSE_NOT_NEAR_OR_BELOW_LOWER_BB
2026-09-24T04:37:20.042690+00:00,SIE_OLD_MR_REGIME_EXHAUSTION_CONFIRM_V1,DOGE,DOGEUSDT,strategy-lab-v1.0.0:SIE_OLD_MR_REGIME_EXHAUSTION_CONFIRM_V1,1790218800000,2026-09-24T03:00:00+00:00,0.0938,0.09427,0.09302,0.09316,22.34042553191489,0.0948485,0.08843771447870888,0.08892115,0.001645714285714287,0.017665460344721842,23.52941176470587,1.250000000000002,False,CLOSE_NOT_NEAR_OR_BELOW_LOWER_BB|RSI_RECOVERY_NOT_CONFIRMED
2026-09-24T04:37:20.042690+00:00,SIE_OLD_MR_REGIME_EXHAUSTION_CONFIRM_V1,DOGE,DOGEUSDT,strategy-lab-v1.0.0:SIE_OLD_MR_REGIME_EXHAUSTION_CONFIRM_V1,1790222400000,2026-09-24T04:00:00+00:00,0.09318,0.0936,0.09289,0.0935,40.16853932584267,0.0945365,0.0885126199381133,0.08898645,0.00120357142857143,0.012872421695951122,22.34042553191489,1.2499999999999971,False,PLANNED_REWARD_TOO_LOW|RSI_NOT_BELOW_32|CLOSE_NOT_NEAR_OR_BELOW_LOWER_BB
2026-09-24T04:37:20.042690+00:00,SIE_OLD_MR_REGIME_EXHAUSTION_CONFIRM_V1,BNB,BNBUSDT,strategy-lab-v1.0.0:SIE_OLD_MR_REGIME_EXHAUSTION_CONFIRM_V1,1790204400000,2026-09-23T23:00:00+00:00,767.76,767.76,765.38,767.27,32.54134637782438,776.153,754.7224292189792,757.38825,6.2421428571428725,0.008135523162827783,30.08830497523155,1.25,False,RSI_NOT_BELOW_32|CLOSE_NOT_NEAR_OR_BELOW_LOWER_BB|RSI_RECOVERY_NOT_CONFIRMED
2026-09-24T04:37:20.042690+00:00,SIE_OLD_MR_REGIME_EXHAUSTION_CONFIRM_V1,BNB,BNBUSDT,strategy-lab-v1.0.0:SIE_OLD_MR_REGIME_EXHAUSTION_CONFIRM_V1,1790208000000,2026-09-24T00:00:00+00:00,767.46,769.0,766.07,767.34,27.56378189094562,774.7805000000001,754.835561318712,757.6298000000002,6.145714285714299,0.008009114976039695,32.54134637782438,1.25,False,CLOSE_NOT_NEAR_OR_BELOW_LOWER_BB|RSI_RECOVERY_NOT_CONFIRMED
2026-09-24T04:37:20.042690+00:00,SIE_OLD_MR_REGIME_EXHAUSTION_CONFIRM_V1,BNB,BNBUSDT,strategy-lab-v1.0.0:SIE_OLD_MR_REGIME_EXHAUSTION_CONFIRM_V1,1790211600000,2026-09-24T01:00:00+00:00,767.59,768.23,765.82,766.31,28.497543315231468,773.574,754.6720451804493,757.8499,5.941428571428584,0.007753296409323361,27.56378189094562,1.2500000000000095,False,CLOSE_NOT_NEAR_OR_BELOW_LOWER_BB|RSI_RECOVERY_NOT_CONFIRMED
2026-09-24T04:37:20.042690+00:00,SIE_OLD_MR_REGIME_EXHAUSTION_CONFIRM_V1,BNB,BNBUSDT,strategy-lab-v1.0.0:SIE_OLD_MR_REGIME_EXHAUSTION_CONFIRM_V1,1790215200000,2026-09-24T02:00:00+00:00,766.28,775.98,763.18,772.35,41.4580801944108,772.612,755.612985205009,758.1213499999999,6.380000000000011,0.00826050365766817,28.497543315231468,1.2500000000000044,False,RSI_NOT_BELOW_32|CLOSE_NOT_NEAR_OR_BELOW_LOWER_BB
2026-09-24T04:37:20.042690+00:00,SIE_OLD_MR_REGIME_EXHAUSTION_CONFIRM_V1,BNB,BNBUSDT,strategy-lab-v1.0.0:SIE_OLD_MR_REGIME_EXHAUSTION_CONFIRM_V1,1790218800000,2026-09-24T03:00:00+00:00,772.4,774.06,766.18,766.53,34.03176003528904,771.5145,755.9842733757579,758.3600499999999,6.470000000000011,0.008440635069729837,41.4580801944108,1.2500000000000089,False,RSI_NOT_BELOW_32|CLOSE_NOT_NEAR_OR_BELOW_LOWER_BB|RSI_RECOVERY_NOT_CONFIRMED
2026-09-24T04:37:20.042690+00:00,SIE_OLD_MR_REGIME_EXHAUSTION_CONFIRM_V1,BNB,BNBUSDT,strategy-lab-v1.0.0:SIE_OLD_MR_REGIME_EXHAUSTION_CONFIRM_V1,1790222400000,2026-09-24T04:00:00+00:00,766.19,767.16,765.11,766.25,49.72607154366749,770.5139999999999,756.3987254365948,758.6173999999999,4.909285714285724,0.006406898158937323,34.03176003528904,1.2499999999999885,False,PLANNED_REWARD_TOO_LOW|RSI_NOT_BELOW_32|CLOSE_NOT_NEAR_OR_BELOW_LOWER_BB|RSI_RECOVERY_NOT_CONFIRMED
2026-09-24T04:37:20.042690+00:00,SIE_OLD_MR_REGIME_EXHAUSTION_CONFIRM_V1,PAXG,PAXGUSDT,strategy-lab-v1.0.0:SIE_OLD_MR_REGIME_EXHAUSTION_CONFIRM_V1,1790204400000,2026-09-23T23:00:00+00:00,4286.84,4290.28,4283.43,4287.49,32.49151391717598,4302.229,4263.785373792273,4340.19115,13.397857142857058,0.003124871928064452,30.093362322547932,1.2499999999999831,False,TREND_SUPPORT_NOT_CONFIRMED|PLANNED_REWARD_TOO_LOW|RSI_NOT_BELOW_32|CLOSE_NOT_NEAR_OR_BELOW_LOWER_BB|CLOSE_NOT_ABOVE_MA200
2026-09-24T04:37:20.042690+00:00,SIE_OLD_MR_REGIME_EXHAUSTION_CONFIRM_V1,PAXG,PAXGUSDT,strategy-lab-v1.0.0:SIE_OLD_MR_REGIME_EXHAUSTION_CONFIRM_V1,1790208000000,2026-09-24T00:00:00+00:00,4288.57,4297.57,4284.04,4295.85,36.50063856960465,4299.913,4266.067193701443,4340.1887,13.933571428571343,0.0032434957991017708,32.49151391717598,1.2499999999999674,False,TREND_SUPPORT_NOT_CONFIRMED|PLANNED_REWARD_TOO_LOW|RSI_NOT_BELOW_32|CLOSE_NOT_NEAR_OR_BELOW_LOWER_BB|CLOSE_NOT_ABOVE_MA200
2026-09-24T04:37:20.042690+00:00,SIE_OLD_MR_REGIME_EXHAUSTION_CONFIRM_V1,PAXG,PAXGUSDT,strategy-lab-v1.0.0:SIE_OLD_MR_REGIME_EXHAUSTION_CONFIRM_V1,1790211600000,2026-09-24T01:00:00+00:00,4295.03,4300.46,4276.2,4277.23,30.570114450743475,4297.1165,4265.555637353372,4340.10545,14.167142857142803,0.003312223765648049,36.50063856960465,1.25,False,TREND_SUPPORT_NOT_CONFIRMED|CLOSE_NOT_NEAR_OR_BELOW_LOWER_BB|CLOSE_NOT_ABOVE_MA200|RSI_RECOVERY_NOT_CONFIRMED
2026-09-24T04:37:20.042690+00:00,SIE_OLD_MR_REGIME_EXHAUSTION_CONFIRM_V1,PAXG,PAXGUSDT,strategy-lab-v1.0.0:SIE_OLD_MR_REGIME_EXHAUSTION_CONFIRM_V1,1790215200000,2026-09-24T02:00:00+00:00,4277.48,4293.55,4271.87,4289.77,40.21909233176872,4295.155,4267.080441766622,4340.01675,14.602857142857115,0.0034041119087636663,30.570114450743475,1.2500000000000155,False,TREND_SUPPORT_NOT_CONFIRMED|RSI_NOT_BELOW_32|CLOSE_NOT_NEAR_OR_BELOW_LOWER_BB|CLOSE_NOT_ABOVE_MA200
2026-09-24T04:37:20.042690+00:00,SIE_OLD_MR_REGIME_EXHAUSTION_CONFIRM_V1,PAXG,PAXGUSDT,strategy-lab-v1.0.0:SIE_OLD_MR_REGIME_EXHAUSTION_CONFIRM_V1,1790218800000,2026-09-24T03:00:00+00:00,4290.87,4290.88,4279.9,4283.07,46.64775950085103,4293.275,4267.331800120277,4339.95155,13.300000000000052,0.0031052492721342527,40.21909233176872,1.249999999999983,False,TREND_SUPPORT_NOT_CONFIRMED|PLANNED_REWARD_TOO_LOW|RSI_NOT_BELOW_32|CLOSE_NOT_NEAR_OR_BELOW_LOWER_BB|CLOSE_NOT_ABOVE_MA200|RSI_RECOVERY_NOT_CONFIRMED
2026-09-24T04:37:20.042690+00:00,SIE_OLD_MR_REGIME_EXHAUSTION_CONFIRM_V1,PAXG,PAXGUSDT,strategy-lab-v1.0.0:SIE_OLD_MR_REGIME_EXHAUSTION_CONFIRM_V1,1790222400000,2026-09-24T04:00:00+00:00,4283.08,4283.97,4280.25,4282.45,44.20374707259938,4291.4865,4267.838239789168,4339.89545,12.15500000000007,0.002838328526894668,46.64775950085103,1.2499999999999813,False,TREND_SUPPORT_NOT_CONFIRMED|PLANNED_REWARD_TOO_LOW|RSI_NOT_BELOW_32|CLOSE_NOT_NEAR_OR_BELOW_LOWER_BB|CLOSE_NOT_ABOVE_MA200|RSI_RECOVERY_NOT_CONFIRMED
2026-09-24T11:37:53.002794+00:00,SIE_OLD_MR_REGIME_EXHAUSTION_CONFIRM_V1,BTC,BTCUSDT,strategy-lab-v1.0.0:SIE_OLD_MR_REGIME_EXHAUSTION_CONFIRM_V1,1790226000000,2026-09-24T05:00:00+00:00,84024.37,84397.07,83933.64,83965.41,49.31181536917805,84536.769,83307.34606829396,81165.6971,445.30214285714464,0.005303399850690238,41.29879861478274,1.2500000000000082,False,RSI_NOT_BELOW_32|CLOSE_NOT_NEAR_OR_BELOW_LOWER_BB|RSI_RECOVERY_NOT_CONFIRMED
2026-09-24T11:37:53.002794+00:00,SIE_OLD_MR_REGIME_EXHAUSTION_CONFIRM_V1,BTC,BTCUSDT,strategy-lab-v1.0.0:SIE_OLD_MR_REGIME_EXHAUSTION_CONFIRM_V1,1790229600000,2026-09-24T06:00:00+00:00,83959.95,84218.38,83895.29,84095.61,51.31553585196617,84446.21650000001,83377.43883076304,81208.12015,408.32642857143117,0.004855502309471698,49.31181536917805,1.25,False,RSI_NOT_BELOW_32|CLOSE_NOT_NEAR_OR_BELOW_LOWER_BB
2026-09-24T11:37:53.002794+00:00,SIE_OLD_MR_REGIME_EXHAUSTION_CONFIRM_V1,BTC,BTCUSDT,strategy-lab-v1.0.0:SIE_OLD_MR_REGIME_EXHAUSTION_CONFIRM_V1,1790233200000,2026-09-24T07:00:00+00:00,84095.61,84595.84,83931.81,84503.45,53.61518154340587,84389.5035,83469.64262389996,81252.71655,406.1092857142877,0.004805830835478169,51.31553585196617,1.2499999999999911,False,PLANNED_REWARD_TOO_LOW|RSI_NOT_BELOW_32|CLOSE_NOT_NEAR_OR_BELOW_LOWER_BB
2026-09-24T11:37:53.002794+00:00,SIE_OLD_MR_REGIME_EXHAUSTION_CONFIRM_V1,BTC,BTCUSDT,strategy-lab-v1.0.0:SIE_OLD_MR_REGIME_EXHAUSTION_CONFIRM_V1,1790236800000,2026-09-24T08:00:00+00:00,84503.45,84610.6,83300.0,83634.15,40.25069437862073,84297.106,83468.03833148045,81292.32625,478.6500000000025,0.005723140607036749,53.61518154340587,1.2500000000000075,False,RSI_NOT_BELOW_32|CLOSE_NOT_NEAR_OR_BELOW_LOWER_BB|RSI_RECOVERY_NOT_CONFIRMED
2026-09-24T11:37:53.002794+00:00,SIE_OLD_MR_REGIME_EXHAUSTION_CONFIRM_V1,BTC,BTCUSDT,strategy-lab-v1.0.0:SIE_OLD_MR_REGIME_EXHAUSTION_CONFIRM_V1,1790240400000,2026-09-24T09:00:00+00:00,83636.54,83719.99,82708.96,83244.97,32.67508942592909,84170.2045,83535.57147783105,81331.37814999999,524.6907142857173,0.0063029719908087815,40.25069437862073,1.2499999999999931,False,PLANNED_REWARD_TOO_LOW|RSI_NOT_BELOW_32|RSI_RECOVERY_NOT_CONFIRMED
2026-09-24T11:37:53.002794+00:00,SIE_OLD_MR_REGIME_EXHAUSTION_CONFIRM_V1,BTC,BTCUSDT,strategy-lab-v1.0.0:SIE_OLD_MR_REGIME_EXHAUSTION_CONFIRM_V1,1790244000000,2026-09-24T10:00:00+00:00,83244.98,83552.55,83120.76,83496.96,39.85415258475247,84118.98449999999,83442.03936666403,81369.7387,528.4300000000034,0.0063287334053839005,32.67508942592909,1.2499999999999931,False,PLANNED_REWARD_TOO_LOW|RSI_NOT_BELOW_32|CLOSE_NOT_NEAR_OR_BELOW_LOWER_BB
2026-09-24T11:37:53.002794+00:00,SIE_OLD_MR_REGIME_EXHAUSTION_CONFIRM_V1,BTC,BTCUSDT,strategy-lab-v1.0.0:SIE_OLD_MR_REGIME_EXHAUSTION_CONFIRM_V1,1790247600000,2026-09-24T11:00:00+00:00,83496.95,83589.96,83426.0,83444.24,36.46463959367846,84091.28,83354.17140376182,81408.18285,518.712857142861,0.006216281161442192,39.85415258475247,1.249999999999993,False,PLANNED_REWARD_TOO_LOW|RSI_NOT_BELOW_32|CLOSE_NOT_NEAR_OR_BELOW_LOWER_BB|RSI_RECOVERY_NOT_CONFIRMED
2026-09-24T11:37:53.002794+00:00,SIE_OLD_MR_REGIME_EXHAUSTION_CONFIRM_V1,SOL,SOLUSDT,strategy-lab-v1.0.0:SIE_OLD_MR_REGIME_EXHAUSTION_CONFIRM_V1,1790226000000,2026-09-24T05:00:00+00:00,115.38,116.1,114.81,114.82,58.03722504230105,115.199,113.13257410004472,109.62245000000001,1.05785714285714,0.009213178391021948,51.8910741301059,1.2499999999999967,False,OPEN_TRADE_EXISTS|PLANNED_REWARD_TOO_LOW|RSI_NOT_BELOW_32|CLOSE_NOT_NEAR_OR_BELOW_LOWER_BB|RSI_RECOVERY_NOT_CONFIRMED
2026-09-24T11:37:53.002794+00:00,SIE_OLD_MR_REGIME_EXHAUSTION_CONFIRM_V1,SOL,SOLUSDT,strategy-lab-v1.0.0:SIE_OLD_MR_REGIME_EXHAUSTION_CONFIRM_V1,1790229600000,2026-09-24T06:00:00+00:00,114.83,115.26,114.71,114.81,53.97412199630319,115.05850000000001,113.31231243848035,109.7111,0.9435714285714261,0.008218547413739449,58.03722504230105,1.25,False,OPEN_TRADE_EXISTS|RSI_NOT_BELOW_32|CLOSE_NOT_NEAR_OR_BELOW_LOWER_BB|RSI_RECOVERY_NOT_CONFIRMED
2026-09-24T11:37:53.002794+00:00,SIE_OLD_MR_REGIME_EXHAUSTION_CONFIRM_V1,SOL,SOLUSDT,strategy-lab-v1.0.0:SIE_OLD_MR_REGIME_EXHAUSTION_CONFIRM_V1,1790233200000,2026-09-24T07:00:00+00:00,114.81,115.66,114.48,115.51,58.15126050420165,114.97999999999999,113.48066681487869,109.80455,0.9357142857142833,0.008100721026008858,53.97412199630319,1.2499999999999925,False,OPEN_TRADE_EXISTS|PLANNED_REWARD_TOO_LOW|RSI_NOT_BELOW_32|CLOSE_NOT_NEAR_OR_BELOW_LOWER_BB
2026-09-24T11:37:53.002794+00:00,SIE_OLD_MR_REGIME_EXHAUSTION_CONFIRM_V1,SOL,SOLUSDT,strategy-lab-v1.0.0:SIE_OLD_MR_REGIME_EXHAUSTION_CONFIRM_V1,1790236800000,2026-09-24T08:00:00+00:00,115.5,115.64,113.3,114.11,48.80112834978843,114.84100000000001,113.5790665627673,109.8901,1.057142857142855,0.009264243774803742,58.15126050420165,1.2500000000000067,False,OPEN_TRADE_EXISTS|RSI_NOT_BELOW_32|CLOSE_NOT_NEAR_OR_BELOW_LOWER_BB|RSI_RECOVERY_NOT_CONFIRMED
2026-09-24T11:37:53.002794+00:00,SIE_OLD_MR_REGIME_EXHAUSTION_CONFIRM_V1,SOL,SOLUSDT,strategy-lab-v1.0.0:SIE_OLD_MR_REGIME_EXHAUSTION_CONFIRM_V1,1790240400000,2026-09-24T09:00:00+00:00,114.12,114.27,112.41,113.11,41.09414758269718,114.65700000000001,113.5183147932787,109.97355000000002,1.1235714285714269,0.009933440266744115,48.80112834978843,1.250000000000003,False,RSI_NOT_BELOW_32|RSI_RECOVERY_NOT_CONFIRMED
2026-09-24T11:37:53.002794+00:00,SIE_OLD_MR_REGIME_EXHAUSTION_CONFIRM_V1,SOL,SOLUSDT,strategy-lab-v1.0.0:SIE_OLD_MR_REGIME_EXHAUSTION_CONFIRM_V1,1790244000000,2026-09-24T10:00:00+00:00,113.11,113.55,112.7,113.35,45.53805774278211,114.56700000000001,113.3191041710119,110.0544,1.133571428571427,0.010000630159430321,41.09414758269718,1.25,False,RSI_NOT_BELOW_32
2026-09-24T11:37:53.002794+00:00,SIE_OLD_MR_REGIME_EXHAUSTION_CONFIRM_V1,SOL,SOLUSDT,strategy-lab-v1.0.0:SIE_OLD_MR_REGIME_EXHAUSTION_CONFIRM_V1,1790247600000,2026-09-24T11:00:00+00:00,113.33,113.57,113.14,113.17,39.27068723702663,114.53200000000001,113.17350671698169,110.1343,1.1035714285714266,0.009751448516138787,45.53805774278211,1.2499999999999936,False,PLANNED_REWARD_TOO_LOW|RSI_NOT_BELOW_32|RSI_RECOVERY_NOT_CONFIRMED
2026-09-24T11:37:53.002794+00:00,SIE_OLD_MR_REGIME_EXHAUSTION_CONFIRM_V1,XRP,XRPUSDT,strategy-lab-v1.0.0:SIE_OLD_MR_REGIME_EXHAUSTION_CONFIRM_V1,1790226000000,2026-09-24T05:00:00+00:00,1.5005,1.5197,1.5004,1.5044,49.046610169491515,1.5158,1.4514312187469758,1.4177849999999999,0.018714285714285715,0.012439700687507122,37.74422735346361,1.250000000000006,False,RSI_NOT_BELOW_32|CLOSE_NOT_NEAR_OR_BELOW_LOWER_BB
2026-09-24T11:37:53.002794+00:00,SIE_OLD_MR_REGIME_EXHAUSTION_CONFIRM_V1,XRP,XRPUSDT,strategy-lab-v1.0.0:SIE_OLD_MR_REGIME_EXHAUSTION_CONFIRM_V1,1790229600000,2026-09-24T06:00:00+00:00,1.5044,1.5098,1.4995,1.5021,50.99118942731278,1.511185,1.457705161742955,1.4188545000000001,0.01694285714285715,0.011279446869620631,49.046610169491515,1.2500000000000033,False,RSI_NOT_BELOW_32|CLOSE_NOT_NEAR_OR_BELOW_LOWER_BB|RSI_RECOVERY_NOT_CONFIRMED
2026-09-24T11:37:53.002794+00:00,SIE_OLD_MR_REGIME_EXHAUSTION_CONFIRM_V1,XRP,XRPUSDT,strategy-lab-v1.0.0:SIE_OLD_MR_REGIME_EXHAUSTION_CONFIRM_V1,1790233200000,2026-09-24T07:00:00+00:00,1.502,1.5105,1.4946,1.5061,51.57780195865064,1.50785,1.462446321734911,1.4199735000000002,0.01640000000000002,0.010889051191819944,50.99118942731278,1.25,False,RSI_NOT_BELOW_32|CLOSE_NOT_NEAR_OR_BELOW_LOWER_BB
2026-09-24T11:37:53.002794+00:00,SIE_OLD_MR_REGIME_EXHAUSTION_CONFIRM_V1,XRP,XRPUSDT,strategy-lab-v1.0.0:SIE_OLD_MR_REGIME_EXHAUSTION_CONFIRM_V1,1790236800000,2026-09-24T08:00:00+00:00,1.5065,1.5082,1.4721,1.4832,44.052044609665465,1.503675,1.4659837344335627,1.4209595,0.017742857142857154,0.011962552011095707,51.57780195865064,1.250000000000003,False,RSI_NOT_BELOW_32|CLOSE_NOT_NEAR_OR_BELOW_LOWER_BB|RSI_RECOVERY_NOT_CONFIRMED
2026-09-24T11:37:53.002794+00:00,SIE_OLD_MR_REGIME_EXHAUSTION_CONFIRM_V1,XRP,XRPUSDT,strategy-lab-v1.0.0:SIE_OLD_MR_REGIME_EXHAUSTION_CONFIRM_V1,1790240400000,2026-09-24T09:00:00+00:00,1.4834,1.4856,1.4541,1.4578,36.29402756508424,1.497795,1.4718269061153935,1.4218760000000001,0.019007142857142872,0.013038237657527008,44.052044609665465,1.2499999999999942,False,PLANNED_REWARD_TOO_LOW|RSI_NOT_BELOW_32|RSI_RECOVERY_NOT_CONFIRMED
2026-09-24T11:37:53.002794+00:00,SIE_OLD_MR_REGIME_EXHAUSTION_CONFIRM_V1,XRP,XRPUSDT,strategy-lab-v1.0.0:SIE_OLD_MR_REGIME_EXHAUSTION_CONFIRM_V1,1790244000000,2026-09-24T10:00:00+00:00,1.4574,1.4699,1.4513,1.4671,43.7837837837838,1.49474,1.4694308396030262,1.4227695,0.018928571428571437,0.012902032191787496,36.29402756508424,1.2499999999999942,False,PLANNED_REWARD_TOO_LOW|RSI_NOT_BELOW_32
2026-09-24T11:37:53.002794+00:00,SIE_OLD_MR_REGIME_EXHAUSTION_CONFIRM_V1,XRP,XRPUSDT,strategy-lab-v1.0.0:SIE_OLD_MR_REGIME_EXHAUSTION_CONFIRM_V1,1790247600000,2026-09-24T11:00:00+00:00,1.4671,1.474,1.4668,1.471,37.989778534923374,1.49298,1.4662477273693435,1.4236435,0.017785714285714276,0.012090900262212288,43.7837837837838,1.249999999999997,False,PLANNED_REWARD_TOO_LOW|RSI_NOT_BELOW_32|CLOSE_NOT_NEAR_OR_BELOW_LOWER_BB|RSI_RECOVERY_NOT_CONFIRMED
2026-09-24T11:37:53.002794+00:00,SIE_OLD_MR_REGIME_EXHAUSTION_CONFIRM_V1,DOGE,DOGEUSDT,strategy-lab-v1.0.0:SIE_OLD_MR_REGIME_EXHAUSTION_CONFIRM_V1,1790226000000,2026-09-24T05:00:00+00:00,0.09409,0.09516,0.09402,0.09409,61.85383244206777,0.094277,0.08878635668614357,0.08906234999999998,0.0011328571428571427,0.012040143935138088,44.89003880983182,1.250000000000003,False,RSI_NOT_BELOW_32|CLOSE_NOT_NEAR_OR_BELOW_LOWER_BB|RSI_RECOVERY_NOT_CONFIRMED
2026-09-24T11:37:53.002794+00:00,SIE_OLD_MR_REGIME_EXHAUSTION_CONFIRM_V1,DOGE,DOGEUSDT,strategy-lab-v1.0.0:SIE_OLD_MR_REGIME_EXHAUSTION_CONFIRM_V1,1790229600000,2026-09-24T06:00:00+00:00,0.09415,0.09468,0.09392,0.0944,67.02127659574464,0.0939935,0.08918549303245134,0.08913365000000001,0.0010364285714285712,0.010979116222760288,61.85383244206777,1.2499999999999933,False,PLANNED_REWARD_TOO_LOW|RSI_NOT_BELOW_32|CLOSE_NOT_NEAR_OR_BELOW_LOWER_BB
2026-09-24T11:37:53.002794+00:00,SIE_OLD_MR_REGIME_EXHAUSTION_CONFIRM_V1,DOGE,DOGEUSDT,strategy-lab-v1.0.0:SIE_OLD_MR_REGIME_EXHAUSTION_CONFIRM_V1,1790233200000,2026-09-24T07:00:00+00:00,0.09436,0.09494,0.09383,0.09456,68.76090750436299,0.09375449999999999,0.08960291969847665,0.08920630000000002,0.0010257142857142856,0.0108472322939328,67.02127659574464,1.2500000000000033,False,RSI_NOT_BELOW_32|CLOSE_NOT_NEAR_OR_BELOW_LOWER_BB
2026-09-24T11:37:53.002794+00:00,SIE_OLD_MR_REGIME_EXHAUSTION_CONFIRM_V1,DOGE,DOGEUSDT,strategy-lab-v1.0.0:SIE_OLD_MR_REGIME_EXHAUSTION_CONFIRM_V1,1790236800000,2026-09-24T08:00:00+00:00,0.09456,0.09474,0.09253,0.09328,59.07046476761622,0.093446,0.09021920344614093,0.08927240000000002,0.001125,0.012060463121783875,68.76090750436299,1.249999999999997,False,PLANNED_REWARD_TOO_LOW|RSI_NOT_BELOW_32|CLOSE_NOT_NEAR_OR_BELOW_LOWER_BB|RSI_RECOVERY_NOT_CONFIRMED
2026-09-24T11:37:53.002794+00:00,SIE_OLD_MR_REGIME_EXHAUSTION_CONFIRM_V1,DOGE,DOGEUSDT,strategy-lab-v1.0.0:SIE_OLD_MR_REGIME_EXHAUSTION_CONFIRM_V1,1790240400000,2026-09-24T09:00:00+00:00,0.0933,0.09354,0.09138,0.09205,48.302872062663205,0.0930785,0.09129756457163743,0.08933545000000001,0.0012221428571428572,0.01327694575929231,59.07046476761622,1.2499999999999971,False,PLANNED_REWARD_TOO_LOW|RSI_NOT_BELOW_32|CLOSE_NOT_NEAR_OR_BELOW_LOWER_BB|RSI_RECOVERY_NOT_CONFIRMED
2026-09-24T11:37:53.002794+00:00,SIE_OLD_MR_REGIME_EXHAUSTION_CONFIRM_V1,DOGE,DOGEUSDT,strategy-lab-v1.0.0:SIE_OLD_MR_REGIME_EXHAUSTION_CONFIRM_V1,1790244000000,2026-09-24T10:00:00+00:00,0.09203,0.09276,0.09181,0.09273,55.37294563843239,0.09297,0.09139349754202633,0.0893989,0.0012414285714285708,0.01338756143026605,48.302872062663205,1.2499999999999971,False,PLANNED_REWARD_TOO_LOW|RSI_NOT_BELOW_32|CLOSE_NOT_NEAR_OR_BELOW_LOWER_BB
2026-09-24T11:37:53.002794+00:00,SIE_OLD_MR_REGIME_EXHAUSTION_CONFIRM_V1,DOGE,DOGEUSDT,strategy-lab-v1.0.0:SIE_OLD_MR_REGIME_EXHAUSTION_CONFIRM_V1,1790247600000,2026-09-24T11:00:00+00:00,0.09276,0.09299,0.09252,0.09256,50.33557046979872,0.09296000000000001,0.09137577779336453,0.08946175,0.001195714285714285,0.012918261513767123,55.37294563843239,1.2500000000000029,False,RSI_NOT_BELOW_32|CLOSE_NOT_NEAR_OR_BELOW_LOWER_BB|RSI_RECOVERY_NOT_CONFIRMED
2026-09-24T11:37:53.002794+00:00,SIE_OLD_MR_REGIME_EXHAUSTION_CONFIRM_V1,BNB,BNBUSDT,strategy-lab-v1.0.0:SIE_OLD_MR_REGIME_EXHAUSTION_CONFIRM_V1,1790226000000,2026-09-24T05:00:00+00:00,770.99,775.4,770.99,772.72,68.33122629582785,770.272,757.2801570206512,758.9502,4.93785714285715,0.006390228210551235,56.440147853284095,1.2499999999999885,False,PLANNED_REWARD_TOO_LOW|RSI_NOT_BELOW_32|CLOSE_NOT_NEAR_OR_BELOW_LOWER_BB
2026-09-24T11:37:53.002794+00:00,SIE_OLD_MR_REGIME_EXHAUSTION_CONFIRM_V1,BNB,BNBUSDT,strategy-lab-v1.0.0:SIE_OLD_MR_REGIME_EXHAUSTION_CONFIRM_V1,1790229600000,2026-09-24T06:00:00+00:00,773.05,773.52,771.0,772.21,62.446504992867176,769.6184999999999,758.5377558462865,759.2470499999998,4.44928571428572,0.00576175614701405,68.33122629582785,1.2500000000000129,False,RSI_NOT_BELOW_32|CLOSE_NOT_NEAR_OR_BELOW_LOWER_BB|RSI_RECOVERY_NOT_CONFIRMED
2026-09-24T11:37:53.002794+00:00,SIE_OLD_MR_REGIME_EXHAUSTION_CONFIRM_V1,BNB,BNBUSDT,strategy-lab-v1.0.0:SIE_OLD_MR_REGIME_EXHAUSTION_CONFIRM_V1,1790233200000,2026-09-24T07:00:00+00:00,772.2,777.47,770.7,776.01,65.29334212261018,769.2719999999999,759.5262099345381,759.56875,4.53214285714286,0.005840315018031804,62.446504992867176,1.25,False,RSI_NOT_BELOW_32|CLOSE_NOT_NEAR_OR_BELOW_LOWER_BB
2026-09-24T11:37:53.002794+00:00,SIE_OLD_MR_REGIME_EXHAUSTION_CONFIRM_V1,BNB,BNBUSDT,strategy-lab-v1.0.0:SIE_OLD_MR_REGIME_EXHAUSTION_CONFIRM_V1,1790236800000,2026-09-24T08:00:00+00:00,775.71,775.97,766.76,769.64,54.40812963471574,768.7850000000001,760.2045279850083,759.84865,4.937142857142858,0.006414873001848732,65.29334212261018,1.2499999999999885,False,PLANNED_REWARD_TOO_LOW|RSI_NOT_BELOW_32|CLOSE_NOT_NEAR_OR_BELOW_LOWER_BB|RSI_RECOVERY_NOT_CONFIRMED
2026-09-24T11:37:53.002794+00:00,SIE_OLD_MR_REGIME_EXHAUSTION_CONFIRM_V1,BNB,BNBUSDT,strategy-lab-v1.0.0:SIE_OLD_MR_REGIME_EXHAUSTION_CONFIRM_V1,1790240400000,2026-09-24T09:00:00+00:00,769.8,770.81,762.9,766.25,48.037431765011725,768.047,761.501692978931,760.138,5.2900000000000045,0.006903752039151718,54.40812963471574,1.25,False,RSI_NOT_BELOW_32|CLOSE_NOT_NEAR_OR_BELOW_LOWER_BB|RSI_RECOVERY_NOT_CONFIRMED
2026-09-24T11:37:53.002794+00:00,SIE_OLD_MR_REGIME_EXHAUSTION_CONFIRM_V1,BNB,BNBUSDT,strategy-lab-v1.0.0:SIE_OLD_MR_REGIME_EXHAUSTION_CONFIRM_V1,1790244000000,2026-09-24T10:00:00+00:00,766.47,769.22,765.19,768.46,54.00678673975466,768.149,761.6448385628848,760.41755,5.29785714285714,0.006894122196154828,48.037431765011725,1.2499999999999947,False,PLANNED_REWARD_TOO_LOW|RSI_NOT_BELOW_32|CLOSE_NOT_NEAR_OR_BELOW_LOWER_BB
2026-09-24T11:37:53.002794+00:00,SIE_OLD_MR_REGIME_EXHAUSTION_CONFIRM_V1,BNB,BNBUSDT,strategy-lab-v1.0.0:SIE_OLD_MR_REGIME_EXHAUSTION_CONFIRM_V1,1790247600000,2026-09-24T11:00:00+00:00,768.6,770.77,768.28,769.4,53.78966692892731,768.563,762.9017135737489,760.69525,5.337142857142851,0.00693675962716773,54.00678673975466,1.2499999999999893,False,PLANNED_REWARD_TOO_LOW|RSI_NOT_BELOW_32|CLOSE_NOT_NEAR_OR_BELOW_LOWER_BB|RSI_RECOVERY_NOT_CONFIRMED
2026-09-24T11:37:53.002794+00:00,SIE_OLD_MR_REGIME_EXHAUSTION_CONFIRM_V1,PAXG,PAXGUSDT,strategy-lab-v1.0.0:SIE_OLD_MR_REGIME_EXHAUSTION_CONFIRM_V1,1790226000000,2026-09-24T05:00:00+00:00,4289.0,4292.6,4276.23,4278.02,48.7065120428191,4290.051,4268.206539924288,4339.84,12.37785714285727,0.0028933612145004626,48.15345606879051,1.2499999999999634,False,TREND_SUPPORT_NOT_CONFIRMED|PLANNED_REWARD_TOO_LOW|RSI_NOT_BELOW_32|CLOSE_NOT_NEAR_OR_BELOW_LOWER_BB|CLOSE_NOT_ABOVE_MA200|RSI_RECOVERY_NOT_CONFIRMED
2026-09-24T11:37:53.002794+00:00,SIE_OLD_MR_REGIME_EXHAUSTION_CONFIRM_V1,PAXG,PAXGUSDT,strategy-lab-v1.0.0:SIE_OLD_MR_REGIME_EXHAUSTION_CONFIRM_V1,1790229600000,2026-09-24T06:00:00+00:00,4279.49,4282.68,4271.93,4273.82,44.44444444444467,4287.8925,4268.758993395111,4339.7627,12.303571428571558,0.002878823026840522,48.7065120428191,1.2500000000000184,False,TREND_SUPPORT_NOT_CONFIRMED|RSI_NOT_BELOW_32|CLOSE_NOT_NEAR_OR_BELOW_LOWER_BB|CLOSE_NOT_ABOVE_MA200|RSI_RECOVERY_NOT_CONFIRMED
2026-09-24T11:37:53.002794+00:00,SIE_OLD_MR_REGIME_EXHAUSTION_CONFIRM_V1,PAXG,PAXGUSDT,strategy-lab-v1.0.0:SIE_OLD_MR_REGIME_EXHAUSTION_CONFIRM_V1,1790233200000,2026-09-24T07:00:00+00:00,4273.81,4283.48,4272.32,4273.99,39.62717979555062,4285.914,4269.872646690529,4339.720850000001,11.94071428571442,0.002793809598458214,44.44444444444467,1.2500000000000382,False,TREND_SUPPORT_NOT_CONFIRMED|RSI_NOT_BELOW_32|CLOSE_NOT_NEAR_OR_BELOW_LOWER_BB|CLOSE_NOT_ABOVE_MA200|RSI_RECOVERY_NOT_CONFIRMED
2026-09-24T11:37:53.002794+00:00,SIE_OLD_MR_REGIME_EXHAUSTION_CONFIRM_V1,PAXG,PAXGUSDT,strategy-lab-v1.0.0:SIE_OLD_MR_REGIME_EXHAUSTION_CONFIRM_V1,1790236800000,2026-09-24T08:00:00+00:00,4277.66,4279.58,4257.08,4257.43,34.10620018631664,4283.2970000000005,4266.612391404076,4339.61015,12.81500000000012,0.0030100318736890844,39.62717979555062,1.2500000000000355,False,TREND_SUPPORT_NOT_CONFIRMED|RSI_NOT_BELOW_32|CLOSE_NOT_ABOVE_MA200|RSI_RECOVERY_NOT_CONFIRMED
2026-09-24T11:37:53.002794+00:00,SIE_OLD_MR_REGIME_EXHAUSTION_CONFIRM_V1,PAXG,PAXGUSDT,strategy-lab-v1.0.0:SIE_OLD_MR_REGIME_EXHAUSTION_CONFIRM_V1,1790240400000,2026-09-24T09:00:00+00:00,4258.69,4260.19,4248.14,4252.99,34.77939624234794,4281.4974999999995,4260.45784898105,4339.463949999999,12.91000000000005,0.0030355114872125375,34.10620018631664,1.25,False,TREND_SUPPORT_NOT_CONFIRMED|RSI_NOT_BELOW_32|CLOSE_NOT_ABOVE_MA200|RSI_RECOVERY_NOT_CONFIRMED
2026-09-24T11:37:53.002794+00:00,SIE_OLD_MR_REGIME_EXHAUSTION_CONFIRM_V1,PAXG,PAXGUSDT,strategy-lab-v1.0.0:SIE_OLD_MR_REGIME_EXHAUSTION_CONFIRM_V1,1790244000000,2026-09-24T10:00:00+00:00,4253.82,4259.39,4242.59,4255.56,36.611008039580256,4279.658,4256.417360938238,4339.120400000001,13.618571428571483,0.0032001831553477057,34.77939624234794,1.25,False,TREND_SUPPORT_NOT_CONFIRMED|RSI_NOT_BELOW_32|CLOSE_NOT_ABOVE_MA200
2026-09-24T11:37:53.002794+00:00,SIE_OLD_MR_REGIME_EXHAUSTION_CONFIRM_V1,PAXG,PAXGUSDT,strategy-lab-v1.0.0:SIE_OLD_MR_REGIME_EXHAUSTION_CONFIRM_V1,1790247600000,2026-09-24T11:00:00+00:00,4256.53,4262.02,4249.99,4258.52,36.348582074105785,4278.567,4253.57427777934,4338.7737,13.920714285714373,0.003268908983805259,36.611008039580256,1.2500000000000326,False,TREND_SUPPORT_NOT_CONFIRMED|RSI_NOT_BELOW_32|CLOSE_NOT_NEAR_OR_BELOW_LOWER_BB|CLOSE_NOT_ABOVE_MA200|RSI_RECOVERY_NOT_CONFIRMED
2026-09-24T17:04:05.226582+00:00,SIE_OLD_MR_REGIME_EXHAUSTION_CONFIRM_V1,BTC,BTCUSDT,strategy-lab-v1.0.0:SIE_OLD_MR_REGIME_EXHAUSTION_CONFIRM_V1,1790251199999,2026-09-24T11:59:59.999000+00:00,84524.02,84622.01,82874.93,83494.58,35.50760467554048,85241.29000000001,82727.81474248803,79131.09694999999,993.8000000000009,0.011902569005077945,35.99295898891728,1.2499999999999964,False,PLANNED_REWARD_TOO_LOW|RSI_NOT_BELOW_32|CLOSE_NOT_NEAR_OR_BELOW_LOWER_BB|RSI_RECOVERY_NOT_CONFIRMED
2026-09-24T17:04:05.226582+00:00,SIE_OLD_MR_REGIME_EXHAUSTION_CONFIRM_V1,BTC,BTCUSDT,strategy-lab-v1.0.0:SIE_OLD_MR_REGIME_EXHAUSTION_CONFIRM_V1,1790265599999,2026-09-24T15:59:59.999000+00:00,83494.59,84942.45,83346.66,84418.0,44.32510412146975,85376.18950000001,83401.2350481546,79166.74105,1063.7685714285722,0.012601205565502288,35.50760467554048,1.2500000000000069,False,RSI_NOT_BELOW_32|CLOSE_NOT_NEAR_OR_BELOW_LOWER_BB
2026-09-24T17:04:05.226582+00:00,SIE_OLD_MR_REGIME_EXHAUSTION_CONFIRM_V1,SOL,SOLUSDT,strategy-lab-v1.0.0:SIE_OLD_MR_REGIME_EXHAUSTION_CONFIRM_V1,1790251199999,2026-09-24T11:59:59.999000+00:00,115.52,115.64,112.52,113.35,36.679536679536675,116.49199999999999,112.59029985775531,103.64035,2.1578571428571416,0.019037116390446772,36.878881987577614,1.2500000000000016,False,RSI_NOT_BELOW_32|CLOSE_NOT_NEAR_OR_BELOW_LOWER_BB|RSI_RECOVERY_NOT_CONFIRMED
2026-09-24T17:04:05.226582+00:00,SIE_OLD_MR_REGIME_EXHAUSTION_CONFIRM_V1,SOL,SOLUSDT,strategy-lab-v1.0.0:SIE_OLD_MR_REGIME_EXHAUSTION_CONFIRM_V1,1790265599999,2026-09-24T15:59:59.999000+00:00,113.34,116.63,113.11,116.33,50.03236245954694,116.70300000000002,113.35485962062641,103.74969999999999,2.2921428571428555,0.019703798307769756,36.679536679536675,1.2499999999999984,False,PLANNED_REWARD_TOO_LOW|RSI_NOT_BELOW_32|CLOSE_NOT_NEAR_OR_BELOW_LOWER_BB
2026-09-24T17:04:05.226582+00:00,SIE_OLD_MR_REGIME_EXHAUSTION_CONFIRM_V1,XRP,XRPUSDT,strategy-lab-v1.0.0:SIE_OLD_MR_REGIME_EXHAUSTION_CONFIRM_V1,1790251199999,2026-09-24T11:59:59.999000+00:00,1.5066,1.5085,1.4517,1.4696,42.81698938163647,1.52736,1.4328475796521982,1.410219,0.047971428571428554,0.03264250719340538,45.0986842105263,1.25,False,RSI_NOT_BELOW_32|CLOSE_NOT_NEAR_OR_BELOW_LOWER_BB|RSI_RECOVERY_NOT_CONFIRMED
2026-09-24T17:04:05.226582+00:00,SIE_OLD_MR_REGIME_EXHAUSTION_CONFIRM_V1,XRP,XRPUSDT,strategy-lab-v1.0.0:SIE_OLD_MR_REGIME_EXHAUSTION_CONFIRM_V1,1790265599999,2026-09-24T15:59:59.999000+00:00,1.4697,1.5273,1.4663,1.515,49.50358521787093,1.531175,1.4455431396908862,1.409975,0.04997857142857143,0.03298915605846299,42.81698938163647,1.25,False,RSI_NOT_BELOW_32|CLOSE_NOT_NEAR_OR_BELOW_LOWER_BB
2026-09-24T17:04:05.226582+00:00,SIE_OLD_MR_REGIME_EXHAUSTION_CONFIRM_V1,DOGE,DOGEUSDT,strategy-lab-v1.0.0:SIE_OLD_MR_REGIME_EXHAUSTION_CONFIRM_V1,1790251199999,2026-09-24T11:59:59.999000+00:00,0.09462,0.09476,0.09141,0.0927,32.13317847464191,0.097027,0.0892733528581722,0.08721925000000001,0.003407857142857143,0.03676221297580521,39.93068925683483,1.249999999999999,False,PLANNED_REWARD_TOO_LOW|RSI_NOT_BELOW_32|CLOSE_NOT_NEAR_OR_BELOW_LOWER_BB|RSI_RECOVERY_NOT_CONFIRMED
2026-09-24T17:04:05.226582+00:00,SIE_OLD_MR_REGIME_EXHAUSTION_CONFIRM_V1,DOGE,DOGEUSDT,strategy-lab-v1.0.0:SIE_OLD_MR_REGIME_EXHAUSTION_CONFIRM_V1,1790265599999,2026-09-24T15:59:59.999000+00:00,0.0927,0.09622,0.09218,0.09567,43.83508362504864,0.0973235,0.09028676702226282,0.08723234999999999,0.003161428571428572,0.03304514028879034,32.13317847464191,1.2499999999999978,False,PLANNED_REWARD_TOO_LOW|RSI_NOT_BELOW_32|CLOSE_NOT_NEAR_OR_BELOW_LOWER_BB
2026-09-24T17:04:05.226582+00:00,SIE_OLD_MR_REGIME_EXHAUSTION_CONFIRM_V1,BNB,BNBUSDT,strategy-lab-v1.0.0:SIE_OLD_MR_REGIME_EXHAUSTION_CONFIRM_V1,1790251199999,2026-09-24T11:59:59.999000+00:00,775.8,776.42,763.04,769.98,37.63856664088687,783.125,758.6857393728811,726.0359,11.151428571428571,0.014482750943438233,35.60541397390563,1.249999999999995,False,PLANNED_REWARD_TOO_LOW|RSI_NOT_BELOW_32|CLOSE_NOT_NEAR_OR_BELOW_LOWER_BB|RSI_RECOVERY_NOT_CONFIRMED
2026-09-24T17:04:05.226582+00:00,SIE_OLD_MR_REGIME_EXHAUSTION_CONFIRM_V1,BNB,BNBUSDT,strategy-lab-v1.0.0:SIE_OLD_MR_REGIME_EXHAUSTION_CONFIRM_V1,1790265599999,2026-09-24T15:59:59.999000+00:00,769.97,783.76,768.85,780.54,47.355883754168616,783.7165,760.1441439234377,726.4083,11.693571428571422,0.014981386512634103,37.63856664088687,1.25,False,RSI_NOT_BELOW_32|CLOSE_NOT_NEAR_OR_BELOW_LOWER_BB
2026-09-24T17:04:05.226582+00:00,SIE_OLD_MR_REGIME_EXHAUSTION_CONFIRM_V1,PAXG,PAXGUSDT,strategy-lab-v1.0.0:SIE_OLD_MR_REGIME_EXHAUSTION_CONFIRM_V1,1790251199999,2026-09-24T11:59:59.999000+00:00,4274.88,4282.11,4243.22,4263.17,31.248175892596635,4321.593,4256.78070730802,4423.6357499999995,30.97571428571421,0.00726588765770875,29.372228064560574,1.2500000000000147,False,TREND_SUPPORT_NOT_CONFIRMED|CLOSE_NOT_NEAR_OR_BELOW_LOWER_BB|CLOSE_NOT_ABOVE_MA200|RSI_RECOVERY_NOT_CONFIRMED
2026-09-24T17:04:05.226582+00:00,SIE_OLD_MR_REGIME_EXHAUSTION_CONFIRM_V1,PAXG,PAXGUSDT,strategy-lab-v1.0.0:SIE_OLD_MR_REGIME_EXHAUSTION_CONFIRM_V1,1790265599999,2026-09-24T15:59:59.999000+00:00,4263.45,4281.25,4243.71,4254.37,36.00291430813218,4317.2654999999995,4246.875131205748,4421.94165,30.502857142857074,0.0071697706459139835,31.248175892596635,1.2500000000000149,False,TREND_SUPPORT_NOT_CONFIRMED|RSI_NOT_BELOW_32|CLOSE_NOT_NEAR_OR_BELOW_LOWER_BB|CLOSE_NOT_ABOVE_MA200|RSI_RECOVERY_NOT_CONFIRMED
2026-09-24T21:27:36.654637+00:00,SIE_OLD_MR_REGIME_EXHAUSTION_CONFIRM_V1,BTC,BTCUSDT,strategy-lab-v1.0.0:SIE_OLD_MR_REGIME_EXHAUSTION_CONFIRM_V1,1790265600000,2026-09-24T16:00:00+00:00,84406.43,84917.51,84010.92,84467.79,51.21925494226856,84038.52849999999,83257.9233466355,81614.79165,713.9350000000039,0.008452156733353672,52.998670888472205,1.25,False,RSI_NOT_BELOW_32|CLOSE_NOT_NEAR_OR_BELOW_LOWER_BB|RSI_RECOVERY_NOT_CONFIRMED
2026-09-24T21:27:36.654637+00:00,SIE_OLD_MR_REGIME_EXHAUSTION_CONFIRM_V1,BTC,BTCUSDT,strategy-lab-v1.0.0:SIE_OLD_MR_REGIME_EXHAUSTION_CONFIRM_V1,1790269200000,2026-09-24T17:00:00+00:00,84466.5,84547.71,83974.6,84091.6,51.70612551672307,84023.14050000001,83259.64807316975,81655.6294,708.616428571432,0.008426720725630527,51.21925494226856,1.2499999999999898,False,PLANNED_REWARD_TOO_LOW|RSI_NOT_BELOW_32|CLOSE_NOT_NEAR_OR_BELOW_LOWER_BB|RSI_RECOVERY_NOT_CONFIRMED
2026-09-24T21:27:36.654637+00:00,SIE_OLD_MR_REGIME_EXHAUSTION_CONFIRM_V1,BTC,BTCUSDT,strategy-lab-v1.0.0:SIE_OLD_MR_REGIME_EXHAUSTION_CONFIRM_V1,1790272800000,2026-09-24T18:00:00+00:00,84090.54,84535.56,83850.38,84453.28,54.242206647716195,84018.29500000001,83267.11290945995,81698.2958,735.3407142857167,0.008707071108259107,51.70612551672307,1.2500000000000049,False,RSI_NOT_BELOW_32|CLOSE_NOT_NEAR_OR_BELOW_LOWER_BB
2026-09-24T21:27:36.654637+00:00,SIE_OLD_MR_REGIME_EXHAUSTION_CONFIRM_V1,BTC,BTCUSDT,strategy-lab-v1.0.0:SIE_OLD_MR_REGIME_EXHAUSTION_CONFIRM_V1,1790276400000,2026-09-24T19:00:00+00:00,84453.28,84638.59,84266.16,84395.47,54.254548764176526,84019.153,83266.29071208,81739.36245,728.8407142857156,0.008636017007615642,54.242206647716195,1.2500000000000049,False,RSI_NOT_BELOW_32|CLOSE_NOT_NEAR_OR_BELOW_LOWER_BB|RSI_RECOVERY_NOT_CONFIRMED
2026-09-24T21:27:36.654637+00:00,SIE_OLD_MR_REGIME_EXHAUSTION_CONFIRM_V1,BTC,BTCUSDT,strategy-lab-v1.0.0:SIE_OLD_MR_REGIME_EXHAUSTION_CONFIRM_V1,1790280000000,2026-09-24T20:00:00+00:00,84388.0,84471.9,84145.07,84354.08,52.60275793454992,84021.79400000001,83264.63346733592,81781.62680000001,729.1078571428568,0.008643421363173621,54.254548764176526,1.2500000000000049,False,RSI_NOT_BELOW_32|CLOSE_NOT_NEAR_OR_BELOW_LOWER_BB|RSI_RECOVERY_NOT_CONFIRMED
2026-09-24T21:27:36.654637+00:00,SIE_OLD_MR_REGIME_EXHAUSTION_CONFIRM_V1,BTC,BTCUSDT,strategy-lab-v1.0.0:SIE_OLD_MR_REGIME_EXHAUSTION_CONFIRM_V1,1790283600000,2026-09-24T21:00:00+00:00,84359.99,84437.62,84274.6,84408.52,48.970816863295326,84037.2005,83261.9466287893,81825.7589,693.3214285714275,0.008213879695692183,52.60275793454992,1.2499999999999947,False,PLANNED_REWARD_TOO_LOW|RSI_NOT_BELOW_32|CLOSE_NOT_NEAR_OR_BELOW_LOWER_BB|RSI_RECOVERY_NOT_CONFIRMED
2026-09-24T21:27:36.654637+00:00,SIE_OLD_MR_REGIME_EXHAUSTION_CONFIRM_V1,SOL,SOLUSDT,strategy-lab-v1.0.0:SIE_OLD_MR_REGIME_EXHAUSTION_CONFIRM_V1,1790265600000,2026-09-24T16:00:00+00:00,116.3,117.76,115.87,117.06,59.13757700205336,114.7865,112.91828935876973,110.5908,1.412857142857142,0.012069512582070237,58.36820083682002,1.2500000000000024,False,RSI_NOT_BELOW_32|CLOSE_NOT_NEAR_OR_BELOW_LOWER_BB
2026-09-24T21:27:36.654637+00:00,SIE_OLD_MR_REGIME_EXHAUSTION_CONFIRM_V1,SOL,SOLUSDT,strategy-lab-v1.0.0:SIE_OLD_MR_REGIME_EXHAUSTION_CONFIRM_V1,1790269200000,2026-09-24T17:00:00+00:00,117.06,117.34,116.46,116.74,60.82365364308336,114.8885,112.83659088895095,110.68844999999999,1.393571428571428,0.011937394454098237,59.13757700205336,1.2499999999999976,False,PLANNED_REWARD_TOO_LOW|RSI_NOT_BELOW_32|CLOSE_NOT_NEAR_OR_BELOW_LOWER_BB|RSI_RECOVERY_NOT_CONFIRMED
2026-09-24T21:27:36.654637+00:00,SIE_OLD_MR_REGIME_EXHAUSTION_CONFIRM_V1,SOL,SOLUSDT,strategy-lab-v1.0.0:SIE_OLD_MR_REGIME_EXHAUSTION_CONFIRM_V1,1790272800000,2026-09-24T18:00:00+00:00,116.73,117.54,116.24,117.37,60.48988285410005,115.00050000000002,112.68100458073184,110.7893,1.4085714285714295,0.012001119779938906,60.82365364308336,1.250000000000005,False,RSI_NOT_BELOW_32|CLOSE_NOT_NEAR_OR_BELOW_LOWER_BB|RSI_RECOVERY_NOT_CONFIRMED
2026-09-24T21:27:36.654637+00:00,SIE_OLD_MR_REGIME_EXHAUSTION_CONFIRM_V1,SOL,SOLUSDT,strategy-lab-v1.0.0:SIE_OLD_MR_REGIME_EXHAUSTION_CONFIRM_V1,1790276400000,2026-09-24T19:00:00+00:00,117.37,117.68,117.06,117.28,63.82022471910111,115.11499999999998,112.59174416675475,110.88600000000001,1.3607142857142875,0.011602270512570664,60.48988285410005,1.2499999999999973,False,PLANNED_REWARD_TOO_LOW|RSI_NOT_BELOW_32|CLOSE_NOT_NEAR_OR_BELOW_LOWER_BB|RSI_RECOVERY_NOT_CONFIRMED
2026-09-24T21:27:36.654637+00:00,SIE_OLD_MR_REGIME_EXHAUSTION_CONFIRM_V1,SOL,SOLUSDT,strategy-lab-v1.0.0:SIE_OLD_MR_REGIME_EXHAUSTION_CONFIRM_V1,1790280000000,2026-09-24T20:00:00+00:00,117.24,117.43,116.61,116.82,60.748663101604166,115.19950000000001,112.56898313063648,110.98264999999999,1.3800000000000014,0.01181304571135081,63.82022471910111,1.25,False,RSI_NOT_BELOW_32|CLOSE_NOT_NEAR_OR_BELOW_LOWER_BB|RSI_RECOVERY_NOT_CONFIRMED
2026-09-24T21:27:36.654637+00:00,SIE_OLD_MR_REGIME_EXHAUSTION_CONFIRM_V1,SOL,SOLUSDT,strategy-lab-v1.0.0:SIE_OLD_MR_REGIME_EXHAUSTION_CONFIRM_V1,1790283600000,2026-09-24T21:00:00+00:00,116.82,116.95,116.62,116.91,58.00915331807771,115.30999999999999,112.58859595061553,111.0817,1.3192857142857162,0.011284626758067883,60.748663101604166,1.2499999999999947,False,PLANNED_REWARD_TOO_LOW|RSI_NOT_BELOW_32|CLOSE_NOT_NEAR_OR_BELOW_LOWER_BB|RSI_RECOVERY_NOT_CONFIRMED
2026-09-24T21:27:36.654637+00:00,SIE_OLD_MR_REGIME_EXHAUSTION_CONFIRM_V1,XRP,XRPUSDT,strategy-lab-v1.0.0:SIE_OLD_MR_REGIME_EXHAUSTION_CONFIRM_V1,1790265600000,2026-09-24T16:00:00+00:00,1.5146,1.5366,1.5033,1.5326,59.204618345092975,1.495455,1.4619794283095904,1.4289685,0.02268571428571429,0.014802110326056566,58.15789473684208,1.25,False,RSI_NOT_BELOW_32|CLOSE_NOT_NEAR_OR_BELOW_LOWER_BB
2026-09-24T21:27:36.654637+00:00,SIE_OLD_MR_REGIME_EXHAUSTION_CONFIRM_V1,XRP,XRPUSDT,strategy-lab-v1.0.0:SIE_OLD_MR_REGIME_EXHAUSTION_CONFIRM_V1,1790269200000,2026-09-24T17:00:00+00:00,1.5323,1.5433,1.5227,1.5275,61.00462656972905,1.49687,1.460604639116648,1.430154,0.022778571428571443,0.014912321720832369,59.204618345092975,1.2500000000000024,False,RSI_NOT_BELOW_32|CLOSE_NOT_NEAR_OR_BELOW_LOWER_BB|RSI_RECOVERY_NOT_CONFIRMED
2026-09-24T21:27:36.654637+00:00,SIE_OLD_MR_REGIME_EXHAUSTION_CONFIRM_V1,XRP,XRPUSDT,strategy-lab-v1.0.0:SIE_OLD_MR_REGIME_EXHAUSTION_CONFIRM_V1,1790272800000,2026-09-24T18:00:00+00:00,1.5273,1.541,1.5151,1.5367,61.713173264114225,1.498615,1.4584226984983475,1.4313965,0.02365714285714287,0.015394769868642461,61.00462656972905,1.2500000000000024,False,RSI_NOT_BELOW_32|CLOSE_NOT_NEAR_OR_BELOW_LOWER_BB
2026-09-24T21:27:36.654637+00:00,SIE_OLD_MR_REGIME_EXHAUSTION_CONFIRM_V1,XRP,XRPUSDT,strategy-lab-v1.0.0:SIE_OLD_MR_REGIME_EXHAUSTION_CONFIRM_V1,1790276400000,2026-09-24T19:00:00+00:00,1.5368,1.5374,1.5241,1.528,57.42138364779878,1.49997,1.4577831726720325,1.432563,0.02322857142857144,0.015201944652206438,61.713173264114225,1.2500000000000024,False,RSI_NOT_BELOW_32|CLOSE_NOT_NEAR_OR_BELOW_LOWER_BB|RSI_RECOVERY_NOT_CONFIRMED
2026-09-24T21:27:36.654637+00:00,SIE_OLD_MR_REGIME_EXHAUSTION_CONFIRM_V1,XRP,XRPUSDT,strategy-lab-v1.0.0:SIE_OLD_MR_REGIME_EXHAUSTION_CONFIRM_V1,1790280000000,2026-09-24T20:00:00+00:00,1.528,1.5341,1.5221,1.5303,58.8679245283019,1.50142,1.457205224189195,1.4338055,0.023350000000000013,0.015258446056328832,57.42138364779878,1.2499999999999976,False,PLANNED_REWARD_TOO_LOW|RSI_NOT_BELOW_32|CLOSE_NOT_NEAR_OR_BELOW_LOWER_BB
2026-09-24T21:27:36.654637+00:00,SIE_OLD_MR_REGIME_EXHAUSTION_CONFIRM_V1,XRP,XRPUSDT,strategy-lab-v1.0.0:SIE_OLD_MR_REGIME_EXHAUSTION_CONFIRM_V1,1790283600000,2026-09-24T21:00:00+00:00,1.5306,1.5362,1.5292,1.5356,59.2014971927636,1.5037150000000001,1.4574542055839967,1.4351124999999998,0.022714285714285735,0.014791798459420248,58.8679245283019,1.25,False,RSI_NOT_BELOW_32|CLOSE_NOT_NEAR_OR_BELOW_LOWER_BB
2026-09-24T21:27:36.654637+00:00,SIE_OLD_MR_REGIME_EXHAUSTION_CONFIRM_V1,DOGE,DOGEUSDT,strategy-lab-v1.0.0:SIE_OLD_MR_REGIME_EXHAUSTION_CONFIRM_V1,1790265600000,2026-09-24T16:00:00+00:00,0.09565,0.09753,0.09502,0.09639,64.45182724252491,0.0935715,0.09136888995734671,0.0898311,0.0015428571428571425,0.016006402561024407,66.21052631578945,1.2499999999999978,False,PLANNED_REWARD_TOO_LOW|RSI_NOT_BELOW_32|CLOSE_NOT_NEAR_OR_BELOW_LOWER_BB|RSI_RECOVERY_NOT_CONFIRMED
2026-09-24T21:27:36.654637+00:00,SIE_OLD_MR_REGIME_EXHAUSTION_CONFIRM_V1,DOGE,DOGEUSDT,strategy-lab-v1.0.0:SIE_OLD_MR_REGIME_EXHAUSTION_CONFIRM_V1,1790269200000,2026-09-24T17:00:00+00:00,0.09636,0.09636,0.09544,0.0959,65.39325842696621,0.093741,0.09137549878461308,0.0899114,0.0015214285714285714,0.015864740056606583,64.45182724252491,1.2499999999999978,False,PLANNED_REWARD_TOO_LOW|RSI_NOT_BELOW_32|CLOSE_NOT_NEAR_OR_BELOW_LOWER_BB|RSI_RECOVERY_NOT_CONFIRMED
2026-09-24T21:27:36.654637+00:00,SIE_OLD_MR_REGIME_EXHAUSTION_CONFIRM_V1,DOGE,DOGEUSDT,strategy-lab-v1.0.0:SIE_OLD_MR_REGIME_EXHAUSTION_CONFIRM_V1,1790272800000,2026-09-24T18:00:00+00:00,0.09584,0.09689,0.09511,0.09667,64.67889908256879,0.0939435,0.09131746667957222,0.0899949,0.0015549999999999997,0.016085652218889,65.39325842696621,1.2500000000000044,False,RSI_NOT_BELOW_32|CLOSE_NOT_NEAR_OR_BELOW_LOWER_BB|RSI_RECOVERY_NOT_CONFIRMED
2026-09-24T21:27:36.654637+00:00,SIE_OLD_MR_REGIME_EXHAUSTION_CONFIRM_V1,DOGE,DOGEUSDT,strategy-lab-v1.0.0:SIE_OLD_MR_REGIME_EXHAUSTION_CONFIRM_V1,1790276400000,2026-09-24T19:00:00+00:00,0.09666,0.09667,0.09599,0.09622,61.639344262295076,0.09411950000000001,0.09138100059339119,0.09007535000000001,0.0015221428571428578,0.015819401965733296,64.67889908256879,1.25,False,RSI_NOT_BELOW_32|CLOSE_NOT_NEAR_OR_BELOW_LOWER_BB|RSI_RECOVERY_NOT_CONFIRMED
2026-09-24T21:27:36.654637+00:00,SIE_OLD_MR_REGIME_EXHAUSTION_CONFIRM_V1,DOGE,DOGEUSDT,strategy-lab-v1.0.0:SIE_OLD_MR_REGIME_EXHAUSTION_CONFIRM_V1,1790280000000,2026-09-24T20:00:00+00:00,0.09618,0.09635,0.09562,0.09574,57.18884120171676,0.09425950000000001,0.09149039563215888,0.09015745000000001,0.0015200000000000016,0.01587633173177357,61.639344262295076,1.2500000000000022,False,RSI_NOT_BELOW_32|CLOSE_NOT_NEAR_OR_BELOW_LOWER_BB|RSI_RECOVERY_NOT_CONFIRMED
2026-09-24T21:27:36.654637+00:00,SIE_OLD_MR_REGIME_EXHAUSTION_CONFIRM_V1,DOGE,DOGEUSDT,strategy-lab-v1.0.0:SIE_OLD_MR_REGIME_EXHAUSTION_CONFIRM_V1,1790283600000,2026-09-24T21:00:00+00:00,0.09579,0.0962,0.0956,0.09614,58.26359832635981,0.0944385,0.09166913707687187,0.09024205,0.0014835714285714294,0.015431364973699077,57.18884120171676,1.2499999999999976,False,PLANNED_REWARD_TOO_LOW|RSI_NOT_BELOW_32|CLOSE_NOT_NEAR_OR_BELOW_LOWER_BB
2026-09-24T21:27:36.654637+00:00,SIE_OLD_MR_REGIME_EXHAUSTION_CONFIRM_V1,BNB,BNBUSDT,strategy-lab-v1.0.0:SIE_OLD_MR_REGIME_EXHAUSTION_CONFIRM_V1,1790265600000,2026-09-24T16:00:00+00:00,779.58,785.88,778.23,780.54,59.66942148760323,771.2515000000001,762.2646979547753,762.32375,6.023571428571431,0.007717184806123237,64.63768115942034,1.2499999999999953,False,PLANNED_REWARD_TOO_LOW|RSI_NOT_BELOW_32|CLOSE_NOT_NEAR_OR_BELOW_LOWER_BB|RSI_RECOVERY_NOT_CONFIRMED
2026-09-24T21:27:36.654637+00:00,SIE_OLD_MR_REGIME_EXHAUSTION_CONFIRM_V1,BNB,BNBUSDT,strategy-lab-v1.0.0:SIE_OLD_MR_REGIME_EXHAUSTION_CONFIRM_V1,1790269200000,2026-09-24T17:00:00+00:00,780.26,781.23,777.68,778.21,65.02830674215144,771.8365,762.6396803866742,762.66325,5.714285714285722,0.00734285824428589,59.66942148760323,1.25,False,RSI_NOT_BELOW_32|CLOSE_NOT_NEAR_OR_BELOW_LOWER_BB|RSI_RECOVERY_NOT_CONFIRMED
2026-09-24T21:27:36.654637+00:00,SIE_OLD_MR_REGIME_EXHAUSTION_CONFIRM_V1,BNB,BNBUSDT,strategy-lab-v1.0.0:SIE_OLD_MR_REGIME_EXHAUSTION_CONFIRM_V1,1790272800000,2026-09-24T18:00:00+00:00,777.88,781.81,776.22,781.49,63.97136797454934,772.5225,762.6214982829991,763.01625,5.695714285714287,0.007288275327533668,65.02830674215144,1.24999999999999,False,PLANNED_REWARD_TOO_LOW|RSI_NOT_BELOW_32|CLOSE_NOT_NEAR_OR_BELOW_LOWER_BB|RSI_RECOVERY_NOT_CONFIRMED
2026-09-24T21:27:36.654637+00:00,SIE_OLD_MR_REGIME_EXHAUSTION_CONFIRM_V1,BNB,BNBUSDT,strategy-lab-v1.0.0:SIE_OLD_MR_REGIME_EXHAUSTION_CONFIRM_V1,1790276400000,2026-09-24T19:00:00+00:00,781.38,781.6,778.68,779.54,58.99736147757251,773.136,763.0933103204344,763.34545,5.586428571428582,0.0071663141999494355,63.97136797454934,1.2500000000000102,False,RSI_NOT_BELOW_32|CLOSE_NOT_NEAR_OR_BELOW_LOWER_BB|RSI_RECOVERY_NOT_CONFIRMED
2026-09-24T21:27:36.654637+00:00,SIE_OLD_MR_REGIME_EXHAUSTION_CONFIRM_V1,BNB,BNBUSDT,strategy-lab-v1.0.0:SIE_OLD_MR_REGIME_EXHAUSTION_CONFIRM_V1,1790280000000,2026-09-24T20:00:00+00:00,778.77,780.08,776.81,779.52,59.7701149425287,773.7450000000001,763.7048575707289,763.68125,5.640000000000019,0.007235221674876872,58.99736147757251,1.249999999999995,False,PLANNED_REWARD_TOO_LOW|RSI_NOT_BELOW_32|CLOSE_NOT_NEAR_OR_BELOW_LOWER_BB|RSI_RECOVERY_NOT_CONFIRMED
2026-09-24T21:27:36.654637+00:00,SIE_OLD_MR_REGIME_EXHAUSTION_CONFIRM_V1,BNB,BNBUSDT,strategy-lab-v1.0.0:SIE_OLD_MR_REGIME_EXHAUSTION_CONFIRM_V1,1790283600000,2026-09-24T21:00:00+00:00,779.51,780.08,778.68,779.58,55.30145530145538,774.4085,764.672118177164,764.02485,5.256428571428598,0.006742641642202979,59.7701149425287,1.2499999999999891,False,PLANNED_REWARD_TOO_LOW|RSI_NOT_BELOW_32|CLOSE_NOT_NEAR_OR_BELOW_LOWER_BB|RSI_RECOVERY_NOT_CONFIRMED
2026-09-24T21:27:36.654637+00:00,SIE_OLD_MR_REGIME_EXHAUSTION_CONFIRM_V1,PAXG,PAXGUSDT,strategy-lab-v1.0.0:SIE_OLD_MR_REGIME_EXHAUSTION_CONFIRM_V1,1790265600000,2026-09-24T16:00:00+00:00,4253.89,4279.66,4250.1,4267.9,41.30417495029801,4272.9220000000005,4244.51824419203,4337.11665,16.276428571428564,0.003813685552948421,40.08928571428633,1.250000000000014,False,TREND_SUPPORT_NOT_CONFIRMED|RSI_NOT_BELOW_32|CLOSE_NOT_NEAR_OR_BELOW_LOWER_BB|CLOSE_NOT_ABOVE_MA200
2026-09-24T21:27:36.654637+00:00,SIE_OLD_MR_REGIME_EXHAUSTION_CONFIRM_V1,PAXG,PAXGUSDT,strategy-lab-v1.0.0:SIE_OLD_MR_REGIME_EXHAUSTION_CONFIRM_V1,1790269200000,2026-09-24T17:00:00+00:00,4267.85,4272.25,4255.01,4261.5,41.40294938222416,4271.752,4243.490795779394,4336.7257,16.723571428571372,0.003924339183050891,41.30417495029801,1.2499999999999865,False,TREND_SUPPORT_NOT_CONFIRMED|PLANNED_REWARD_TOO_LOW|RSI_NOT_BELOW_32|CLOSE_NOT_NEAR_OR_BELOW_LOWER_BB|CLOSE_NOT_ABOVE_MA200|RSI_RECOVERY_NOT_CONFIRMED
2026-09-24T21:27:36.654637+00:00,SIE_OLD_MR_REGIME_EXHAUSTION_CONFIRM_V1,PAXG,PAXGUSDT,strategy-lab-v1.0.0:SIE_OLD_MR_REGIME_EXHAUSTION_CONFIRM_V1,1790272800000,2026-09-24T18:00:00+00:00,4257.43,4275.48,4253.75,4267.83,41.58919348430671,4270.789,4243.384406297505,4336.31915,17.650714285714198,0.004135758520305214,41.40294938222416,1.2500000000000129,False,TREND_SUPPORT_NOT_CONFIRMED|RSI_NOT_BELOW_32|CLOSE_NOT_NEAR_OR_BELOW_LOWER_BB|CLOSE_NOT_ABOVE_MA200
2026-09-24T21:27:36.654637+00:00,SIE_OLD_MR_REGIME_EXHAUSTION_CONFIRM_V1,PAXG,PAXGUSDT,strategy-lab-v1.0.0:SIE_OLD_MR_REGIME_EXHAUSTION_CONFIRM_V1,1790276400000,2026-09-24T19:00:00+00:00,4266.46,4271.58,4263.68,4265.0,44.468988954970115,4269.664500000001,4243.266174693293,4335.93875,17.045714285714116,0.003996650477306944,41.58919348430671,1.2500000000000266,False,TREND_SUPPORT_NOT_CONFIRMED|RSI_NOT_BELOW_32|CLOSE_NOT_NEAR_OR_BELOW_LOWER_BB|CLOSE_NOT_ABOVE_MA200|RSI_RECOVERY_NOT_CONFIRMED
2026-09-24T21:27:36.654637+00:00,SIE_OLD_MR_REGIME_EXHAUSTION_CONFIRM_V1,PAXG,PAXGUSDT,strategy-lab-v1.0.0:SIE_OLD_MR_REGIME_EXHAUSTION_CONFIRM_V1,1790280000000,2026-09-24T20:00:00+00:00,4265.0,4267.95,4258.34,4267.95,47.47960498067844,4268.2695,4244.763345508064,4335.52695,16.96428571428552,0.003974808916291316,44.468988954970115,1.2500000000000133,False,TREND_SUPPORT_NOT_CONFIRMED|RSI_NOT_BELOW_32|CLOSE_NOT_NEAR_OR_BELOW_LOWER_BB|CLOSE_NOT_ABOVE_MA200
2026-09-24T21:27:36.654637+00:00,SIE_OLD_MR_REGIME_EXHAUSTION_CONFIRM_V1,PAXG,PAXGUSDT,strategy-lab-v1.0.0:SIE_OLD_MR_REGIME_EXHAUSTION_CONFIRM_V1,1790283600000,2026-09-24T21:00:00+00:00,4267.51,4267.51,4262.28,4262.58,45.31031648170987,4267.537,4244.281698582931,4335.16775,16.572142857142676,0.003887819784530185,47.47960498067844,1.2499999999999862,False,TREND_SUPPORT_NOT_CONFIRMED|PLANNED_REWARD_TOO_LOW|RSI_NOT_BELOW_32|CLOSE_NOT_NEAR_OR_BELOW_LOWER_BB|CLOSE_NOT_ABOVE_MA200|RSI_RECOVERY_NOT_CONFIRMED
2026-09-25T00:30:04.062349+00:00,SIE_OLD_MR_REGIME_EXHAUSTION_CONFIRM_V1,BTC,BTCUSDT,strategy-lab-v1.0.0:SIE_OLD_MR_REGIME_EXHAUSTION_CONFIRM_V1,1790287200000,2026-09-24T22:00:00+00:00,84320.1,84365.28,83927.66,84263.42,58.32625442266527,84028.4565,83266.99416713048,81868.4691,634.5999999999985,0.007531144593941221,48.003354060264286,1.2499999999999885,False,PLANNED_REWARD_TOO_LOW|RSI_NOT_BELOW_32|CLOSE_NOT_NEAR_OR_BELOW_LOWER_BB|RSI_RECOVERY_NOT_CONFIRMED
2026-09-25T00:30:04.062349+00:00,SIE_OLD_MR_REGIME_EXHAUSTION_CONFIRM_V1,BTC,BTCUSDT,strategy-lab-v1.0.0:SIE_OLD_MR_REGIME_EXHAUSTION_CONFIRM_V1,1790290800000,2026-09-24T23:00:00+00:00,84263.42,84463.0,84237.84,84385.46,66.2384777699626,84051.32149999999,83275.94283528248,81911.7419,578.4664285714274,0.0068550485897858155,58.32625442266527,1.2500000000000062,False,RSI_NOT_BELOW_32|CLOSE_NOT_NEAR_OR_BELOW_LOWER_BB
2026-09-25T00:30:04.062349+00:00,SIE_OLD_MR_REGIME_EXHAUSTION_CONFIRM_V1,BTC,BTCUSDT,strategy-lab-v1.0.0:SIE_OLD_MR_REGIME_EXHAUSTION_CONFIRM_V1,1790294400000,2026-09-25T00:00:00+00:00,84385.47,84719.5,84385.47,84644.29,66.30410995500944,84082.3175,83265.28254520116,81956.4556,571.4842857142836,0.006751598787281265,66.2384777699626,1.25,False,RSI_NOT_BELOW_32|CLOSE_NOT_NEAR_OR_BELOW_LOWER_BB
2026-09-25T00:30:04.062349+00:00,SIE_OLD_MR_REGIME_EXHAUSTION_CONFIRM_V1,SOL,SOLUSDT,strategy-lab-v1.0.0:SIE_OLD_MR_REGIME_EXHAUSTION_CONFIRM_V1,1790287200000,2026-09-24T22:00:00+00:00,116.82,116.94,116.11,116.58,66.40106241699854,115.37150000000001,112.6021154113222,111.1794,1.2335714285714303,0.01058132980418108,57.67012687427906,1.2500000000000029,False,RSI_NOT_BELOW_32|CLOSE_NOT_NEAR_OR_BELOW_LOWER_BB|RSI_RECOVERY_NOT_CONFIRMED
2026-09-25T00:30:04.062349+00:00,SIE_OLD_MR_REGIME_EXHAUSTION_CONFIRM_V1,SOL,SOLUSDT,strategy-lab-v1.0.0:SIE_OLD_MR_REGIME_EXHAUSTION_CONFIRM_V1,1790290800000,2026-09-24T23:00:00+00:00,116.57,117.22,116.53,117.02,78.04878048780463,115.48800000000001,112.64796056365302,111.27924999999999,1.1500000000000017,0.009827379935053851,66.40106241699854,1.2500000000000062,False,RSI_NOT_BELOW_32|CLOSE_NOT_NEAR_OR_BELOW_LOWER_BB
2026-09-25T00:30:04.062349+00:00,SIE_OLD_MR_REGIME_EXHAUSTION_CONFIRM_V1,SOL,SOLUSDT,strategy-lab-v1.0.0:SIE_OLD_MR_REGIME_EXHAUSTION_CONFIRM_V1,1790294400000,2026-09-25T00:00:00+00:00,117.0,117.67,117.0,117.46,78.66108786610855,115.59099999999998,112.62458870012833,111.3808,1.1371428571428592,0.00968110724623582,78.04878048780463,1.25,False,RSI_NOT_BELOW_32|CLOSE_NOT_NEAR_OR_BELOW_LOWER_BB
2026-09-25T00:30:04.062349+00:00,SIE_OLD_MR_REGIME_EXHAUSTION_CONFIRM_V1,XRP,XRPUSDT,strategy-lab-v1.0.0:SIE_OLD_MR_REGIME_EXHAUSTION_CONFIRM_V1,1790287200000,2026-09-24T22:00:00+00:00,1.5376,1.5427,1.5274,1.5326,67.08160442600271,1.505255,1.4570356895528416,1.4364590000000002,0.022014285714285715,0.014364012602300481,59.729064039408904,1.2499999999999976,False,PLANNED_REWARD_TOO_LOW|RSI_NOT_BELOW_32|CLOSE_NOT_NEAR_OR_BELOW_LOWER_BB|RSI_RECOVERY_NOT_CONFIRMED
2026-09-25T00:30:04.062349+00:00,SIE_OLD_MR_REGIME_EXHAUSTION_CONFIRM_V1,XRP,XRPUSDT,strategy-lab-v1.0.0:SIE_OLD_MR_REGIME_EXHAUSTION_CONFIRM_V1,1790290800000,2026-09-24T23:00:00+00:00,1.5326,1.5395,1.5297,1.5344,81.65289256198348,1.507265,1.4577232489207392,1.437804,0.020464285714285713,0.013336995382094442,67.08160442600271,1.25,False,RSI_NOT_BELOW_32|CLOSE_NOT_NEAR_OR_BELOW_LOWER_BB
2026-09-25T00:30:04.062349+00:00,SIE_OLD_MR_REGIME_EXHAUSTION_CONFIRM_V1,XRP,XRPUSDT,strategy-lab-v1.0.0:SIE_OLD_MR_REGIME_EXHAUSTION_CONFIRM_V1,1790294400000,2026-09-25T00:00:00+00:00,1.534,1.5608,1.5338,1.5526,82.90993071593533,1.509865,1.4566718322056356,1.4392304999999999,0.02106428571428571,0.013567104028265947,81.65289256198348,1.2500000000000027,False,RSI_NOT_BELOW_32|CLOSE_NOT_NEAR_OR_BELOW_LOWER_BB
2026-09-25T00:30:04.062349+00:00,SIE_OLD_MR_REGIME_EXHAUSTION_CONFIRM_V1,DOGE,DOGEUSDT,strategy-lab-v1.0.0:SIE_OLD_MR_REGIME_EXHAUSTION_CONFIRM_V1,1790287200000,2026-09-24T22:00:00+00:00,0.09587,0.09587,0.09492,0.09546,62.91469194312794,0.0945095,0.09175128699154747,0.09032325000000001,0.0014050000000000015,0.01471820657867171,57.096774193548384,1.2499999999999976,False,PLANNED_REWARD_TOO_LOW|RSI_NOT_BELOW_32|CLOSE_NOT_NEAR_OR_BELOW_LOWER_BB|RSI_RECOVERY_NOT_CONFIRMED
2026-09-25T00:30:04.062349+00:00,SIE_OLD_MR_REGIME_EXHAUSTION_CONFIRM_V1,DOGE,DOGEUSDT,strategy-lab-v1.0.0:SIE_OLD_MR_REGIME_EXHAUSTION_CONFIRM_V1,1790290800000,2026-09-24T23:00:00+00:00,0.09544,0.09605,0.09544,0.09575,74.66666666666657,0.094639,0.09190327413654134,0.09040720000000001,0.0012942857142857161,0.01351734427452445,62.91469194312794,1.2499999999999947,False,PLANNED_REWARD_TOO_LOW|RSI_NOT_BELOW_32|CLOSE_NOT_NEAR_OR_BELOW_LOWER_BB
2026-09-25T00:30:04.062349+00:00,SIE_OLD_MR_REGIME_EXHAUSTION_CONFIRM_V1,DOGE,DOGEUSDT,strategy-lab-v1.0.0:SIE_OLD_MR_REGIME_EXHAUSTION_CONFIRM_V1,1790294400000,2026-09-25T00:00:00+00:00,0.09575,0.09645,0.09573,0.096,73.12588401697303,0.0947335,0.09194728913217312,0.09049099999999999,0.001277857142857145,0.013311011904761928,74.66666666666657,1.2500000000000027,False,RSI_NOT_BELOW_32|CLOSE_NOT_NEAR_OR_BELOW_LOWER_BB|RSI_RECOVERY_NOT_CONFIRMED
2026-09-25T00:30:04.062349+00:00,SIE_OLD_MR_REGIME_EXHAUSTION_CONFIRM_V1,BNB,BNBUSDT,strategy-lab-v1.0.0:SIE_OLD_MR_REGIME_EXHAUSTION_CONFIRM_V1,1790287200000,2026-09-24T22:00:00+00:00,778.4,778.47,775.32,776.51,61.3553719008265,774.558,764.9352652535757,764.3555499999999,4.887857142857164,0.006294648031393239,53.45622119815667,1.2500000000000058,False,RSI_NOT_BELOW_32|CLOSE_NOT_NEAR_OR_BELOW_LOWER_BB|RSI_RECOVERY_NOT_CONFIRMED
2026-09-25T00:30:04.062349+00:00,SIE_OLD_MR_REGIME_EXHAUSTION_CONFIRM_V1,BNB,BNBUSDT,strategy-lab-v1.0.0:SIE_OLD_MR_REGIME_EXHAUSTION_CONFIRM_V1,1790290800000,2026-09-24T23:00:00+00:00,776.72,777.71,775.98,776.36,68.71529063309896,775.0495,766.1393698662679,764.6803500000001,4.446428571428596,0.005727276742012206,61.3553719008265,1.2499999999999936,False,PLANNED_REWARD_TOO_LOW|RSI_NOT_BELOW_32|CLOSE_NOT_NEAR_OR_BELOW_LOWER_BB|RSI_RECOVERY_NOT_CONFIRMED
2026-09-25T00:30:04.062349+00:00,SIE_OLD_MR_REGIME_EXHAUSTION_CONFIRM_V1,BNB,BNBUSDT,strategy-lab-v1.0.0:SIE_OLD_MR_REGIME_EXHAUSTION_CONFIRM_V1,1790294400000,2026-09-25T00:00:00+00:00,776.72,779.68,776.72,777.73,67.71111960259847,775.3885,766.6131612031193,765.0042500000001,4.395714285714307,0.005651979846108941,68.71529063309896,1.25,False,RSI_NOT_BELOW_32|CLOSE_NOT_NEAR_OR_BELOW_LOWER_BB|RSI_RECOVERY_NOT_CONFIRMED
2026-09-25T00:30:04.062349+00:00,SIE_OLD_MR_REGIME_EXHAUSTION_CONFIRM_V1,PAXG,PAXGUSDT,strategy-lab-v1.0.0:SIE_OLD_MR_REGIME_EXHAUSTION_CONFIRM_V1,1790287200000,2026-09-24T22:00:00+00:00,4264.81,4267.32,4261.11,4266.34,54.34252851155075,4266.522,4245.69253375627,4334.73745,15.657142857142649,0.0036699238356864778,46.5069186635168,1.250000000000029,False,TREND_SUPPORT_NOT_CONFIRMED|RSI_NOT_BELOW_32|CLOSE_NOT_NEAR_OR_BELOW_LOWER_BB|CLOSE_NOT_ABOVE_MA200
2026-09-25T00:30:04.062349+00:00,SIE_OLD_MR_REGIME_EXHAUSTION_CONFIRM_V1,PAXG,PAXGUSDT,strategy-lab-v1.0.0:SIE_OLD_MR_REGIME_EXHAUSTION_CONFIRM_V1,1790290800000,2026-09-24T23:00:00+00:00,4266.6,4267.28,4258.81,4258.81,52.7535957607876,4265.309,4245.6848078892735,4334.27005,15.401428571428369,0.003616369025955224,54.34252851155075,1.2500000000000147,False,TREND_SUPPORT_NOT_CONFIRMED|RSI_NOT_BELOW_32|CLOSE_NOT_NEAR_OR_BELOW_LOWER_BB|CLOSE_NOT_ABOVE_MA200|RSI_RECOVERY_NOT_CONFIRMED
2026-09-25T00:30:04.062349+00:00,SIE_OLD_MR_REGIME_EXHAUSTION_CONFIRM_V1,PAXG,PAXGUSDT,strategy-lab-v1.0.0:SIE_OLD_MR_REGIME_EXHAUSTION_CONFIRM_V1,1790294400000,2026-09-25T00:00:00+00:00,4259.63,4263.23,4258.8,4262.99,53.46257805946478,4264.0085,4247.663269166553,4333.848349999999,14.517857142856883,0.003405557400523314,52.7535957607876,1.2499999999999687,False,TREND_SUPPORT_NOT_CONFIRMED|PLANNED_REWARD_TOO_LOW|RSI_NOT_BELOW_32|CLOSE_NOT_NEAR_OR_BELOW_LOWER_BB|CLOSE_NOT_ABOVE_MA200
2026-09-25T07:40:45.167157+00:00,SIE_OLD_MR_REGIME_EXHAUSTION_CONFIRM_V1,BTC,BTCUSDT,strategy-lab-v1.0.0:SIE_OLD_MR_REGIME_EXHAUSTION_CONFIRM_V1,1790298000000,2026-09-25T01:00:00+00:00,84577.63,84799.79,84333.45,84596.07,66.37527563035482,84110.5175,83273.6636971866,82000.6964,588.4142857142828,0.006955574717765053,65.65339946174096,1.2499999999999938,False,PLANNED_REWARD_TOO_LOW|RSI_NOT_BELOW_32|CLOSE_NOT_NEAR_OR_BELOW_LOWER_BB
2026-09-25T07:40:45.167157+00:00,SIE_OLD_MR_REGIME_EXHAUSTION_CONFIRM_V1,BTC,BTCUSDT,strategy-lab-v1.0.0:SIE_OLD_MR_REGIME_EXHAUSTION_CONFIRM_V1,1790301600000,2026-09-25T02:00:00+00:00,84596.11,84882.18,84152.88,84220.94,58.659153075483,84116.784,83278.59464777446,82044.02115,616.4249999999956,0.007319141771630614,66.37527563035482,1.249999999999994,False,PLANNED_REWARD_TOO_LOW|RSI_NOT_BELOW_32|CLOSE_NOT_NEAR_OR_BELOW_LOWER_BB|RSI_RECOVERY_NOT_CONFIRMED
2026-09-25T07:40:45.167157+00:00,SIE_OLD_MR_REGIME_EXHAUSTION_CONFIRM_V1,BTC,BTCUSDT,strategy-lab-v1.0.0:SIE_OLD_MR_REGIME_EXHAUSTION_CONFIRM_V1,1790305200000,2026-09-25T03:00:00+00:00,84216.09,84385.24,84037.7,84216.0,49.6677186182332,84102.4115,83281.55721391797,82085.10115,586.5028571428536,0.006964268751102565,58.659153075483,1.2499999999999876,False,PLANNED_REWARD_TOO_LOW|RSI_NOT_BELOW_32|CLOSE_NOT_NEAR_OR_BELOW_LOWER_BB|RSI_RECOVERY_NOT_CONFIRMED
2026-09-25T07:40:45.167157+00:00,SIE_OLD_MR_REGIME_EXHAUSTION_CONFIRM_V1,BTC,BTCUSDT,strategy-lab-v1.0.0:SIE_OLD_MR_REGIME_EXHAUSTION_CONFIRM_V1,1790308800000,2026-09-25T04:00:00+00:00,84216.01,84285.9,84046.0,84189.81,60.94324919260251,84130.19450000001,83337.4851511796,82125.54030000001,491.0257142857102,0.005832365155423325,49.6677186182332,1.2500000000000073,False,RSI_NOT_BELOW_32|CLOSE_NOT_NEAR_OR_BELOW_LOWER_BB|RSI_RECOVERY_NOT_CONFIRMED
2026-09-25T07:40:45.167157+00:00,SIE_OLD_MR_REGIME_EXHAUSTION_CONFIRM_V1,BTC,BTCUSDT,strategy-lab-v1.0.0:SIE_OLD_MR_REGIME_EXHAUSTION_CONFIRM_V1,1790312400000,2026-09-25T05:00:00+00:00,84188.02,84340.54,84077.99,84181.75,43.69346344040934,84177.03349999999,83496.28416664789,82166.91175000001,437.1778571428523,0.005193261688463976,60.94324919260251,1.2500000000000082,False,RSI_NOT_BELOW_32|CLOSE_NOT_NEAR_OR_BELOW_LOWER_BB|RSI_RECOVERY_NOT_CONFIRMED
2026-09-25T07:40:45.167157+00:00,SIE_OLD_MR_REGIME_EXHAUSTION_CONFIRM_V1,BTC,BTCUSDT,strategy-lab-v1.0.0:SIE_OLD_MR_REGIME_EXHAUSTION_CONFIRM_V1,1790316000000,2026-09-25T06:00:00+00:00,84181.75,84280.31,83913.43,84022.58,37.86146237192405,84203.31450000001,83592.636127477,82208.92425000001,398.6271428571386,0.00474428591525205,43.69346344040934,1.249999999999991,False,PLANNED_REWARD_TOO_LOW|RSI_NOT_BELOW_32|CLOSE_NOT_NEAR_OR_BELOW_LOWER_BB|RSI_RECOVERY_NOT_CONFIRMED
2026-09-25T07:40:45.167157+00:00,SIE_OLD_MR_REGIME_EXHAUSTION_CONFIRM_V1,BTC,BTCUSDT,strategy-lab-v1.0.0:SIE_OLD_MR_REGIME_EXHAUSTION_CONFIRM_V1,1790319600000,2026-09-25T07:00:00+00:00,84022.59,84096.13,83720.0,83820.12,41.823581143758716,84220.88249999999,83679.45191493542,82247.2999,384.5571428571389,0.0045878858543406875,37.86146237192405,1.2499999999999811,False,PLANNED_REWARD_TOO_LOW|RSI_NOT_BELOW_32|CLOSE_NOT_NEAR_OR_BELOW_LOWER_BB|RSI_RECOVERY_NOT_CONFIRMED
2026-09-25T07:40:45.167157+00:00,SIE_OLD_MR_REGIME_EXHAUSTION_CONFIRM_V1,SOL,SOLUSDT,strategy-lab-v1.0.0:SIE_OLD_MR_REGIME_EXHAUSTION_CONFIRM_V1,1790298000000,2026-09-25T01:00:00+00:00,117.4,117.9,117.12,117.46,78.99159663865524,115.72,112.67555587996654,111.4832,1.152857142857146,0.009814891391598381,78.48101265822766,1.250000000000003,False,RSI_NOT_BELOW_32|CLOSE_NOT_NEAR_OR_BELOW_LOWER_BB
2026-09-25T07:40:45.167157+00:00,SIE_OLD_MR_REGIME_EXHAUSTION_CONFIRM_V1,SOL,SOLUSDT,strategy-lab-v1.0.0:SIE_OLD_MR_REGIME_EXHAUSTION_CONFIRM_V1,1790301600000,2026-09-25T02:00:00+00:00,117.48,118.45,116.76,116.9,71.5076071922544,115.82449999999999,112.7687154853448,111.579,1.2157142857142884,0.01039960894537458,78.99159663865524,1.25,False,RSI_NOT_BELOW_32|CLOSE_NOT_NEAR_OR_BELOW_LOWER_BB|RSI_RECOVERY_NOT_CONFIRMED
2026-09-25T07:40:45.167157+00:00,SIE_OLD_MR_REGIME_EXHAUSTION_CONFIRM_V1,SOL,SOLUSDT,strategy-lab-v1.0.0:SIE_OLD_MR_REGIME_EXHAUSTION_CONFIRM_V1,1790305200000,2026-09-25T03:00:00+00:00,116.9,117.29,116.46,116.85,65.52287581699328,115.8915,112.80760457375635,111.6734,1.1600000000000037,0.009927257167308547,71.5076071922544,1.2499999999999938,False,PLANNED_REWARD_TOO_LOW|RSI_NOT_BELOW_32|CLOSE_NOT_NEAR_OR_BELOW_LOWER_BB|RSI_RECOVERY_NOT_CONFIRMED
2026-09-25T07:40:45.167157+00:00,SIE_OLD_MR_REGIME_EXHAUSTION_CONFIRM_V1,SOL,SOLUSDT,strategy-lab-v1.0.0:SIE_OLD_MR_REGIME_EXHAUSTION_CONFIRM_V1,1790308800000,2026-09-25T04:00:00+00:00,116.85,117.37,116.22,116.36,64.26282051282044,116.00399999999999,113.02592411110689,111.76205,1.0757142857142898,0.009244708539999053,65.52287581699328,1.2500000000000033,False,RSI_NOT_BELOW_32|CLOSE_NOT_NEAR_OR_BELOW_LOWER_BB|RSI_RECOVERY_NOT_CONFIRMED
2026-09-25T07:40:45.167157+00:00,SIE_OLD_MR_REGIME_EXHAUSTION_CONFIRM_V1,SOL,SOLUSDT,strategy-lab-v1.0.0:SIE_OLD_MR_REGIME_EXHAUSTION_CONFIRM_V1,1790312400000,2026-09-25T05:00:00+00:00,116.35,116.64,116.12,116.4,51.096491228070256,116.1685,113.50072733352211,111.8525,0.950714285714289,0.008167648502700077,64.26282051282044,1.2500000000000038,False,RSI_NOT_BELOW_32|CLOSE_NOT_NEAR_OR_BELOW_LOWER_BB|RSI_RECOVERY_NOT_CONFIRMED
2026-09-25T07:40:45.167157+00:00,SIE_OLD_MR_REGIME_EXHAUSTION_CONFIRM_V1,SOL,SOLUSDT,strategy-lab-v1.0.0:SIE_OLD_MR_REGIME_EXHAUSTION_CONFIRM_V1,1790316000000,2026-09-25T06:00:00+00:00,116.41,116.73,116.07,116.25,39.746835443038066,116.3135,113.97995098615722,111.9467,0.8628571428571468,0.007422427035330295,51.096491228070256,1.2499999999999958,False,PLANNED_REWARD_TOO_LOW|RSI_NOT_BELOW_32|CLOSE_NOT_NEAR_OR_BELOW_LOWER_BB|RSI_RECOVERY_NOT_CONFIRMED
2026-09-25T07:40:45.167157+00:00,SIE_OLD_MR_REGIME_EXHAUSTION_CONFIRM_V1,SOL,SOLUSDT,strategy-lab-v1.0.0:SIE_OLD_MR_REGIME_EXHAUSTION_CONFIRM_V1,1790319600000,2026-09-25T07:00:00+00:00,116.23,116.6,115.82,116.07,41.20734908136491,116.451,114.55640875120602,112.0342,0.8557142857142891,0.007372398429519162,39.746835443038066,1.2499999999999958,False,PLANNED_REWARD_TOO_LOW|RSI_NOT_BELOW_32|CLOSE_NOT_NEAR_OR_BELOW_LOWER_BB|RSI_RECOVERY_NOT_CONFIRMED
2026-09-25T07:40:45.167157+00:00,SIE_OLD_MR_REGIME_EXHAUSTION_CONFIRM_V1,XRP,XRPUSDT,strategy-lab-v1.0.0:SIE_OLD_MR_REGIME_EXHAUSTION_CONFIRM_V1,1790298000000,2026-09-25T01:00:00+00:00,1.5441,1.5553,1.5348,1.5413,79.34693877551013,1.5112999999999999,1.4575765228228899,1.440597,0.021778571428571425,0.014130001575664327,81.75842235004107,1.25,False,RSI_NOT_BELOW_32|CLOSE_NOT_NEAR_OR_BELOW_LOWER_BB|RSI_RECOVERY_NOT_CONFIRMED
2026-09-25T07:40:45.167157+00:00,SIE_OLD_MR_REGIME_EXHAUSTION_CONFIRM_V1,XRP,XRPUSDT,strategy-lab-v1.0.0:SIE_OLD_MR_REGIME_EXHAUSTION_CONFIRM_V1,1790301600000,2026-09-25T02:00:00+00:00,1.5412,1.5545,1.5258,1.5284,69.58598726114647,1.5126149999999998,1.4585701195764162,1.4418520000000001,0.02272142857142856,0.014866153213444491,79.34693877551013,1.2500000000000024,False,RSI_NOT_BELOW_32|CLOSE_NOT_NEAR_OR_BELOW_LOWER_BB|RSI_RECOVERY_NOT_CONFIRMED
2026-09-25T07:40:45.167157+00:00,SIE_OLD_MR_REGIME_EXHAUSTION_CONFIRM_V1,XRP,XRPUSDT,strategy-lab-v1.0.0:SIE_OLD_MR_REGIME_EXHAUSTION_CONFIRM_V1,1790305200000,2026-09-25T03:00:00+00:00,1.5286,1.5342,1.5235,1.5303,63.44497607655502,1.513825,1.4593359598175977,1.443006,0.021335714285714267,0.013942177537550981,69.58598726114647,1.250000000000005,False,RSI_NOT_BELOW_32|CLOSE_NOT_NEAR_OR_BELOW_LOWER_BB|RSI_RECOVERY_NOT_CONFIRMED
2026-09-25T07:40:45.167157+00:00,SIE_OLD_MR_REGIME_EXHAUSTION_CONFIRM_V1,XRP,XRPUSDT,strategy-lab-v1.0.0:SIE_OLD_MR_REGIME_EXHAUSTION_CONFIRM_V1,1790308800000,2026-09-25T04:00:00+00:00,1.5303,1.5415,1.5266,1.5321,66.116504854369,1.51627,1.4631252881276091,1.4441585000000001,0.019607142857142854,0.012797560770930654,63.44497607655502,1.2499999999999971,False,PLANNED_REWARD_TOO_LOW|RSI_NOT_BELOW_32|CLOSE_NOT_NEAR_OR_BELOW_LOWER_BB
2026-09-25T07:40:45.167157+00:00,SIE_OLD_MR_REGIME_EXHAUSTION_CONFIRM_V1,XRP,XRPUSDT,strategy-lab-v1.0.0:SIE_OLD_MR_REGIME_EXHAUSTION_CONFIRM_V1,1790312400000,2026-09-25T05:00:00+00:00,1.532,1.5371,1.5263,1.528,57.37704918032791,1.51978,1.4737490278182241,1.4453400000000003,0.018628571428571408,0.012191473448017937,66.116504854369,1.2500000000000029,False,RSI_NOT_BELOW_32|CLOSE_NOT_NEAR_OR_BELOW_LOWER_BB|RSI_RECOVERY_NOT_CONFIRMED
2026-09-25T07:40:45.167157+00:00,SIE_OLD_MR_REGIME_EXHAUSTION_CONFIRM_V1,XRP,XRPUSDT,strategy-lab-v1.0.0:SIE_OLD_MR_REGIME_EXHAUSTION_CONFIRM_V1,1790316000000,2026-09-25T06:00:00+00:00,1.528,1.5358,1.5203,1.5299,48.20717131474108,1.52292,1.483615313256567,1.446561,0.01735714285714285,0.011345279336651316,57.37704918032791,1.249999999999997,False,PLANNED_REWARD_TOO_LOW|RSI_NOT_BELOW_32|CLOSE_NOT_NEAR_OR_BELOW_LOWER_BB|RSI_RECOVERY_NOT_CONFIRMED
2026-09-25T07:40:45.167157+00:00,SIE_OLD_MR_REGIME_EXHAUSTION_CONFIRM_V1,XRP,XRPUSDT,strategy-lab-v1.0.0:SIE_OLD_MR_REGIME_EXHAUSTION_CONFIRM_V1,1790319600000,2026-09-25T07:00:00+00:00,1.5297,1.5398,1.5253,1.5254,48.594377510040175,1.5257200000000002,1.495030418706027,1.447695,0.016921428571428563,0.011093109067410884,48.20717131474108,1.2499999999999933,False,PLANNED_REWARD_TOO_LOW|RSI_NOT_BELOW_32|CLOSE_NOT_NEAR_OR_BELOW_LOWER_BB|RSI_RECOVERY_NOT_CONFIRMED
2026-09-25T07:40:45.167157+00:00,SIE_OLD_MR_REGIME_EXHAUSTION_CONFIRM_V1,DOGE,DOGEUSDT,strategy-lab-v1.0.0:SIE_OLD_MR_REGIME_EXHAUSTION_CONFIRM_V1,1790298000000,2026-09-25T01:00:00+00:00,0.09646,0.09696,0.09566,0.09592,70.2871410736579,0.09484800000000002,0.0919871218131496,0.09057889999999999,0.001338571428571432,0.013955081615632109,74.76759628154042,1.2499999999999973,False,PLANNED_REWARD_TOO_LOW|RSI_NOT_BELOW_32|CLOSE_NOT_NEAR_OR_BELOW_LOWER_BB|RSI_RECOVERY_NOT_CONFIRMED
2026-09-25T07:40:45.167157+00:00,SIE_OLD_MR_REGIME_EXHAUSTION_CONFIRM_V1,DOGE,DOGEUSDT,strategy-lab-v1.0.0:SIE_OLD_MR_REGIME_EXHAUSTION_CONFIRM_V1,1790301600000,2026-09-25T02:00:00+00:00,0.09595,0.09662,0.09496,0.09505,62.89954337899538,0.0948805,0.09202595642877946,0.09065675,0.001394285714285717,0.014668971218155887,70.2871410736579,1.2500000000000024,False,RSI_NOT_BELOW_32|CLOSE_NOT_NEAR_OR_BELOW_LOWER_BB|RSI_RECOVERY_NOT_CONFIRMED
2026-09-25T07:40:45.167157+00:00,SIE_OLD_MR_REGIME_EXHAUSTION_CONFIRM_V1,DOGE,DOGEUSDT,strategy-lab-v1.0.0:SIE_OLD_MR_REGIME_EXHAUSTION_CONFIRM_V1,1790305200000,2026-09-25T03:00:00+00:00,0.09506,0.09537,0.09462,0.0952,56.60881174899866,0.09491250000000001,0.0920586963977883,0.09073105,0.0013192857142857173,0.013858043217286946,62.89954337899538,1.2500000000000053,False,RSI_NOT_BELOW_32|CLOSE_NOT_NEAR_OR_BELOW_LOWER_BB|RSI_RECOVERY_NOT_CONFIRMED
2026-09-25T07:40:45.167157+00:00,SIE_OLD_MR_REGIME_EXHAUSTION_CONFIRM_V1,DOGE,DOGEUSDT,strategy-lab-v1.0.0:SIE_OLD_MR_REGIME_EXHAUSTION_CONFIRM_V1,1790308800000,2026-09-25T04:00:00+00:00,0.09518,0.0958,0.09489,0.09508,55.540897097625255,0.0950025,0.09224852196813474,0.0908033,0.0011721428571428597,0.012327964420938786,56.60881174899866,1.2499999999999971,False,PLANNED_REWARD_TOO_LOW|RSI_NOT_BELOW_32|CLOSE_NOT_NEAR_OR_BELOW_LOWER_BB|RSI_RECOVERY_NOT_CONFIRMED
2026-09-25T07:40:45.167157+00:00,SIE_OLD_MR_REGIME_EXHAUSTION_CONFIRM_V1,DOGE,DOGEUSDT,strategy-lab-v1.0.0:SIE_OLD_MR_REGIME_EXHAUSTION_CONFIRM_V1,1790312400000,2026-09-25T05:00:00+00:00,0.09508,0.09535,0.0948,0.09509,45.557350565428074,0.0951545,0.09275657193602552,0.09087635000000001,0.0010692857142857181,0.011244985953157201,55.540897097625255,1.25,False,RSI_NOT_BELOW_32|CLOSE_NOT_NEAR_OR_BELOW_LOWER_BB|RSI_RECOVERY_NOT_CONFIRMED
2026-09-25T07:40:45.167157+00:00,SIE_OLD_MR_REGIME_EXHAUSTION_CONFIRM_V1,DOGE,DOGEUSDT,strategy-lab-v1.0.0:SIE_OLD_MR_REGIME_EXHAUSTION_CONFIRM_V1,1790316000000,2026-09-25T06:00:00+00:00,0.09511,0.09544,0.0945,0.09497,37.23021582733818,0.0952665,0.09313787344750274,0.0909516,0.0009571428571428597,0.0100783706132764,45.557350565428074,1.2500000000000036,False,RSI_NOT_BELOW_32|CLOSE_NOT_NEAR_OR_BELOW_LOWER_BB|RSI_RECOVERY_NOT_CONFIRMED
2026-09-25T07:40:45.167157+00:00,SIE_OLD_MR_REGIME_EXHAUSTION_CONFIRM_V1,DOGE,DOGEUSDT,strategy-lab-v1.0.0:SIE_OLD_MR_REGIME_EXHAUSTION_CONFIRM_V1,1790319600000,2026-09-25T07:00:00+00:00,0.095,0.09542,0.09462,0.09496,40.748031496063085,0.09538100000000001,0.09360644766208594,0.09102215,0.0009464285714285743,0.009966602479239408,37.23021582733818,1.25,False,RSI_NOT_BELOW_32|CLOSE_NOT_NEAR_OR_BELOW_LOWER_BB|RSI_RECOVERY_NOT_CONFIRMED
2026-09-25T07:40:45.167157+00:00,SIE_OLD_MR_REGIME_EXHAUSTION_CONFIRM_V1,BNB,BNBUSDT,strategy-lab-v1.0.0:SIE_OLD_MR_REGIME_EXHAUSTION_CONFIRM_V1,1790298000000,2026-09-25T01:00:00+00:00,777.01,778.68,775.82,778.12,66.77152968934335,775.63,766.8908673199205,765.3294500000001,4.405000000000014,0.00566108055312807,66.9921875,1.2500000000000129,False,RSI_NOT_BELOW_32|CLOSE_NOT_NEAR_OR_BELOW_LOWER_BB|RSI_RECOVERY_NOT_CONFIRMED
2026-09-25T07:40:45.167157+00:00,SIE_OLD_MR_REGIME_EXHAUSTION_CONFIRM_V1,BNB,BNBUSDT,strategy-lab-v1.0.0:SIE_OLD_MR_REGIME_EXHAUSTION_CONFIRM_V1,1790301600000,2026-09-25T02:00:00+00:00,778.12,779.8,773.31,773.9,54.878917378917414,775.7144999999999,767.0771868182267,765.62545,4.682857142857155,0.006050984807930165,66.77152968934335,1.250000000000006,False,RSI_NOT_BELOW_32|CLOSE_NOT_NEAR_OR_BELOW_LOWER_BB|RSI_RECOVERY_NOT_CONFIRMED
2026-09-25T07:40:45.167157+00:00,SIE_OLD_MR_REGIME_EXHAUSTION_CONFIRM_V1,BNB,BNBUSDT,strategy-lab-v1.0.0:SIE_OLD_MR_REGIME_EXHAUSTION_CONFIRM_V1,1790305200000,2026-09-25T03:00:00+00:00,773.23,774.75,770.73,772.81,41.07066381156298,775.5545,766.8269265113357,765.8965,4.492857142857149,0.0058136633103313224,54.878917378917414,1.2500000000000062,False,RSI_NOT_BELOW_32|CLOSE_NOT_NEAR_OR_BELOW_LOWER_BB|RSI_RECOVERY_NOT_CONFIRMED
2026-09-25T07:40:45.167157+00:00,SIE_OLD_MR_REGIME_EXHAUSTION_CONFIRM_V1,BNB,BNBUSDT,strategy-lab-v1.0.0:SIE_OLD_MR_REGIME_EXHAUSTION_CONFIRM_V1,1790308800000,2026-09-25T04:00:00+00:00,772.8,774.05,771.01,773.38,44.30876580898382,775.7415,767.3760896095868,766.1634999999999,4.054285714285713,0.005242294492081142,41.07066381156298,1.249999999999986,False,PLANNED_REWARD_TOO_LOW|RSI_NOT_BELOW_32|CLOSE_NOT_NEAR_OR_BELOW_LOWER_BB
2026-09-25T07:40:45.167157+00:00,SIE_OLD_MR_REGIME_EXHAUSTION_CONFIRM_V1,BNB,BNBUSDT,strategy-lab-v1.0.0:SIE_OLD_MR_REGIME_EXHAUSTION_CONFIRM_V1,1790312400000,2026-09-25T05:00:00+00:00,773.41,775.01,772.47,774.81,35.82914572864287,776.1695,768.9998989650726,766.4347499999999,3.7478571428571366,0.004837130577634694,44.30876580898382,1.249999999999985,False,PLANNED_REWARD_TOO_LOW|RSI_NOT_BELOW_32|CLOSE_NOT_NEAR_OR_BELOW_LOWER_BB|RSI_RECOVERY_NOT_CONFIRMED
2026-09-25T07:40:45.167157+00:00,SIE_OLD_MR_REGIME_EXHAUSTION_CONFIRM_V1,BNB,BNBUSDT,strategy-lab-v1.0.0:SIE_OLD_MR_REGIME_EXHAUSTION_CONFIRM_V1,1790316000000,2026-09-25T06:00:00+00:00,774.39,775.96,772.75,773.16,32.805219012115515,776.4045,769.9930712200764,766.7086,3.430714285714284,0.004437263031861819,35.82914572864287,1.2499999999999918,False,PLANNED_REWARD_TOO_LOW|RSI_NOT_BELOW_32|CLOSE_NOT_NEAR_OR_BELOW_LOWER_BB|RSI_RECOVERY_NOT_CONFIRMED
2026-09-25T07:40:45.167157+00:00,SIE_OLD_MR_REGIME_EXHAUSTION_CONFIRM_V1,BNB,BNBUSDT,strategy-lab-v1.0.0:SIE_OLD_MR_REGIME_EXHAUSTION_CONFIRM_V1,1790319600000,2026-09-25T07:00:00+00:00,773.07,774.21,771.76,772.14,34.93796526054575,776.5319999999999,770.5829577241346,766.9408,3.3521428571428538,0.004341366665556575,32.805219012115515,1.2500000000000084,False,RSI_NOT_BELOW_32|CLOSE_NOT_NEAR_OR_BELOW_LOWER_BB|RSI_RECOVERY_NOT_CONFIRMED
2026-09-25T07:40:45.167157+00:00,SIE_OLD_MR_REGIME_EXHAUSTION_CONFIRM_V1,PAXG,PAXGUSDT,strategy-lab-v1.0.0:SIE_OLD_MR_REGIME_EXHAUSTION_CONFIRM_V1,1790298000000,2026-09-25T01:00:00+00:00,4274.09,4287.61,4274.09,4282.39,58.84437850313231,4264.753500000001,4247.114219657471,4333.4612,15.399999999999702,0.003596122725860956,57.621795959938986,1.2499999999999705,False,TREND_SUPPORT_NOT_CONFIRMED|PLANNED_REWARD_TOO_LOW|RSI_NOT_BELOW_32|CLOSE_NOT_NEAR_OR_BELOW_LOWER_BB|CLOSE_NOT_ABOVE_MA200
2026-09-25T07:40:45.167157+00:00,SIE_OLD_MR_REGIME_EXHAUSTION_CONFIRM_V1,PAXG,PAXGUSDT,strategy-lab-v1.0.0:SIE_OLD_MR_REGIME_EXHAUSTION_CONFIRM_V1,1790301600000,2026-09-25T02:00:00+00:00,4281.01,4287.91,4273.18,4276.0,48.21625597646187,4264.862500000001,4246.9752655854145,4333.5067,14.797857142856824,0.00346067753574762,58.84437850313231,1.2500000000000153,False,TREND_SUPPORT_NOT_CONFIRMED|RSI_NOT_BELOW_32|CLOSE_NOT_NEAR_OR_BELOW_LOWER_BB|CLOSE_NOT_ABOVE_MA200|RSI_RECOVERY_NOT_CONFIRMED
2026-09-25T07:40:45.167157+00:00,SIE_OLD_MR_REGIME_EXHAUSTION_CONFIRM_V1,PAXG,PAXGUSDT,strategy-lab-v1.0.0:SIE_OLD_MR_REGIME_EXHAUSTION_CONFIRM_V1,1790305200000,2026-09-25T03:00:00+00:00,4277.69,4279.71,4264.56,4265.02,51.60401495768562,4264.414,4247.021724243148,4333.4592,14.446428571428246,0.0033871889396598948,48.21625597646187,1.2499999999999842,False,TREND_SUPPORT_NOT_CONFIRMED|PLANNED_REWARD_TOO_LOW|RSI_NOT_BELOW_32|CLOSE_NOT_NEAR_OR_BELOW_LOWER_BB|CLOSE_NOT_ABOVE_MA200|RSI_RECOVERY_NOT_CONFIRMED
2026-09-25T07:40:45.167157+00:00,SIE_OLD_MR_REGIME_EXHAUSTION_CONFIRM_V1,PAXG,PAXGUSDT,strategy-lab-v1.0.0:SIE_OLD_MR_REGIME_EXHAUSTION_CONFIRM_V1,1790308800000,2026-09-25T04:00:00+00:00,4264.41,4267.33,4257.75,4257.75,54.579517069109215,4264.429999999999,4247.062882795283,4333.3989,13.762142857142537,0.0032322571445346808,51.60401495768562,1.2500000000000164,False,TREND_SUPPORT_NOT_CONFIRMED|RSI_NOT_BELOW_32|CLOSE_NOT_NEAR_OR_BELOW_LOWER_BB|CLOSE_NOT_ABOVE_MA200|RSI_RECOVERY_NOT_CONFIRMED
2026-09-25T07:40:45.167157+00:00,SIE_OLD_MR_REGIME_EXHAUSTION_CONFIRM_V1,PAXG,PAXGUSDT,strategy-lab-v1.0.0:SIE_OLD_MR_REGIME_EXHAUSTION_CONFIRM_V1,1790312400000,2026-09-25T05:00:00+00:00,4257.0,4272.04,4251.02,4262.69,55.08439687114008,4264.915,4248.328660439917,4333.36315,14.22571428571395,0.0033372622183911924,54.579517069109215,1.249999999999968,False,TREND_SUPPORT_NOT_CONFIRMED|PLANNED_REWARD_TOO_LOW|RSI_NOT_BELOW_32|CLOSE_NOT_NEAR_OR_BELOW_LOWER_BB|CLOSE_NOT_ABOVE_MA200
2026-09-25T07:40:45.167157+00:00,SIE_OLD_MR_REGIME_EXHAUSTION_CONFIRM_V1,PAXG,PAXGUSDT,strategy-lab-v1.0.0:SIE_OLD_MR_REGIME_EXHAUSTION_CONFIRM_V1,1790316000000,2026-09-25T06:00:00+00:00,4265.14,4276.7,4263.53,4274.34,53.435766111822744,4265.854,4249.366347165155,4333.39445,13.114999999999716,0.003068309961303901,55.08439687114008,1.2499999999999654,False,TREND_SUPPORT_NOT_CONFIRMED|PLANNED_REWARD_TOO_LOW|RSI_NOT_BELOW_32|CLOSE_NOT_NEAR_OR_BELOW_LOWER_BB|CLOSE_NOT_ABOVE_MA200|RSI_RECOVERY_NOT_CONFIRMED
2026-09-25T07:40:45.167157+00:00,SIE_OLD_MR_REGIME_EXHAUSTION_CONFIRM_V1,PAXG,PAXGUSDT,strategy-lab-v1.0.0:SIE_OLD_MR_REGIME_EXHAUSTION_CONFIRM_V1,1790319600000,2026-09-25T07:00:00+00:00,4273.77,4274.15,4267.77,4274.15,57.22774540052543,4266.515,4249.811390210426,4333.39775,12.352857142856854,0.0028901318725025687,53.435766111822744,1.2500000000000184,False,TREND_SUPPORT_NOT_CONFIRMED|RSI_NOT_BELOW_32|CLOSE_NOT_NEAR_OR_BELOW_LOWER_BB|CLOSE_NOT_ABOVE_MA200|RSI_RECOVERY_NOT_CONFIRMED
2026-09-25T13:39:45.430299+00:00,SIE_OLD_MR_REGIME_EXHAUSTION_CONFIRM_V1,BTC,BTCUSDT,strategy-lab-v1.0.0:SIE_OLD_MR_REGIME_EXHAUSTION_CONFIRM_V1,1790323200000,2026-09-25T08:00:00+00:00,84023.51,84500.0,84011.28,84406.85,48.43170502678591,84272.44700000001,83845.03608608643,82289.00865,370.52428571428237,0.004389741895524858,47.665569724393066,1.2500000000000195,False,RSI_NOT_BELOW_32|CLOSE_NOT_NEAR_OR_BELOW_LOWER_BB
2026-09-25T13:39:45.430299+00:00,SIE_OLD_MR_REGIME_EXHAUSTION_CONFIRM_V1,BTC,BTCUSDT,strategy-lab-v1.0.0:SIE_OLD_MR_REGIME_EXHAUSTION_CONFIRM_V1,1790326800000,2026-09-25T09:00:00+00:00,84406.86,84857.0,84406.86,84567.53,55.43413722096581,84289.00850000001,83843.20985659758,82330.3561,376.075714285711,0.004447046216032454,48.43170502678591,1.2500000000000098,False,RSI_NOT_BELOW_32|CLOSE_NOT_NEAR_OR_BELOW_LOWER_BB
2026-09-25T13:39:45.430299+00:00,SIE_OLD_MR_REGIME_EXHAUSTION_CONFIRM_V1,BTC,BTCUSDT,strategy-lab-v1.0.0:SIE_OLD_MR_REGIME_EXHAUSTION_CONFIRM_V1,1790330400000,2026-09-25T10:00:00+00:00,84567.53,84876.68,84374.4,84709.25,60.54874752742832,84342.22350000001,83968.36871677596,82372.38365,388.6078571428547,0.004587549259884307,55.43413722096581,1.2500000000000093,False,RSI_NOT_BELOW_32|CLOSE_NOT_NEAR_OR_BELOW_LOWER_BB
2026-09-25T13:39:45.430299+00:00,SIE_OLD_MR_REGIME_EXHAUSTION_CONFIRM_V1,BTC,BTCUSDT,strategy-lab-v1.0.0:SIE_OLD_MR_REGIME_EXHAUSTION_CONFIRM_V1,1790334000000,2026-09-25T11:00:00+00:00,84709.26,85250.0,84560.81,84575.04,57.146381117900546,84350.9075,83964.11681898053,82413.436,422.557142857141,0.004996239349779096,60.54874752742832,1.2499999999999827,False,PLANNED_REWARD_TOO_LOW|RSI_NOT_BELOW_32|CLOSE_NOT_NEAR_OR_BELOW_LOWER_BB|RSI_RECOVERY_NOT_CONFIRMED
2026-09-25T13:39:45.430299+00:00,SIE_OLD_MR_REGIME_EXHAUSTION_CONFIRM_V1,BTC,BTCUSDT,strategy-lab-v1.0.0:SIE_OLD_MR_REGIME_EXHAUSTION_CONFIRM_V1,1790337600000,2026-09-25T12:00:00+00:00,84575.04,84700.14,83878.08,84453.53,55.142194067718656,84350.1945,83964.21656126839,82453.39955,450.01714285714115,0.005328577063115552,57.146381117900546,1.249999999999992,False,PLANNED_REWARD_TOO_LOW|RSI_NOT_BELOW_32|CLOSE_NOT_NEAR_OR_BELOW_LOWER_BB|RSI_RECOVERY_NOT_CONFIRMED
2026-09-25T13:39:45.430299+00:00,SIE_OLD_MR_REGIME_EXHAUSTION_CONFIRM_V1,BTC,BTCUSDT,strategy-lab-v1.0.0:SIE_OLD_MR_REGIME_EXHAUSTION_CONFIRM_V1,1790341200000,2026-09-25T13:00:00+00:00,84453.53,84571.08,83850.01,84163.65,44.49976938756252,84353.797,83976.2885839713,82492.97140000001,485.43928571428427,0.005767802201001077,55.142194067718656,1.2500000000000075,False,RSI_NOT_BELOW_32|CLOSE_NOT_NEAR_OR_BELOW_LOWER_BB|RSI_RECOVERY_NOT_CONFIRMED
2026-09-25T13:39:45.430299+00:00,SIE_OLD_MR_REGIME_EXHAUSTION_CONFIRM_V1,SOL,SOLUSDT,strategy-lab-v1.0.0:SIE_OLD_MR_REGIME_EXHAUSTION_CONFIRM_V1,1790323200000,2026-09-25T08:00:00+00:00,116.36,117.53,116.3,117.29,49.00990099009904,116.6405,115.17658094485837,112.12899999999999,0.8507142857142885,0.007253084540150809,44.91978609625679,1.2499999999999958,False,PLANNED_REWARD_TOO_LOW|RSI_NOT_BELOW_32|CLOSE_NOT_NEAR_OR_BELOW_LOWER_BB
2026-09-25T13:39:45.430299+00:00,SIE_OLD_MR_REGIME_EXHAUSTION_CONFIRM_V1,SOL,SOLUSDT,strategy-lab-v1.0.0:SIE_OLD_MR_REGIME_EXHAUSTION_CONFIRM_V1,1790326800000,2026-09-25T09:00:00+00:00,117.28,118.87,117.26,118.38,60.91269841269831,116.81199999999998,115.3770700365499,112.22505000000001,0.9214285714285738,0.007783650713199644,49.00990099009904,1.25,False,RSI_NOT_BELOW_32|CLOSE_NOT_NEAR_OR_BELOW_LOWER_BB
2026-09-25T13:39:45.430299+00:00,SIE_OLD_MR_REGIME_EXHAUSTION_CONFIRM_V1,SOL,SOLUSDT,strategy-lab-v1.0.0:SIE_OLD_MR_REGIME_EXHAUSTION_CONFIRM_V1,1790330400000,2026-09-25T10:00:00+00:00,118.36,119.6,117.88,119.16,71.8283582089552,117.04099999999998,115.64260234553721,112.32440000000001,0.9857142857142875,0.008272191051647261,60.91269841269831,1.249999999999993,False,PLANNED_REWARD_TOO_LOW|RSI_NOT_BELOW_32|CLOSE_NOT_NEAR_OR_BELOW_LOWER_BB
2026-09-25T13:39:45.430299+00:00,SIE_OLD_MR_REGIME_EXHAUSTION_CONFIRM_V1,SOL,SOLUSDT,strategy-lab-v1.0.0:SIE_OLD_MR_REGIME_EXHAUSTION_CONFIRM_V1,1790334000000,2026-09-25T11:00:00+00:00,119.17,122.18,119.14,120.81,78.39771101573672,117.26650000000002,115.14910277699082,112.42904999999999,1.1571428571428595,0.009578204264074658,71.8283582089552,1.249999999999997,False,PLANNED_REWARD_TOO_LOW|RSI_NOT_BELOW_32|CLOSE_NOT_NEAR_OR_BELOW_LOWER_BB
2026-09-25T13:39:45.430299+00:00,SIE_OLD_MR_REGIME_EXHAUSTION_CONFIRM_V1,SOL,SOLUSDT,strategy-lab-v1.0.0:SIE_OLD_MR_REGIME_EXHAUSTION_CONFIRM_V1,1790337600000,2026-09-25T12:00:00+00:00,120.81,121.14,118.58,120.71,80.23426061493402,117.449,114.85802412207154,112.53345000000002,1.2807142857142881,0.010609844136478239,78.39771101573672,1.25,False,RSI_NOT_BELOW_32|CLOSE_NOT_NEAR_OR_BELOW_LOWER_BB|RSI_RECOVERY_NOT_CONFIRMED
2026-09-25T13:39:45.430299+00:00,SIE_OLD_MR_REGIME_EXHAUSTION_CONFIRM_V1,SOL,SOLUSDT,strategy-lab-v1.0.0:SIE_OLD_MR_REGIME_EXHAUSTION_CONFIRM_V1,1790341200000,2026-09-25T13:00:00+00:00,120.72,121.09,119.11,119.88,69.80609418282545,117.606,114.83183778412163,112.63555000000001,1.3728571428571459,0.011451928118594811,80.23426061493402,1.2499999999999973,False,PLANNED_REWARD_TOO_LOW|RSI_NOT_BELOW_32|CLOSE_NOT_NEAR_OR_BELOW_LOWER_BB|RSI_RECOVERY_NOT_CONFIRMED
2026-09-25T13:39:45.430299+00:00,SIE_OLD_MR_REGIME_EXHAUSTION_CONFIRM_V1,XRP,XRPUSDT,strategy-lab-v1.0.0:SIE_OLD_MR_REGIME_EXHAUSTION_CONFIRM_V1,1790323200000,2026-09-25T08:00:00+00:00,1.534,1.5492,1.5306,1.5428,54.12719891745601,1.52934,1.5063330966881834,1.4489824999999998,0.01688571428571428,0.010944849809252193,54.49664429530196,1.25,False,RSI_NOT_BELOW_32|CLOSE_NOT_NEAR_OR_BELOW_LOWER_BB|RSI_RECOVERY_NOT_CONFIRMED
2026-09-25T13:39:45.430299+00:00,SIE_OLD_MR_REGIME_EXHAUSTION_CONFIRM_V1,XRP,XRPUSDT,strategy-lab-v1.0.0:SIE_OLD_MR_REGIME_EXHAUSTION_CONFIRM_V1,1790326800000,2026-09-25T09:00:00+00:00,1.5426,1.562,1.542,1.5536,66.84210526315788,1.53191,1.5101547339708463,1.4502540000000002,0.017364285714285704,0.011176805943798726,54.12719891745601,1.25,False,RSI_NOT_BELOW_32|CLOSE_NOT_NEAR_OR_BELOW_LOWER_BB
2026-09-25T13:39:45.430299+00:00,SIE_OLD_MR_REGIME_EXHAUSTION_CONFIRM_V1,XRP,XRPUSDT,strategy-lab-v1.0.0:SIE_OLD_MR_REGIME_EXHAUSTION_CONFIRM_V1,1790330400000,2026-09-25T10:00:00+00:00,1.5531,1.5616,1.5446,1.5567,67.18749999999994,1.5348,1.516229593434735,1.451542,0.017721428571428572,0.01138397158824987,66.84210526315788,1.250000000000003,False,RSI_NOT_BELOW_32|CLOSE_NOT_NEAR_OR_BELOW_LOWER_BB
2026-09-25T13:39:45.430299+00:00,SIE_OLD_MR_REGIME_EXHAUSTION_CONFIRM_V1,XRP,XRPUSDT,strategy-lab-v1.0.0:SIE_OLD_MR_REGIME_EXHAUSTION_CONFIRM_V1,1790334000000,2026-09-25T11:00:00+00:00,1.5567,1.5995,1.5561,1.5943,76.44859813084106,1.53879,1.5086766873293687,1.453006,0.019535714285714274,0.012253474431232687,67.18749999999994,1.2500000000000029,False,RSI_NOT_BELOW_32|CLOSE_NOT_NEAR_OR_BELOW_LOWER_BB
2026-09-25T13:39:45.430299+00:00,SIE_OLD_MR_REGIME_EXHAUSTION_CONFIRM_V1,XRP,XRPUSDT,strategy-lab-v1.0.0:SIE_OLD_MR_REGIME_EXHAUSTION_CONFIRM_V1,1790337600000,2026-09-25T12:00:00+00:00,1.5941,1.6299,1.5782,1.6001,81.33704735376045,1.542165,1.502097942458933,1.454512,0.022135714285714276,0.01383395680627103,76.44859813084106,1.2500000000000024,False,RSI_NOT_BELOW_32|CLOSE_NOT_NEAR_OR_BELOW_LOWER_BB
2026-09-25T13:39:45.430299+00:00,SIE_OLD_MR_REGIME_EXHAUSTION_CONFIRM_V1,XRP,XRPUSDT,strategy-lab-v1.0.0:SIE_OLD_MR_REGIME_EXHAUSTION_CONFIRM_V1,1790341200000,2026-09-25T13:00:00+00:00,1.6002,1.6038,1.5796,1.6035,81.61024702653246,1.545965,1.498457178538696,1.4560559999999998,0.0231642857142857,0.014446077776292922,81.33704735376045,1.2499999999999976,False,PLANNED_REWARD_TOO_LOW|RSI_NOT_BELOW_32|CLOSE_NOT_NEAR_OR_BELOW_LOWER_BB
2026-09-25T13:39:45.430299+00:00,SIE_OLD_MR_REGIME_EXHAUSTION_CONFIRM_V1,DOGE,DOGEUSDT,strategy-lab-v1.0.0:SIE_OLD_MR_REGIME_EXHAUSTION_CONFIRM_V1,1790323200000,2026-09-25T08:00:00+00:00,0.09546,0.09644,0.09524,0.09617,45.454545454545475,0.09557550000000001,0.09425425096972749,0.09110255,0.0009121428571428584,0.009484692285981682,46.14003590664276,1.25,False,RSI_NOT_BELOW_32|CLOSE_NOT_NEAR_OR_BELOW_LOWER_BB|RSI_RECOVERY_NOT_CONFIRMED
2026-09-25T13:39:45.430299+00:00,SIE_OLD_MR_REGIME_EXHAUSTION_CONFIRM_V1,DOGE,DOGEUSDT,strategy-lab-v1.0.0:SIE_OLD_MR_REGIME_EXHAUSTION_CONFIRM_V1,1790326800000,2026-09-25T09:00:00+00:00,0.09617,0.09719,0.09617,0.0967,54.301075268817144,0.09570000000000001,0.09444952808908158,0.09118114999999999,0.0009364285714285722,0.009683852858620189,45.454545454545475,1.2499999999999962,False,PLANNED_REWARD_TOO_LOW|RSI_NOT_BELOW_32|CLOSE_NOT_NEAR_OR_BELOW_LOWER_BB
2026-09-25T13:39:45.430299+00:00,SIE_OLD_MR_REGIME_EXHAUSTION_CONFIRM_V1,DOGE,DOGEUSDT,strategy-lab-v1.0.0:SIE_OLD_MR_REGIME_EXHAUSTION_CONFIRM_V1,1790330400000,2026-09-25T10:00:00+00:00,0.0967,0.09717,0.09613,0.09688,60.79545454545439,0.095832,0.09467176554093756,0.0912613,0.0009585714285714296,0.009894420195824006,54.301075268817144,1.2499999999999964,False,PLANNED_REWARD_TOO_LOW|RSI_NOT_BELOW_32|CLOSE_NOT_NEAR_OR_BELOW_LOWER_BB
2026-09-25T13:39:45.430299+00:00,SIE_OLD_MR_REGIME_EXHAUSTION_CONFIRM_V1,DOGE,DOGEUSDT,strategy-lab-v1.0.0:SIE_OLD_MR_REGIME_EXHAUSTION_CONFIRM_V1,1790334000000,2026-09-25T11:00:00+00:00,0.09688,0.09888,0.09686,0.09799,66.87999999999985,0.0959495,0.09446123288687956,0.09134605000000001,0.0010492857142857148,0.01070808974676717,60.79545454545439,1.2499999999999967,False,PLANNED_REWARD_TOO_LOW|RSI_NOT_BELOW_32|CLOSE_NOT_NEAR_OR_BELOW_LOWER_BB
2026-09-25T13:39:45.430299+00:00,SIE_OLD_MR_REGIME_EXHAUSTION_CONFIRM_V1,DOGE,DOGEUSDT,strategy-lab-v1.0.0:SIE_OLD_MR_REGIME_EXHAUSTION_CONFIRM_V1,1790337600000,2026-09-25T12:00:00+00:00,0.09801,0.0989,0.09656,0.09869,74.73200612557417,0.0960645,0.09416047820390738,0.0914344,0.001147857142857143,0.011630936699332687,66.87999999999985,1.25,False,RSI_NOT_BELOW_32|CLOSE_NOT_NEAR_OR_BELOW_LOWER_BB
2026-09-25T13:39:45.430299+00:00,SIE_OLD_MR_REGIME_EXHAUSTION_CONFIRM_V1,DOGE,DOGEUSDT,strategy-lab-v1.0.0:SIE_OLD_MR_REGIME_EXHAUSTION_CONFIRM_V1,1790341200000,2026-09-25T13:00:00+00:00,0.0987,0.09909,0.09724,0.09825,68.71257485029936,0.096182,0.09405598400758704,0.09152194999999999,0.001236428571428572,0.012584514721919307,74.73200612557417,1.2500000000000029,False,RSI_NOT_BELOW_32|CLOSE_NOT_NEAR_OR_BELOW_LOWER_BB|RSI_RECOVERY_NOT_CONFIRMED
2026-09-25T13:39:45.430299+00:00,SIE_OLD_MR_REGIME_EXHAUSTION_CONFIRM_V1,BNB,BNBUSDT,strategy-lab-v1.0.0:SIE_OLD_MR_REGIME_EXHAUSTION_CONFIRM_V1,1790323200000,2026-09-25T08:00:00+00:00,773.76,776.47,773.76,774.89,31.228668941979493,776.7805000000001,771.485149303395,767.20315,3.2435714285714345,0.00418584757652239,37.51937984496115,1.2500000000000175,False,CLOSE_NOT_NEAR_OR_BELOW_LOWER_BB|RSI_RECOVERY_NOT_CONFIRMED
2026-09-25T13:39:45.430299+00:00,SIE_OLD_MR_REGIME_EXHAUSTION_CONFIRM_V1,BNB,BNBUSDT,strategy-lab-v1.0.0:SIE_OLD_MR_REGIME_EXHAUSTION_CONFIRM_V1,1790326800000,2026-09-25T09:00:00+00:00,775.44,779.55,775.02,776.79,42.156303479749,776.771,771.4764333510631,767.461,3.367857142857141,0.0043356082633107295,31.228668941979493,1.2500000000000084,False,RSI_NOT_BELOW_32|CLOSE_NOT_NEAR_OR_BELOW_LOWER_BB
2026-09-25T13:39:45.430299+00:00,SIE_OLD_MR_REGIME_EXHAUSTION_CONFIRM_V1,BNB,BNBUSDT,strategy-lab-v1.0.0:SIE_OLD_MR_REGIME_EXHAUSTION_CONFIRM_V1,1790330400000,2026-09-25T10:00:00+00:00,776.69,777.32,774.28,776.75,42.108262108262146,776.809,771.5265047562694,767.7294,3.3514285714285683,0.004314681134764813,42.156303479749,1.2500000000000084,False,RSI_NOT_BELOW_32|CLOSE_NOT_NEAR_OR_BELOW_LOWER_BB|RSI_RECOVERY_NOT_CONFIRMED
2026-09-25T13:39:45.430299+00:00,SIE_OLD_MR_REGIME_EXHAUSTION_CONFIRM_V1,BNB,BNBUSDT,strategy-lab-v1.0.0:SIE_OLD_MR_REGIME_EXHAUSTION_CONFIRM_V1,1790334000000,2026-09-25T11:00:00+00:00,776.87,788.72,776.82,779.17,52.01484623541887,776.745,771.6115937234586,768.00155,4.039285714285711,0.005184087829723566,42.108262108262146,1.249999999999993,False,PLANNED_REWARD_TOO_LOW|RSI_NOT_BELOW_32|CLOSE_NOT_NEAR_OR_BELOW_LOWER_BB
2026-09-25T13:39:45.430299+00:00,SIE_OLD_MR_REGIME_EXHAUSTION_CONFIRM_V1,BNB,BNBUSDT,strategy-lab-v1.0.0:SIE_OLD_MR_REGIME_EXHAUSTION_CONFIRM_V1,1790337600000,2026-09-25T12:00:00+00:00,779.9,780.39,774.1,777.54,52.7703066164604,776.595,771.7465095132573,768.26665,4.263571428571424,0.005483411050970271,52.01484623541887,1.2500000000000067,False,RSI_NOT_BELOW_32|CLOSE_NOT_NEAR_OR_BELOW_LOWER_BB|RSI_RECOVERY_NOT_CONFIRMED
2026-09-25T13:39:45.430299+00:00,SIE_OLD_MR_REGIME_EXHAUSTION_CONFIRM_V1,BNB,BNBUSDT,strategy-lab-v1.0.0:SIE_OLD_MR_REGIME_EXHAUSTION_CONFIRM_V1,1790341200000,2026-09-25T13:00:00+00:00,777.3,778.49,772.63,775.8,48.612487611496384,776.4745,771.6729857596758,768.5247,4.558571428571424,0.005875962140463296,52.7703066164604,1.2500000000000124,False,RSI_NOT_BELOW_32|CLOSE_NOT_NEAR_OR_BELOW_LOWER_BB|RSI_RECOVERY_NOT_CONFIRMED
2026-09-25T13:39:45.430299+00:00,SIE_OLD_MR_REGIME_EXHAUSTION_CONFIRM_V1,PAXG,PAXGUSDT,strategy-lab-v1.0.0:SIE_OLD_MR_REGIME_EXHAUSTION_CONFIRM_V1,1790323200000,2026-09-25T08:00:00+00:00,4272.93,4290.7,4272.26,4287.95,60.63424947145877,4266.9664999999995,4248.5959112505225,4333.37355,12.196428571428246,0.0028443495309945885,57.72505392212498,1.2499999999999813,False,TREND_SUPPORT_NOT_CONFIRMED|PLANNED_REWARD_TOO_LOW|RSI_NOT_BELOW_32|CLOSE_NOT_NEAR_OR_BELOW_LOWER_BB|CLOSE_NOT_ABOVE_MA200
2026-09-25T13:39:45.430299+00:00,SIE_OLD_MR_REGIME_EXHAUSTION_CONFIRM_V1,PAXG,PAXGUSDT,strategy-lab-v1.0.0:SIE_OLD_MR_REGIME_EXHAUSTION_CONFIRM_V1,1790326800000,2026-09-25T09:00:00+00:00,4290.01,4292.18,4285.69,4290.36,63.46358037799949,4268.3965,4247.579954393142,4333.32875,12.095714285714037,0.0028192772368085747,60.63424947145877,1.2500000000000189,False,TREND_SUPPORT_NOT_CONFIRMED|RSI_NOT_BELOW_32|CLOSE_NOT_NEAR_OR_BELOW_LOWER_BB|CLOSE_NOT_ABOVE_MA200
2026-09-25T13:39:45.430299+00:00,SIE_OLD_MR_REGIME_EXHAUSTION_CONFIRM_V1,PAXG,PAXGUSDT,strategy-lab-v1.0.0:SIE_OLD_MR_REGIME_EXHAUSTION_CONFIRM_V1,1790330400000,2026-09-25T10:00:00+00:00,4290.36,4304.51,4288.56,4304.51,67.34674511292482,4271.1745,4246.932735645845,4333.46005,12.54857142857119,0.002915214839452386,63.46358037799949,1.25,False,TREND_SUPPORT_NOT_CONFIRMED|RSI_NOT_BELOW_32|CLOSE_NOT_NEAR_OR_BELOW_LOWER_BB|CLOSE_NOT_ABOVE_MA200
2026-09-25T13:39:45.430299+00:00,SIE_OLD_MR_REGIME_EXHAUSTION_CONFIRM_V1,PAXG,PAXGUSDT,strategy-lab-v1.0.0:SIE_OLD_MR_REGIME_EXHAUSTION_CONFIRM_V1,1790334000000,2026-09-25T11:00:00+00:00,4304.01,4308.75,4293.64,4296.59,63.9023951017468,4273.3635,4248.259022092616,4333.46255,12.974285714285477,0.0030196704163733276,67.34674511292482,1.2499999999999825,False,TREND_SUPPORT_NOT_CONFIRMED|PLANNED_REWARD_TOO_LOW|RSI_NOT_BELOW_32|CLOSE_NOT_NEAR_OR_BELOW_LOWER_BB|CLOSE_NOT_ABOVE_MA200|RSI_RECOVERY_NOT_CONFIRMED
2026-09-25T13:39:45.430299+00:00,SIE_OLD_MR_REGIME_EXHAUSTION_CONFIRM_V1,PAXG,PAXGUSDT,strategy-lab-v1.0.0:SIE_OLD_MR_REGIME_EXHAUSTION_CONFIRM_V1,1790337600000,2026-09-25T12:00:00+00:00,4298.83,4300.75,4289.84,4291.06,60.65884787857893,4274.5215,4248.415289800081,4333.426,13.30999999999975,0.0031017976910133506,63.9023951017468,1.2499999999999658,False,TREND_SUPPORT_NOT_CONFIRMED|PLANNED_REWARD_TOO_LOW|RSI_NOT_BELOW_32|CLOSE_NOT_NEAR_OR_BELOW_LOWER_BB|CLOSE_NOT_ABOVE_MA200|RSI_RECOVERY_NOT_CONFIRMED
2026-09-25T13:39:45.430299+00:00,SIE_OLD_MR_REGIME_EXHAUSTION_CONFIRM_V1,PAXG,PAXGUSDT,strategy-lab-v1.0.0:SIE_OLD_MR_REGIME_EXHAUSTION_CONFIRM_V1,1790341200000,2026-09-25T13:00:00+00:00,4291.46,4291.46,4268.82,4277.0,57.425095926197855,4275.2964999999995,4249.871150228515,4333.30105,14.322142857142678,0.003348642239219705,60.65884787857893,1.2499999999999842,False,TREND_SUPPORT_NOT_CONFIRMED|PLANNED_REWARD_TOO_LOW|RSI_NOT_BELOW_32|CLOSE_NOT_NEAR_OR_BELOW_LOWER_BB|CLOSE_NOT_ABOVE_MA200|RSI_RECOVERY_NOT_CONFIRMED
2026-09-25T18:30:41.414382+00:00,SIE_OLD_MR_REGIME_EXHAUSTION_CONFIRM_V1,BTC,BTCUSDT,strategy-lab-v1.0.0:SIE_OLD_MR_REGIME_EXHAUSTION_CONFIRM_V1,1790344800000,2026-09-25T14:00:00+00:00,83902.77,84025.92,83091.19,84002.17,36.828564888990556,84318.197,83878.14268642892,82529.66320000001,553.3464285714269,0.0065872873114043,39.40173717537722,1.2500000000000067,False,RSI_NOT_BELOW_32|CLOSE_NOT_NEAR_OR_BELOW_LOWER_BB|RSI_RECOVERY_NOT_CONFIRMED
2026-09-25T18:30:41.414382+00:00,SIE_OLD_MR_REGIME_EXHAUSTION_CONFIRM_V1,BTC,BTCUSDT,strategy-lab-v1.0.0:SIE_OLD_MR_REGIME_EXHAUSTION_CONFIRM_V1,1790348400000,2026-09-25T15:00:00+00:00,84002.66,84088.61,83335.24,83783.99,32.96983525148475,84287.62299999999,83791.85095414375,82566.64255,573.8485714285697,0.006849143510932932,36.828564888990556,1.25,False,RSI_NOT_BELOW_32|RSI_RECOVERY_NOT_CONFIRMED
2026-09-25T18:30:41.414382+00:00,SIE_OLD_MR_REGIME_EXHAUSTION_CONFIRM_V1,BTC,BTCUSDT,strategy-lab-v1.0.0:SIE_OLD_MR_REGIME_EXHAUSTION_CONFIRM_V1,1790352000000,2026-09-25T16:00:00+00:00,83784.0,84110.0,83698.57,83731.52,38.12997797805572,84256.495,83706.14882288194,82602.8119,551.14357142857,0.006582271185672612,32.96983525148475,1.249999999999987,False,PLANNED_REWARD_TOO_LOW|RSI_NOT_BELOW_32|RSI_RECOVERY_NOT_CONFIRMED
2026-09-25T18:30:41.414382+00:00,SIE_OLD_MR_REGIME_EXHAUSTION_CONFIRM_V1,BTC,BTCUSDT,strategy-lab-v1.0.0:SIE_OLD_MR_REGIME_EXHAUSTION_CONFIRM_V1,1790355600000,2026-09-25T17:00:00+00:00,83731.52,83970.54,83588.63,83761.83,39.118809746280476,84228.5815,83638.75624284375,82639.64935,553.5985714285687,0.00660919862219544,38.12997797805572,1.25,False,RSI_NOT_BELOW_32|CLOSE_NOT_NEAR_OR_BELOW_LOWER_BB
2026-09-25T18:30:41.414382+00:00,SIE_OLD_MR_REGIME_EXHAUSTION_CONFIRM_V1,BTC,BTCUSDT,strategy-lab-v1.0.0:SIE_OLD_MR_REGIME_EXHAUSTION_CONFIRM_V1,1790359200000,2026-09-25T18:00:00+00:00,83761.84,84059.46,83761.84,83916.95,43.843078145025856,84211.258,83606.3832084006,82677.58009999999,557.7221428571409,0.006646120275547918,39.118809746280476,1.2500000000000064,False,RSI_NOT_BELOW_32|CLOSE_NOT_NEAR_OR_BELOW_LOWER_BB
2026-09-25T18:30:41.414382+00:00,SIE_OLD_MR_REGIME_EXHAUSTION_CONFIRM_V1,SOL,SOLUSDT,strategy-lab-v1.0.0:SIE_OLD_MR_REGIME_EXHAUSTION_CONFIRM_V1,1790344800000,2026-09-25T14:00:00+00:00,119.5,120.5,118.3,120.42,68.45965770171148,117.7385,114.7608346393513,112.73745,1.529285714285717,0.012699599022469,66.1417322834646,1.25,False,RSI_NOT_BELOW_32|CLOSE_NOT_NEAR_OR_BELOW_LOWER_BB
2026-09-25T18:30:41.414382+00:00,SIE_OLD_MR_REGIME_EXHAUSTION_CONFIRM_V1,SOL,SOLUSDT,strategy-lab-v1.0.0:SIE_OLD_MR_REGIME_EXHAUSTION_CONFIRM_V1,1790348400000,2026-09-25T15:00:00+00:00,120.39,121.48,118.99,120.11,65.71767497034404,117.88,114.73847807583533,112.8383,1.6514285714285748,0.013749301235772,68.45965770171148,1.2500000000000022,False,RSI_NOT_BELOW_32|CLOSE_NOT_NEAR_OR_BELOW_LOWER_BB|RSI_RECOVERY_NOT_CONFIRMED
2026-09-25T18:30:41.414382+00:00,SIE_OLD_MR_REGIME_EXHAUSTION_CONFIRM_V1,SOL,SOLUSDT,strategy-lab-v1.0.0:SIE_OLD_MR_REGIME_EXHAUSTION_CONFIRM_V1,1790352000000,2026-09-25T16:00:00+00:00,120.11,121.88,120.06,120.85,72.93844367015089,118.08149999999998,114.72796291208708,112.94135,1.6607142857142887,0.013741946923577069,65.71767497034404,1.2499999999999978,False,PLANNED_REWARD_TOO_LOW|RSI_NOT_BELOW_32|CLOSE_NOT_NEAR_OR_BELOW_LOWER_BB
2026-09-25T18:30:41.414382+00:00,SIE_OLD_MR_REGIME_EXHAUSTION_CONFIRM_V1,SOL,SOLUSDT,strategy-lab-v1.0.0:SIE_OLD_MR_REGIME_EXHAUSTION_CONFIRM_V1,1790355600000,2026-09-25T17:00:00+00:00,120.86,121.61,120.24,120.98,73.76294591484466,118.2885,114.76049617347041,113.04545,1.6992857142857167,0.01404600524289731,72.93844367015089,1.250000000000002,False,RSI_NOT_BELOW_32|CLOSE_NOT_NEAR_OR_BELOW_LOWER_BB
2026-09-25T18:30:41.414382+00:00,SIE_OLD_MR_REGIME_EXHAUSTION_CONFIRM_V1,SOL,SOLUSDT,strategy-lab-v1.0.0:SIE_OLD_MR_REGIME_EXHAUSTION_CONFIRM_V1,1790359200000,2026-09-25T18:00:00+00:00,120.99,122.76,120.91,121.87,80.30803080308027,118.55300000000003,114.79153698675537,113.156,1.749285714285717,0.014353702422956569,73.76294591484466,1.250000000000004,False,RSI_NOT_BELOW_32|CLOSE_NOT_NEAR_OR_BELOW_LOWER_BB
2026-09-25T18:30:41.414382+00:00,SIE_OLD_MR_REGIME_EXHAUSTION_CONFIRM_V1,XRP,XRPUSDT,strategy-lab-v1.0.0:SIE_OLD_MR_REGIME_EXHAUSTION_CONFIRM_V1,1790344800000,2026-09-25T14:00:00+00:00,1.5828,1.5976,1.5617,1.589,68.6767169179229,1.547545,1.5005391503640324,1.4573964999999998,0.024278571428571403,0.015279151308100317,69.64285714285711,1.2499999999999953,False,PLANNED_REWARD_TOO_LOW|RSI_NOT_BELOW_32|CLOSE_NOT_NEAR_OR_BELOW_LOWER_BB|RSI_RECOVERY_NOT_CONFIRMED
2026-09-25T18:30:41.414382+00:00,SIE_OLD_MR_REGIME_EXHAUSTION_CONFIRM_V1,XRP,XRPUSDT,strategy-lab-v1.0.0:SIE_OLD_MR_REGIME_EXHAUSTION_CONFIRM_V1,1790348400000,2026-09-25T15:00:00+00:00,1.5886,1.5938,1.5576,1.5766,63.71406371406375,1.549975,1.5022427519909323,1.458775,0.025399999999999978,0.016110617785107178,68.6767169179229,1.2499999999999956,False,PLANNED_REWARD_TOO_LOW|RSI_NOT_BELOW_32|CLOSE_NOT_NEAR_OR_BELOW_LOWER_BB|RSI_RECOVERY_NOT_CONFIRMED
2026-09-25T18:30:41.414382+00:00,SIE_OLD_MR_REGIME_EXHAUSTION_CONFIRM_V1,XRP,XRPUSDT,strategy-lab-v1.0.0:SIE_OLD_MR_REGIME_EXHAUSTION_CONFIRM_V1,1790352000000,2026-09-25T16:00:00+00:00,1.5766,1.5863,1.5602,1.5622,62.98003072196622,1.55157,1.5044461164588576,1.4600724999999999,0.025214285714285696,0.01614024178356529,63.71406371406375,1.2500000000000044,False,RSI_NOT_BELOW_32|CLOSE_NOT_NEAR_OR_BELOW_LOWER_BB|RSI_RECOVERY_NOT_CONFIRMED
2026-09-25T18:30:41.414382+00:00,SIE_OLD_MR_REGIME_EXHAUSTION_CONFIRM_V1,XRP,XRPUSDT,strategy-lab-v1.0.0:SIE_OLD_MR_REGIME_EXHAUSTION_CONFIRM_V1,1790355600000,2026-09-25T17:00:00+00:00,1.5623,1.5726,1.5509,1.5641,62.98003072196622,1.55289,1.505915372806172,1.4613995,0.025999999999999992,0.016622978070455846,62.98003072196622,1.2499999999999978,False,PLANNED_REWARD_TOO_LOW|RSI_NOT_BELOW_32|CLOSE_NOT_NEAR_OR_BELOW_LOWER_BB|RSI_RECOVERY_NOT_CONFIRMED
2026-09-25T18:30:41.414382+00:00,SIE_OLD_MR_REGIME_EXHAUSTION_CONFIRM_V1,XRP,XRPUSDT,strategy-lab-v1.0.0:SIE_OLD_MR_REGIME_EXHAUSTION_CONFIRM_V1,1790359200000,2026-09-25T18:00:00+00:00,1.5642,1.5792,1.5631,1.5734,64.99636891793752,1.5549300000000001,1.508113716508045,1.4627925,0.026085714285714268,0.016579200639198086,62.98003072196622,1.25,False,RSI_NOT_BELOW_32|CLOSE_NOT_NEAR_OR_BELOW_LOWER_BB
2026-09-25T18:30:41.414382+00:00,SIE_OLD_MR_REGIME_EXHAUSTION_CONFIRM_V1,DOGE,DOGEUSDT,strategy-lab-v1.0.0:SIE_OLD_MR_REGIME_EXHAUSTION_CONFIRM_V1,1790344800000,2026-09-25T14:00:00+00:00,0.09792,0.09805,0.09623,0.09781,60.53042121684855,0.09622149999999999,0.09404638368127224,0.09160465000000001,0.001333571428571428,0.013634305577869626,65.2916073968705,1.25,False,RSI_NOT_BELOW_32|CLOSE_NOT_NEAR_OR_BELOW_LOWER_BB|RSI_RECOVERY_NOT_CONFIRMED
2026-09-25T18:30:41.414382+00:00,SIE_OLD_MR_REGIME_EXHAUSTION_CONFIRM_V1,DOGE,DOGEUSDT,strategy-lab-v1.0.0:SIE_OLD_MR_REGIME_EXHAUSTION_CONFIRM_V1,1790348400000,2026-09-25T15:00:00+00:00,0.0978,0.09839,0.09636,0.09743,62.07999999999994,0.096282,0.09404401340486686,0.09168604999999999,0.0013857142857142848,0.014222665356812941,60.53042121684855,1.2499999999999976,False,PLANNED_REWARD_TOO_LOW|RSI_NOT_BELOW_32|CLOSE_NOT_NEAR_OR_BELOW_LOWER_BB|RSI_RECOVERY_NOT_CONFIRMED
2026-09-25T18:30:41.414382+00:00,SIE_OLD_MR_REGIME_EXHAUSTION_CONFIRM_V1,DOGE,DOGEUSDT,strategy-lab-v1.0.0:SIE_OLD_MR_REGIME_EXHAUSTION_CONFIRM_V1,1790352000000,2026-09-25T16:00:00+00:00,0.09743,0.09835,0.09708,0.09713,68.30985915492951,0.0963515,0.09409887242314767,0.09176425,0.0013578571428571429,0.013979791442985102,62.07999999999994,1.2499999999999973,False,PLANNED_REWARD_TOO_LOW|RSI_NOT_BELOW_32|CLOSE_NOT_NEAR_OR_BELOW_LOWER_BB|RSI_RECOVERY_NOT_CONFIRMED
2026-09-25T18:30:41.414382+00:00,SIE_OLD_MR_REGIME_EXHAUSTION_CONFIRM_V1,DOGE,DOGEUSDT,strategy-lab-v1.0.0:SIE_OLD_MR_REGIME_EXHAUSTION_CONFIRM_V1,1790355600000,2026-09-25T17:00:00+00:00,0.09709,0.09771,0.09666,0.0971,67.0863309352518,0.0964125,0.09414820430376339,0.09184490000000001,0.0013792857142857148,0.01420479623363249,68.30985915492951,1.2499999999999976,False,PLANNED_REWARD_TOO_LOW|RSI_NOT_BELOW_32|CLOSE_NOT_NEAR_OR_BELOW_LOWER_BB|RSI_RECOVERY_NOT_CONFIRMED
2026-09-25T18:30:41.414382+00:00,SIE_OLD_MR_REGIME_EXHAUSTION_CONFIRM_V1,DOGE,DOGEUSDT,strategy-lab-v1.0.0:SIE_OLD_MR_REGIME_EXHAUSTION_CONFIRM_V1,1790359200000,2026-09-25T18:00:00+00:00,0.09711,0.09817,0.0969,0.09752,70.81911262798641,0.0965155,0.09424647840468726,0.09192895,0.0014050000000000004,0.014407301066447914,67.0863309352518,1.2499999999999976,False,PLANNED_REWARD_TOO_LOW|RSI_NOT_BELOW_32|CLOSE_NOT_NEAR_OR_BELOW_LOWER_BB
2026-09-25T18:30:41.414382+00:00,SIE_OLD_MR_REGIME_EXHAUSTION_CONFIRM_V1,BNB,BNBUSDT,strategy-lab-v1.0.0:SIE_OLD_MR_REGIME_EXHAUSTION_CONFIRM_V1,1790344800000,2026-09-25T14:00:00+00:00,774.3,775.85,768.48,775.85,47.13598600787068,776.1065,771.7919280629435,768.7703,4.964285714285714,0.006398512230825178,44.79452054794523,1.2500000000000058,False,RSI_NOT_BELOW_32|CLOSE_NOT_NEAR_OR_BELOW_LOWER_BB
2026-09-25T18:30:41.414382+00:00,SIE_OLD_MR_REGIME_EXHAUSTION_CONFIRM_V1,BNB,BNBUSDT,strategy-lab-v1.0.0:SIE_OLD_MR_REGIME_EXHAUSTION_CONFIRM_V1,1790348400000,2026-09-25T15:00:00+00:00,775.83,776.87,771.12,774.48,42.18213058419243,775.8534999999999,771.7876899945968,769.0241000000001,5.1707142857142925,0.0066763690291735,47.13598600787068,1.2500000000000056,False,RSI_NOT_BELOW_32|CLOSE_NOT_NEAR_OR_BELOW_LOWER_BB|RSI_RECOVERY_NOT_CONFIRMED
2026-09-25T18:30:41.414382+00:00,SIE_OLD_MR_REGIME_EXHAUSTION_CONFIRM_V1,BNB,BNBUSDT,strategy-lab-v1.0.0:SIE_OLD_MR_REGIME_EXHAUSTION_CONFIRM_V1,1790352000000,2026-09-25T16:00:00+00:00,774.37,776.77,772.45,772.52,46.71741198858229,775.5035,771.5570318321267,769.25965,5.015714285714288,0.006492665931903754,42.18213058419243,1.25,False,RSI_NOT_BELOW_32|CLOSE_NOT_NEAR_OR_BELOW_LOWER_BB|RSI_RECOVERY_NOT_CONFIRMED
2026-09-25T18:30:41.414382+00:00,SIE_OLD_MR_REGIME_EXHAUSTION_CONFIRM_V1,BNB,BNBUSDT,strategy-lab-v1.0.0:SIE_OLD_MR_REGIME_EXHAUSTION_CONFIRM_V1,1790355600000,2026-09-25T17:00:00+00:00,772.43,774.32,771.08,773.8,52.333804809052374,775.273,771.4976955089638,769.5059,4.9600000000000035,0.006409925045231331,46.71741198858229,1.25,False,RSI_NOT_BELOW_32|CLOSE_NOT_NEAR_OR_BELOW_LOWER_BB
2026-09-25T18:30:41.414382+00:00,SIE_OLD_MR_REGIME_EXHAUSTION_CONFIRM_V1,BNB,BNBUSDT,strategy-lab-v1.0.0:SIE_OLD_MR_REGIME_EXHAUSTION_CONFIRM_V1,1790359200000,2026-09-25T18:00:00+00:00,773.56,776.27,773.53,775.02,53.75114364135408,775.1985,771.4652050745972,769.7661999999999,4.938571428571436,0.006372185786910577,52.333804809052374,1.2499999999999942,False,PLANNED_REWARD_TOO_LOW|RSI_NOT_BELOW_32|CLOSE_NOT_NEAR_OR_BELOW_LOWER_BB
2026-09-25T18:30:41.414382+00:00,SIE_OLD_MR_REGIME_EXHAUSTION_CONFIRM_V1,PAXG,PAXGUSDT,strategy-lab-v1.0.0:SIE_OLD_MR_REGIME_EXHAUSTION_CONFIRM_V1,1790344800000,2026-09-25T14:00:00+00:00,4266.24,4272.26,4252.94,4272.26,49.459413077055,4275.1805,4249.8506366169895,4333.08815,14.650714285714132,0.003429265607831483,54.4258743423087,1.2500000000000155,False,TREND_SUPPORT_NOT_CONFIRMED|RSI_NOT_BELOW_32|CLOSE_NOT_NEAR_OR_BELOW_LOWER_BB|CLOSE_NOT_ABOVE_MA200|RSI_RECOVERY_NOT_CONFIRMED
2026-09-25T18:30:41.414382+00:00,SIE_OLD_MR_REGIME_EXHAUSTION_CONFIRM_V1,PAXG,PAXGUSDT,strategy-lab-v1.0.0:SIE_OLD_MR_REGIME_EXHAUSTION_CONFIRM_V1,1790348400000,2026-09-25T15:00:00+00:00,4273.0,4285.7,4265.13,4285.7,51.366526298406185,4276.2155,4250.942578938081,4332.8957,15.113571428571309,0.0035265117550391557,49.459413077055,1.249999999999985,False,TREND_SUPPORT_NOT_CONFIRMED|PLANNED_REWARD_TOO_LOW|RSI_NOT_BELOW_32|CLOSE_NOT_NEAR_OR_BELOW_LOWER_BB|CLOSE_NOT_ABOVE_MA200
2026-09-25T18:30:41.414382+00:00,SIE_OLD_MR_REGIME_EXHAUSTION_CONFIRM_V1,PAXG,PAXGUSDT,strategy-lab-v1.0.0:SIE_OLD_MR_REGIME_EXHAUSTION_CONFIRM_V1,1790352000000,2026-09-25T16:00:00+00:00,4288.01,4291.88,4276.08,4280.7,51.962913464751004,4276.853000000001,4251.803980777645,4332.7449,15.189999999999925,0.0035484850608545155,51.366526298406185,1.2499999999999851,False,TREND_SUPPORT_NOT_CONFIRMED|PLANNED_REWARD_TOO_LOW|RSI_NOT_BELOW_32|CLOSE_NOT_NEAR_OR_BELOW_LOWER_BB|CLOSE_NOT_ABOVE_MA200|RSI_RECOVERY_NOT_CONFIRMED
2026-09-25T18:30:41.414382+00:00,SIE_OLD_MR_REGIME_EXHAUSTION_CONFIRM_V1,PAXG,PAXGUSDT,strategy-lab-v1.0.0:SIE_OLD_MR_REGIME_EXHAUSTION_CONFIRM_V1,1790355600000,2026-09-25T17:00:00+00:00,4282.11,4285.89,4275.83,4278.71,56.18170324212027,4277.503,4252.975061562333,4332.61315,14.82642857142855,0.0034651632317751263,51.962913464751004,1.25,False,TREND_SUPPORT_NOT_CONFIRMED|RSI_NOT_BELOW_32|CLOSE_NOT_NEAR_OR_BELOW_LOWER_BB|CLOSE_NOT_ABOVE_MA200|RSI_RECOVERY_NOT_CONFIRMED
2026-09-25T18:30:41.414382+00:00,SIE_OLD_MR_REGIME_EXHAUSTION_CONFIRM_V1,PAXG,PAXGUSDT,strategy-lab-v1.0.0:SIE_OLD_MR_REGIME_EXHAUSTION_CONFIRM_V1,1790359200000,2026-09-25T18:00:00+00:00,4278.71,4284.37,4277.71,4280.71,60.88564384600798,4278.221500000001,4254.20714489723,4332.3938,14.617857142857117,0.003414820705643951,56.18170324212027,1.25,False,TREND_SUPPORT_NOT_CONFIRMED|RSI_NOT_BELOW_32|CLOSE_NOT_NEAR_OR_BELOW_LOWER_BB|CLOSE_NOT_ABOVE_MA200
2026-09-25T23:16:21.165332+00:00,SIE_OLD_MR_REGIME_EXHAUSTION_CONFIRM_V1,BTC,BTCUSDT,strategy-lab-v1.0.0:SIE_OLD_MR_REGIME_EXHAUSTION_CONFIRM_V1,1790362800000,2026-09-25T19:00:00+00:00,83949.99,84059.46,83905.01,84003.55,46.11666564970674,84193.81450000001,83590.86805145387,82715.76935,550.0007142857139,0.006547350847502444,44.66810735819876,1.25,False,RSI_NOT_BELOW_32|CLOSE_NOT_NEAR_OR_BELOW_LOWER_BB
2026-09-25T23:16:21.165332+00:00,SIE_OLD_MR_REGIME_EXHAUSTION_CONFIRM_V1,BTC,BTCUSDT,strategy-lab-v1.0.0:SIE_OLD_MR_REGIME_EXHAUSTION_CONFIRM_V1,1790366400000,2026-09-25T20:00:00+00:00,84005.59,84184.65,83827.89,83867.63,46.588762620147385,84158.31450000001,83566.43628802187,82751.80835,549.2778571428561,0.006549342781510054,46.11666564970674,1.25,False,RSI_NOT_BELOW_32|CLOSE_NOT_NEAR_OR_BELOW_LOWER_BB|RSI_RECOVERY_NOT_CONFIRMED
2026-09-25T23:16:21.165332+00:00,SIE_OLD_MR_REGIME_EXHAUSTION_CONFIRM_V1,BTC,BTCUSDT,strategy-lab-v1.0.0:SIE_OLD_MR_REGIME_EXHAUSTION_CONFIRM_V1,1790370000000,2026-09-25T21:00:00+00:00,83867.63,83915.77,83615.0,83787.95,44.98814858314924,84117.9085,83540.93602623157,82787.65685,543.8949999999988,0.006491327213519353,46.588762620147385,1.2500000000000067,False,RSI_NOT_BELOW_32|CLOSE_NOT_NEAR_OR_BELOW_LOWER_BB|RSI_RECOVERY_NOT_CONFIRMED
2026-09-25T23:16:21.165332+00:00,SIE_OLD_MR_REGIME_EXHAUSTION_CONFIRM_V1,BTC,BTCUSDT,strategy-lab-v1.0.0:SIE_OLD_MR_REGIME_EXHAUSTION_CONFIRM_V1,1790373600000,2026-09-25T22:00:00+00:00,83787.95,84120.95,83759.87,84058.72,42.22003709745897,84109.7975,83534.28760442002,82825.83235,534.7778571428561,0.006361955751204112,44.98814858314924,1.25,False,RSI_NOT_BELOW_32|CLOSE_NOT_NEAR_OR_BELOW_LOWER_BB|RSI_RECOVERY_NOT_CONFIRMED
2026-09-25T23:16:21.165332+00:00,SIE_OLD_MR_REGIME_EXHAUSTION_CONFIRM_V1,BTC,BTCUSDT,strategy-lab-v1.0.0:SIE_OLD_MR_REGIME_EXHAUSTION_CONFIRM_V1,1790377200000,2026-09-25T23:00:00+00:00,84058.72,84100.01,84050.54,84094.52,38.80433804977133,84103.7235,83530.2647375711,82862.7934,506.1578571428566,0.006018916061865346,42.22003709745897,1.25,False,RSI_NOT_BELOW_32|CLOSE_NOT_NEAR_OR_BELOW_LOWER_BB|RSI_RECOVERY_NOT_CONFIRMED
2026-09-25T23:16:21.165332+00:00,SIE_OLD_MR_REGIME_EXHAUSTION_CONFIRM_V1,SOL,SOLUSDT,strategy-lab-v1.0.0:SIE_OLD_MR_REGIME_EXHAUSTION_CONFIRM_V1,1790362800000,2026-09-25T19:00:00+00:00,121.94,122.18,121.44,121.88,79.9781181619255,118.79849999999999,114.83389018313211,113.26540000000001,1.7650000000000037,0.014481457170987888,80.41575492341353,1.249999999999998,False,PLANNED_REWARD_TOO_LOW|RSI_NOT_BELOW_32|CLOSE_NOT_NEAR_OR_BELOW_LOWER_BB|RSI_RECOVERY_NOT_CONFIRMED
2026-09-25T23:16:21.165332+00:00,SIE_OLD_MR_REGIME_EXHAUSTION_CONFIRM_V1,SOL,SOLUSDT,strategy-lab-v1.0.0:SIE_OLD_MR_REGIME_EXHAUSTION_CONFIRM_V1,1790366400000,2026-09-25T20:00:00+00:00,121.9,122.94,121.47,121.56,78.51772287862514,119.0065,114.92249571498692,113.36994999999999,1.8228571428571456,0.014995534245287476,79.9781181619255,1.249999999999996,False,PLANNED_REWARD_TOO_LOW|RSI_NOT_BELOW_32|CLOSE_NOT_NEAR_OR_BELOW_LOWER_BB|RSI_RECOVERY_NOT_CONFIRMED
2026-09-25T23:16:21.165332+00:00,SIE_OLD_MR_REGIME_EXHAUSTION_CONFIRM_V1,SOL,SOLUSDT,strategy-lab-v1.0.0:SIE_OLD_MR_REGIME_EXHAUSTION_CONFIRM_V1,1790370000000,2026-09-25T21:00:00+00:00,121.57,121.74,120.82,120.99,73.69498464687814,119.18300000000002,115.07654118491307,113.4717,1.8328571428571456,0.015148831662593154,78.51772287862514,1.250000000000002,False,RSI_NOT_BELOW_32|CLOSE_NOT_NEAR_OR_BELOW_LOWER_BB|RSI_RECOVERY_NOT_CONFIRMED
2026-09-25T23:16:21.165332+00:00,SIE_OLD_MR_REGIME_EXHAUSTION_CONFIRM_V1,SOL,SOLUSDT,strategy-lab-v1.0.0:SIE_OLD_MR_REGIME_EXHAUSTION_CONFIRM_V1,1790373600000,2026-09-25T22:00:00+00:00,120.97,122.43,120.83,122.17,74.35129740518957,119.44649999999999,115.28389372507974,113.57775,1.8592857142857173,0.015218840257720532,73.69498464687814,1.249999999999998,False,PLANNED_REWARD_TOO_LOW|RSI_NOT_BELOW_32|CLOSE_NOT_NEAR_OR_BELOW_LOWER_BB
2026-09-25T23:16:21.165332+00:00,SIE_OLD_MR_REGIME_EXHAUSTION_CONFIRM_V1,SOL,SOLUSDT,strategy-lab-v1.0.0:SIE_OLD_MR_REGIME_EXHAUSTION_CONFIRM_V1,1790377200000,2026-09-25T23:00:00+00:00,122.17,122.36,122.04,122.11,70.74527252502777,119.7095,115.57173502358997,113.6823,1.7671428571428598,0.01447172923710474,74.35129740518957,1.25,False,RSI_NOT_BELOW_32|CLOSE_NOT_NEAR_OR_BELOW_LOWER_BB|RSI_RECOVERY_NOT_CONFIRMED
2026-09-25T23:16:21.165332+00:00,SIE_OLD_MR_REGIME_EXHAUSTION_CONFIRM_V1,XRP,XRPUSDT,strategy-lab-v1.0.0:SIE_OLD_MR_REGIME_EXHAUSTION_CONFIRM_V1,1790362800000,2026-09-25T19:00:00+00:00,1.5681,1.5749,1.5625,1.572,66.64145234493192,1.556545,1.5104822829720268,1.4641345000000001,0.026199999999999984,0.016666666666666656,63.595166163142,1.2500000000000022,False,RSI_NOT_BELOW_32|CLOSE_NOT_NEAR_OR_BELOW_LOWER_BB
2026-09-25T23:16:21.165332+00:00,SIE_OLD_MR_REGIME_EXHAUSTION_CONFIRM_V1,XRP,XRPUSDT,strategy-lab-v1.0.0:SIE_OLD_MR_REGIME_EXHAUSTION_CONFIRM_V1,1790366400000,2026-09-25T20:00:00+00:00,1.5719,1.5746,1.56,1.5608,60.91872791519431,1.557365,1.5116134415566078,1.4654184999999997,0.026135714285714262,0.016745075785311547,66.64145234493192,1.25,False,RSI_NOT_BELOW_32|CLOSE_NOT_NEAR_OR_BELOW_LOWER_BB|RSI_RECOVERY_NOT_CONFIRMED
2026-09-25T23:16:21.165332+00:00,SIE_OLD_MR_REGIME_EXHAUSTION_CONFIRM_V1,XRP,XRPUSDT,strategy-lab-v1.0.0:SIE_OLD_MR_REGIME_EXHAUSTION_CONFIRM_V1,1790370000000,2026-09-25T21:00:00+00:00,1.5605,1.5621,1.5504,1.5514,55.86630286493856,1.5578699999999999,1.5126186530587304,1.4666625,0.025449999999999973,0.01640453783679256,60.91872791519431,1.2500000000000022,False,RSI_NOT_BELOW_32|CLOSE_NOT_NEAR_OR_BELOW_LOWER_BB|RSI_RECOVERY_NOT_CONFIRMED
2026-09-25T23:16:21.165332+00:00,SIE_OLD_MR_REGIME_EXHAUSTION_CONFIRM_V1,XRP,XRPUSDT,strategy-lab-v1.0.0:SIE_OLD_MR_REGIME_EXHAUSTION_CONFIRM_V1,1790373600000,2026-09-25T22:00:00+00:00,1.5509,1.5719,1.5484,1.5686,58.31185567010308,1.55988,1.5165111817085233,1.468007,0.025799999999999983,0.016447787836287125,55.86630286493856,1.2500000000000022,False,RSI_NOT_BELOW_32|CLOSE_NOT_NEAR_OR_BELOW_LOWER_BB
2026-09-25T23:16:21.165332+00:00,SIE_OLD_MR_REGIME_EXHAUSTION_CONFIRM_V1,XRP,XRPUSDT,strategy-lab-v1.0.0:SIE_OLD_MR_REGIME_EXHAUSTION_CONFIRM_V1,1790377200000,2026-09-25T23:00:00+00:00,1.5686,1.5706,1.5675,1.5706,55.8060109289617,1.5618950000000003,1.5205114054243825,1.4693265,0.02459285714285713,0.01565825617143584,58.31185567010308,1.2500000000000022,False,RSI_NOT_BELOW_32|CLOSE_NOT_NEAR_OR_BELOW_LOWER_BB|RSI_RECOVERY_NOT_CONFIRMED
2026-09-25T23:16:21.165332+00:00,SIE_OLD_MR_REGIME_EXHAUSTION_CONFIRM_V1,DOGE,DOGEUSDT,strategy-lab-v1.0.0:SIE_OLD_MR_REGIME_EXHAUSTION_CONFIRM_V1,1790362800000,2026-09-25T19:00:00+00:00,0.09759,0.09827,0.09741,0.09811,73.44720496894422,0.096635,0.09429088822792328,0.09201509999999999,0.001427142857142857,0.01454635467478195,70.96774193548394,1.2499999999999976,False,PLANNED_REWARD_TOO_LOW|RSI_NOT_BELOW_32|CLOSE_NOT_NEAR_OR_BELOW_LOWER_BB
2026-09-25T23:16:21.165332+00:00,SIE_OLD_MR_REGIME_EXHAUSTION_CONFIRM_V1,DOGE,DOGEUSDT,strategy-lab-v1.0.0:SIE_OLD_MR_REGIME_EXHAUSTION_CONFIRM_V1,1790366400000,2026-09-25T20:00:00+00:00,0.09811,0.09867,0.09777,0.09783,71.66666666666669,0.0967035,0.09430442288577698,0.09209815,0.0014242857142857143,0.014558782728055957,73.44720496894422,1.25,False,RSI_NOT_BELOW_32|CLOSE_NOT_NEAR_OR_BELOW_LOWER_BB|RSI_RECOVERY_NOT_CONFIRMED
2026-09-25T23:16:21.165332+00:00,SIE_OLD_MR_REGIME_EXHAUSTION_CONFIRM_V1,DOGE,DOGEUSDT,strategy-lab-v1.0.0:SIE_OLD_MR_REGIME_EXHAUSTION_CONFIRM_V1,1790370000000,2026-09-25T21:00:00+00:00,0.09783,0.09803,0.09727,0.09775,68.44660194174764,0.09679499999999999,0.09438287645424438,0.09217989999999998,0.0014142857142857151,0.014468396054073811,71.66666666666669,1.2499999999999976,False,PLANNED_REWARD_TOO_LOW|RSI_NOT_BELOW_32|CLOSE_NOT_NEAR_OR_BELOW_LOWER_BB|RSI_RECOVERY_NOT_CONFIRMED
2026-09-25T23:16:21.165332+00:00,SIE_OLD_MR_REGIME_EXHAUSTION_CONFIRM_V1,DOGE,DOGEUSDT,strategy-lab-v1.0.0:SIE_OLD_MR_REGIME_EXHAUSTION_CONFIRM_V1,1790373600000,2026-09-25T22:00:00+00:00,0.09775,0.09981,0.09762,0.0993,72.26173541963017,0.0970075,0.09450076606916719,0.0922685,0.0014850000000000013,0.014954682779456207,68.44660194174764,1.2500000000000024,False,RSI_NOT_BELOW_32|CLOSE_NOT_NEAR_OR_BELOW_LOWER_BB
2026-09-25T23:16:21.165332+00:00,SIE_OLD_MR_REGIME_EXHAUSTION_CONFIRM_V1,DOGE,DOGEUSDT,strategy-lab-v1.0.0:SIE_OLD_MR_REGIME_EXHAUSTION_CONFIRM_V1,1790377200000,2026-09-25T23:00:00+00:00,0.09932,0.09936,0.09899,0.09928,69.78527607361963,0.09721149999999999,0.09466263927410923,0.09235525000000001,0.001438571428571431,0.014490042592379442,72.26173541963017,1.2499999999999951,False,PLANNED_REWARD_TOO_LOW|RSI_NOT_BELOW_32|CLOSE_NOT_NEAR_OR_BELOW_LOWER_BB|RSI_RECOVERY_NOT_CONFIRMED
2026-09-25T23:16:21.165332+00:00,SIE_OLD_MR_REGIME_EXHAUSTION_CONFIRM_V1,BNB,BNBUSDT,strategy-lab-v1.0.0:SIE_OLD_MR_REGIME_EXHAUSTION_CONFIRM_V1,1790362800000,2026-09-25T19:00:00+00:00,774.98,775.92,774.16,774.99,50.441176470588395,775.1215,771.4241264727452,770.0206,4.882857142857152,0.006300542126810865,53.388658367911574,1.25,False,RSI_NOT_BELOW_32|CLOSE_NOT_NEAR_OR_BELOW_LOWER_BB|RSI_RECOVERY_NOT_CONFIRMED
2026-09-25T23:16:21.165332+00:00,SIE_OLD_MR_REGIME_EXHAUSTION_CONFIRM_V1,BNB,BNBUSDT,strategy-lab-v1.0.0:SIE_OLD_MR_REGIME_EXHAUSTION_CONFIRM_V1,1790366400000,2026-09-25T20:00:00+00:00,775.11,776.18,772.78,772.98,49.56647398843943,774.9125,771.2271295979855,770.24195,4.896428571428577,0.006334482873332527,50.441176470588395,1.2500000000000058,False,RSI_NOT_BELOW_32|CLOSE_NOT_NEAR_OR_BELOW_LOWER_BB|RSI_RECOVERY_NOT_CONFIRMED
2026-09-25T23:16:21.165332+00:00,SIE_OLD_MR_REGIME_EXHAUSTION_CONFIRM_V1,BNB,BNBUSDT,strategy-lab-v1.0.0:SIE_OLD_MR_REGIME_EXHAUSTION_CONFIRM_V1,1790370000000,2026-09-25T21:00:00+00:00,773.06,773.34,771.29,772.75,48.48338950409244,774.644,771.1552672787893,770.47185,4.797857142857148,0.0062088089846097025,49.56647398843943,1.249999999999994,False,PLANNED_REWARD_TOO_LOW|RSI_NOT_BELOW_32|CLOSE_NOT_NEAR_OR_BELOW_LOWER_BB|RSI_RECOVERY_NOT_CONFIRMED
2026-09-25T23:16:21.165332+00:00,SIE_OLD_MR_REGIME_EXHAUSTION_CONFIRM_V1,BNB,BNBUSDT,strategy-lab-v1.0.0:SIE_OLD_MR_REGIME_EXHAUSTION_CONFIRM_V1,1790373600000,2026-09-25T22:00:00+00:00,773.01,776.93,773.01,776.3,53.0907496711968,774.764,771.2212022355142,770.72805,4.8757142857142854,0.006280708857032444,48.48338950409244,1.2500000000000058,False,RSI_NOT_BELOW_32|CLOSE_NOT_NEAR_OR_BELOW_LOWER_BB
2026-09-25T23:16:21.165332+00:00,SIE_OLD_MR_REGIME_EXHAUSTION_CONFIRM_V1,BNB,BNBUSDT,strategy-lab-v1.0.0:SIE_OLD_MR_REGIME_EXHAUSTION_CONFIRM_V1,1790377200000,2026-09-25T23:00:00+00:00,776.42,776.65,776.04,776.3,48.82831181252986,774.9385,771.4545581233257,770.9736,4.586428571428574,0.00590806205259381,53.0907496711968,1.2500000000000124,False,RSI_NOT_BELOW_32|CLOSE_NOT_NEAR_OR_BELOW_LOWER_BB|RSI_RECOVERY_NOT_CONFIRMED
2026-09-25T23:16:21.165332+00:00,SIE_OLD_MR_REGIME_EXHAUSTION_CONFIRM_V1,PAXG,PAXGUSDT,strategy-lab-v1.0.0:SIE_OLD_MR_REGIME_EXHAUSTION_CONFIRM_V1,1790362800000,2026-09-25T19:00:00+00:00,4286.79,4289.35,4281.95,4285.81,60.94282468761876,4279.826999999999,4257.180953015992,4332.12005,14.005000000000043,0.003267760353352118,62.69331645111684,1.2500000000000162,False,TREND_SUPPORT_NOT_CONFIRMED|RSI_NOT_BELOW_32|CLOSE_NOT_NEAR_OR_BELOW_LOWER_BB|CLOSE_NOT_ABOVE_MA200|RSI_RECOVERY_NOT_CONFIRMED
2026-09-25T23:16:21.165332+00:00,SIE_OLD_MR_REGIME_EXHAUSTION_CONFIRM_V1,PAXG,PAXGUSDT,strategy-lab-v1.0.0:SIE_OLD_MR_REGIME_EXHAUSTION_CONFIRM_V1,1790366400000,2026-09-25T20:00:00+00:00,4284.87,4286.65,4279.61,4280.74,53.23036543508968,4280.188,4257.726182976396,4331.7149,13.507142857142883,0.0031553289518033993,60.94282468761876,1.25,False,TREND_SUPPORT_NOT_CONFIRMED|RSI_NOT_BELOW_32|CLOSE_NOT_NEAR_OR_BELOW_LOWER_BB|CLOSE_NOT_ABOVE_MA200|RSI_RECOVERY_NOT_CONFIRMED
2026-09-25T23:16:21.165332+00:00,SIE_OLD_MR_REGIME_EXHAUSTION_CONFIRM_V1,PAXG,PAXGUSDT,strategy-lab-v1.0.0:SIE_OLD_MR_REGIME_EXHAUSTION_CONFIRM_V1,1790370000000,2026-09-25T21:00:00+00:00,4280.74,4287.59,4280.64,4283.01,53.92800318218005,4280.219,4257.743405324844,4331.31615,13.45571428571436,0.0031416490472154766,53.23036543508968,1.2500000000000169,False,TREND_SUPPORT_NOT_CONFIRMED|RSI_NOT_BELOW_32|CLOSE_NOT_NEAR_OR_BELOW_LOWER_BB|CLOSE_NOT_ABOVE_MA200
2026-09-25T23:16:21.165332+00:00,SIE_OLD_MR_REGIME_EXHAUSTION_CONFIRM_V1,PAXG,PAXGUSDT,strategy-lab-v1.0.0:SIE_OLD_MR_REGIME_EXHAUSTION_CONFIRM_V1,1790373600000,2026-09-25T22:00:00+00:00,4283.46,4283.47,4278.82,4281.29,46.2768336314849,4280.4835,4258.088368140556,4330.9619,12.470714285714426,0.002912840355527055,53.92800318218005,1.2500000000000182,False,TREND_SUPPORT_NOT_CONFIRMED|RSI_NOT_BELOW_32|CLOSE_NOT_NEAR_OR_BELOW_LOWER_BB|CLOSE_NOT_ABOVE_MA200|RSI_RECOVERY_NOT_CONFIRMED
2026-09-25T23:16:21.165332+00:00,SIE_OLD_MR_REGIME_EXHAUSTION_CONFIRM_V1,PAXG,PAXGUSDT,strategy-lab-v1.0.0:SIE_OLD_MR_REGIME_EXHAUSTION_CONFIRM_V1,1790377200000,2026-09-25T23:00:00+00:00,4281.3,4281.44,4279.05,4281.44,44.884147740307384,4281.3045,4260.06291863227,4330.5355,12.177857142857192,0.0028443367518538607,46.2768336314849,1.2500000000000373,False,TREND_SUPPORT_NOT_CONFIRMED|RSI_NOT_BELOW_32|CLOSE_NOT_NEAR_OR_BELOW_LOWER_BB|CLOSE_NOT_ABOVE_MA200|RSI_RECOVERY_NOT_CONFIRMED
2026-09-26T04:48:38.417105+00:00,SIE_OLD_MR_REGIME_EXHAUSTION_CONFIRM_V1,BTC,BTCUSDT,strategy-lab-v1.0.0:SIE_OLD_MR_REGIME_EXHAUSTION_CONFIRM_V1,1790380800000,2026-09-26T00:00:00+00:00,84093.13,84135.11,83777.77,83904.8,31.358536212338407,84089.4035,83511.0678354766,82898.87030000001,498.9871428571413,0.005947063134137037,38.76404494382045,1.2499999999999853,False,PLANNED_REWARD_TOO_LOW|CLOSE_NOT_NEAR_OR_BELOW_LOWER_BB|RSI_RECOVERY_NOT_CONFIRMED
2026-09-26T04:48:38.417105+00:00,SIE_OLD_MR_REGIME_EXHAUSTION_CONFIRM_V1,BTC,BTCUSDT,strategy-lab-v1.0.0:SIE_OLD_MR_REGIME_EXHAUSTION_CONFIRM_V1,1790384400000,2026-09-26T01:00:00+00:00,83904.81,84078.27,83883.07,84072.83,38.541918585815495,84083.9575,83507.15348981654,82936.19325,463.7021428571409,0.005515481551615914,31.358536212338407,1.2499999999999922,False,PLANNED_REWARD_TOO_LOW|RSI_NOT_BELOW_32|CLOSE_NOT_NEAR_OR_BELOW_LOWER_BB
2026-09-26T04:48:38.417105+00:00,SIE_OLD_MR_REGIME_EXHAUSTION_CONFIRM_V1,BTC,BTCUSDT,strategy-lab-v1.0.0:SIE_OLD_MR_REGIME_EXHAUSTION_CONFIRM_V1,1790388000000,2026-09-26T02:00:00+00:00,84072.84,84132.55,83975.88,83999.75,39.412901058290046,84082.816,83505.44056305736,82973.66,416.1742857142838,0.004954470527760902,38.541918585815495,1.25,False,RSI_NOT_BELOW_32|CLOSE_NOT_NEAR_OR_BELOW_LOWER_BB|RSI_RECOVERY_NOT_CONFIRMED
2026-09-26T04:48:38.417105+00:00,SIE_OLD_MR_REGIME_EXHAUSTION_CONFIRM_V1,BTC,BTCUSDT,strategy-lab-v1.0.0:SIE_OLD_MR_REGIME_EXHAUSTION_CONFIRM_V1,1790391600000,2026-09-26T03:00:00+00:00,83999.76,84047.04,83902.4,83931.18,50.855570540918,84078.2,83497.53470648857,83010.69305,349.9999999999979,0.00417008315622392,39.412901058290046,1.25,False,RSI_NOT_BELOW_32|CLOSE_NOT_NEAR_OR_BELOW_LOWER_BB|RSI_RECOVERY_NOT_CONFIRMED
2026-09-26T04:48:38.417105+00:00,SIE_OLD_MR_REGIME_EXHAUSTION_CONFIRM_V1,BTC,BTCUSDT,strategy-lab-v1.0.0:SIE_OLD_MR_REGIME_EXHAUSTION_CONFIRM_V1,1790395200000,2026-09-26T04:00:00+00:00,83931.19,84040.78,83830.11,83972.22,49.06552845224065,84056.46849999999,83494.39436049551,83048.06145,298.28142857142666,0.0035521441325646343,50.855570540918,1.2500000000000122,False,RSI_NOT_BELOW_32|CLOSE_NOT_NEAR_OR_BELOW_LOWER_BB|RSI_RECOVERY_NOT_CONFIRMED
2026-09-26T04:48:38.417105+00:00,SIE_OLD_MR_REGIME_EXHAUSTION_CONFIRM_V1,SOL,SOLUSDT,strategy-lab-v1.0.0:SIE_OLD_MR_REGIME_EXHAUSTION_CONFIRM_V1,1790380800000,2026-09-26T00:00:00+00:00,122.12,122.43,121.21,121.52,63.40909090909087,119.968,116.05965201139847,113.7834,1.7421428571428612,0.014336264459700964,70.82405345211582,1.250000000000002,False,RSI_NOT_BELOW_32|CLOSE_NOT_NEAR_OR_BELOW_LOWER_BB|RSI_RECOVERY_NOT_CONFIRMED
2026-09-26T04:48:38.417105+00:00,SIE_OLD_MR_REGIME_EXHAUSTION_CONFIRM_V1,SOL,SOLUSDT,strategy-lab-v1.0.0:SIE_OLD_MR_REGIME_EXHAUSTION_CONFIRM_V1,1790384400000,2026-09-26T01:00:00+00:00,121.5,122.25,121.48,122.03,57.963446475195795,120.24949999999998,116.607734082206,113.88635000000001,1.5800000000000034,0.01294763582725562,63.40909090909087,1.2499999999999978,False,PLANNED_REWARD_TOO_LOW|RSI_NOT_BELOW_32|CLOSE_NOT_NEAR_OR_BELOW_LOWER_BB|RSI_RECOVERY_NOT_CONFIRMED
2026-09-26T04:48:38.417105+00:00,SIE_OLD_MR_REGIME_EXHAUSTION_CONFIRM_V1,SOL,SOLUSDT,strategy-lab-v1.0.0:SIE_OLD_MR_REGIME_EXHAUSTION_CONFIRM_V1,1790388000000,2026-09-26T02:00:00+00:00,122.05,122.29,121.49,121.59,55.50000000000006,120.5165,117.33255731835416,113.99055,1.4542857142857184,0.011960570065677427,57.963446475195795,1.2500000000000024,False,RSI_NOT_BELOW_32|CLOSE_NOT_NEAR_OR_BELOW_LOWER_BB|RSI_RECOVERY_NOT_CONFIRMED
2026-09-26T04:48:38.417105+00:00,SIE_OLD_MR_REGIME_EXHAUSTION_CONFIRM_V1,SOL,SOLUSDT,strategy-lab-v1.0.0:SIE_OLD_MR_REGIME_EXHAUSTION_CONFIRM_V1,1790391600000,2026-09-26T03:00:00+00:00,121.59,121.6,120.5,120.63,57.43855109961182,120.72999999999999,118.1800117647318,114.0892,1.3442857142857179,0.011143875605452358,55.50000000000006,1.25,False,RSI_NOT_BELOW_32|CLOSE_NOT_NEAR_OR_BELOW_LOWER_BB|RSI_RECOVERY_NOT_CONFIRMED
2026-09-26T04:48:38.417105+00:00,SIE_OLD_MR_REGIME_EXHAUSTION_CONFIRM_V1,SOL,SOLUSDT,strategy-lab-v1.0.0:SIE_OLD_MR_REGIME_EXHAUSTION_CONFIRM_V1,1790395200000,2026-09-26T04:00:00+00:00,120.63,120.97,120.24,120.57,51.09489051094884,120.894,118.88570320918289,114.18594999999999,1.2392857142857179,0.0102785578028176,57.43855109961182,1.2499999999999971,False,PLANNED_REWARD_TOO_LOW|RSI_NOT_BELOW_32|CLOSE_NOT_NEAR_OR_BELOW_LOWER_BB|RSI_RECOVERY_NOT_CONFIRMED
2026-09-26T04:48:38.417105+00:00,SIE_OLD_MR_REGIME_EXHAUSTION_CONFIRM_V1,XRP,XRPUSDT,strategy-lab-v1.0.0:SIE_OLD_MR_REGIME_EXHAUSTION_CONFIRM_V1,1790380800000,2026-09-26T00:00:00+00:00,1.5685,1.569,1.5544,1.5636,52.35816814764186,1.563355,1.5243657976485923,1.4706139999999999,0.024664285714285677,0.015774037934436987,55.079474775397344,1.25,False,RSI_NOT_BELOW_32|CLOSE_NOT_NEAR_OR_BELOW_LOWER_BB|RSI_RECOVERY_NOT_CONFIRMED
2026-09-26T04:48:38.417105+00:00,SIE_OLD_MR_REGIME_EXHAUSTION_CONFIRM_V1,XRP,XRPUSDT,strategy-lab-v1.0.0:SIE_OLD_MR_REGIME_EXHAUSTION_CONFIRM_V1,1790384400000,2026-09-26T01:00:00+00:00,1.5635,1.5805,1.5627,1.576,42.444260941370786,1.565755,1.5299904658914867,1.4719955000000002,0.02283571428571426,0.014489666424945596,52.35816814764186,1.2500000000000049,False,RSI_NOT_BELOW_32|CLOSE_NOT_NEAR_OR_BELOW_LOWER_BB|RSI_RECOVERY_NOT_CONFIRMED
2026-09-26T04:48:38.417105+00:00,SIE_OLD_MR_REGIME_EXHAUSTION_CONFIRM_V1,XRP,XRPUSDT,strategy-lab-v1.0.0:SIE_OLD_MR_REGIME_EXHAUSTION_CONFIRM_V1,1790388000000,2026-09-26T02:00:00+00:00,1.576,1.5769,1.5639,1.5647,36.01895734597156,1.5674949999999999,1.5357129626203887,1.473348,0.02007142857142855,0.012827652950360164,42.444260941370786,1.2500000000000027,False,RSI_NOT_BELOW_32|CLOSE_NOT_NEAR_OR_BELOW_LOWER_BB|RSI_RECOVERY_NOT_CONFIRMED
2026-09-26T04:48:38.417105+00:00,SIE_OLD_MR_REGIME_EXHAUSTION_CONFIRM_V1,XRP,XRPUSDT,strategy-lab-v1.0.0:SIE_OLD_MR_REGIME_EXHAUSTION_CONFIRM_V1,1790391600000,2026-09-26T03:00:00+00:00,1.5647,1.5648,1.5564,1.5587,39.549002601908086,1.5687200000000001,1.5404736834259936,1.474669,0.018464285714285694,0.011845952212924676,36.01895734597156,1.250000000000003,False,RSI_NOT_BELOW_32|CLOSE_NOT_NEAR_OR_BELOW_LOWER_BB|RSI_RECOVERY_NOT_CONFIRMED
2026-09-26T04:48:38.417105+00:00,SIE_OLD_MR_REGIME_EXHAUSTION_CONFIRM_V1,XRP,XRPUSDT,strategy-lab-v1.0.0:SIE_OLD_MR_REGIME_EXHAUSTION_CONFIRM_V1,1790395200000,2026-09-26T04:00:00+00:00,1.5586,1.5624,1.5514,1.5563,35.3363228699552,1.569395,1.5430793411635015,1.4759619999999998,0.016685714285714286,0.010721399656694908,39.549002601908086,1.2499999999999967,False,PLANNED_REWARD_TOO_LOW|RSI_NOT_BELOW_32|CLOSE_NOT_NEAR_OR_BELOW_LOWER_BB|RSI_RECOVERY_NOT_CONFIRMED
2026-09-26T04:48:38.417105+00:00,SIE_OLD_MR_REGIME_EXHAUSTION_CONFIRM_V1,DOGE,DOGEUSDT,strategy-lab-v1.0.0:SIE_OLD_MR_REGIME_EXHAUSTION_CONFIRM_V1,1790380800000,2026-09-26T00:00:00+00:00,0.09893,0.09921,0.09802,0.09857,61.985815602836986,0.09737,0.09500095799952706,0.0924363,0.0014692857142857157,0.014906013130625095,66.52046783625744,1.2500000000000024,False,RSI_NOT_BELOW_32|CLOSE_NOT_NEAR_OR_BELOW_LOWER_BB|RSI_RECOVERY_NOT_CONFIRMED
2026-09-26T04:48:38.417105+00:00,SIE_OLD_MR_REGIME_EXHAUSTION_CONFIRM_V1,DOGE,DOGEUSDT,strategy-lab-v1.0.0:SIE_OLD_MR_REGIME_EXHAUSTION_CONFIRM_V1,1790384400000,2026-09-26T01:00:00+00:00,0.09856,0.09967,0.09849,0.09901,57.993730407523586,0.097566,0.09533958224944086,0.09252285,0.001409285714285716,0.014233771480514251,61.985815602836986,1.2500000000000024,False,RSI_NOT_BELOW_32|CLOSE_NOT_NEAR_OR_BELOW_LOWER_BB|RSI_RECOVERY_NOT_CONFIRMED
2026-09-26T04:48:38.417105+00:00,SIE_OLD_MR_REGIME_EXHAUSTION_CONFIRM_V1,DOGE,DOGEUSDT,strategy-lab-v1.0.0:SIE_OLD_MR_REGIME_EXHAUSTION_CONFIRM_V1,1790388000000,2026-09-26T02:00:00+00:00,0.09903,0.09939,0.09838,0.09846,48.15409309791336,0.0977405,0.09583075158724905,0.09260819999999999,0.0013142857142857173,0.013348422854821422,57.993730407523586,1.25,False,RSI_NOT_BELOW_32|CLOSE_NOT_NEAR_OR_BELOW_LOWER_BB|RSI_RECOVERY_NOT_CONFIRMED
2026-09-26T04:48:38.417105+00:00,SIE_OLD_MR_REGIME_EXHAUSTION_CONFIRM_V1,DOGE,DOGEUSDT,strategy-lab-v1.0.0:SIE_OLD_MR_REGIME_EXHAUSTION_CONFIRM_V1,1790391600000,2026-09-26T03:00:00+00:00,0.09844,0.09858,0.09779,0.09795,50.42016806722685,0.0978645,0.0962634444107075,0.09268979999999999,0.00121214285714286,0.012375118500692802,48.15409309791336,1.2500000000000058,False,RSI_NOT_BELOW_32|CLOSE_NOT_NEAR_OR_BELOW_LOWER_BB|RSI_RECOVERY_NOT_CONFIRMED
2026-09-26T04:48:38.417105+00:00,SIE_OLD_MR_REGIME_EXHAUSTION_CONFIRM_V1,DOGE,DOGEUSDT,strategy-lab-v1.0.0:SIE_OLD_MR_REGIME_EXHAUSTION_CONFIRM_V1,1790395200000,2026-09-26T04:00:00+00:00,0.09795,0.0984,0.0976,0.09786,50.42016806722695,0.097949,0.09654880144265009,0.09277035,0.0011392857142857166,0.011641995854135669,50.42016806722685,1.250000000000003,False,RSI_NOT_BELOW_32|CLOSE_NOT_NEAR_OR_BELOW_LOWER_BB|RSI_RECOVERY_NOT_CONFIRMED
2026-09-26T04:48:38.417105+00:00,SIE_OLD_MR_REGIME_EXHAUSTION_CONFIRM_V1,BNB,BNBUSDT,strategy-lab-v1.0.0:SIE_OLD_MR_REGIME_EXHAUSTION_CONFIRM_V1,1790380800000,2026-09-26T00:00:00+00:00,776.9,777.8,774.76,775.68,47.633790358248454,775.0815,771.610487035454,771.2152000000001,4.655714285714282,0.006002106907119279,50.16301816488135,1.2500000000000122,False,RSI_NOT_BELOW_32|CLOSE_NOT_NEAR_OR_BELOW_LOWER_BB|RSI_RECOVERY_NOT_CONFIRMED
2026-09-26T04:48:38.417105+00:00,SIE_OLD_MR_REGIME_EXHAUSTION_CONFIRM_V1,BNB,BNBUSDT,strategy-lab-v1.0.0:SIE_OLD_MR_REGIME_EXHAUSTION_CONFIRM_V1,1790384400000,2026-09-26T01:00:00+00:00,775.7,776.98,775.41,775.57,41.133004926108576,775.1195,771.6445699287544,771.4501999999999,3.912857142857141,0.005045137309149582,47.633790358248454,1.2500000000000144,False,RSI_NOT_BELOW_32|CLOSE_NOT_NEAR_OR_BELOW_LOWER_BB|RSI_RECOVERY_NOT_CONFIRMED
2026-09-26T04:48:38.417105+00:00,SIE_OLD_MR_REGIME_EXHAUSTION_CONFIRM_V1,BNB,BNBUSDT,strategy-lab-v1.0.0:SIE_OLD_MR_REGIME_EXHAUSTION_CONFIRM_V1,1790388000000,2026-09-26T02:00:00+00:00,775.64,776.66,774.72,775.02,43.44432882414157,775.2125,771.8547336293235,771.688,3.6021428571428538,0.004647806323892098,41.133004926108576,1.250000000000008,False,RSI_NOT_BELOW_32|CLOSE_NOT_NEAR_OR_BELOW_LOWER_BB|RSI_RECOVERY_NOT_CONFIRMED
2026-09-26T04:48:38.417105+00:00,SIE_OLD_MR_REGIME_EXHAUSTION_CONFIRM_V1,BNB,BNBUSDT,strategy-lab-v1.0.0:SIE_OLD_MR_REGIME_EXHAUSTION_CONFIRM_V1,1790391600000,2026-09-26T03:00:00+00:00,774.88,775.9,773.96,774.37,50.883607556367956,775.262,771.9855470398545,771.9001499999999,3.205714285714277,0.004139770762961216,43.44432882414157,1.25,False,RSI_NOT_BELOW_32|CLOSE_NOT_NEAR_OR_BELOW_LOWER_BB|RSI_RECOVERY_NOT_CONFIRMED
2026-09-26T04:48:38.417105+00:00,SIE_OLD_MR_REGIME_EXHAUSTION_CONFIRM_V1,BNB,BNBUSDT,strategy-lab-v1.0.0:SIE_OLD_MR_REGIME_EXHAUSTION_CONFIRM_V1,1790395200000,2026-09-26T04:00:00+00:00,774.56,775.3,773.05,774.05,43.98395721925116,775.22,771.9042497078269,772.0991499999999,2.8399999999999914,0.0036690136296104793,50.883607556367956,1.25000000000001,False,RSI_NOT_BELOW_32|CLOSE_NOT_NEAR_OR_BELOW_LOWER_BB|RSI_RECOVERY_NOT_CONFIRMED
2026-09-26T04:48:38.417105+00:00,SIE_OLD_MR_REGIME_EXHAUSTION_CONFIRM_V1,PAXG,PAXGUSDT,strategy-lab-v1.0.0:SIE_OLD_MR_REGIME_EXHAUSTION_CONFIRM_V1,1790380800000,2026-09-26T00:00:00+00:00,4281.2,4282.93,4276.2,4276.2,31.845581633961586,4282.213000000001,4263.7156465676335,4330.12075,11.5707142857144,0.002705840298796689,44.72234970169818,1.2499999999999805,False,TREND_SUPPORT_NOT_CONFIRMED|PLANNED_REWARD_TOO_LOW|CLOSE_NOT_NEAR_OR_BELOW_LOWER_BB|CLOSE_NOT_ABOVE_MA200|RSI_RECOVERY_NOT_CONFIRMED
2026-09-26T04:48:38.417105+00:00,SIE_OLD_MR_REGIME_EXHAUSTION_CONFIRM_V1,PAXG,PAXGUSDT,strategy-lab-v1.0.0:SIE_OLD_MR_REGIME_EXHAUSTION_CONFIRM_V1,1790384400000,2026-09-26T01:00:00+00:00,4278.47,4282.89,4276.77,4282.89,41.07375553818107,4283.223,4267.038629638385,4329.7582,10.969285714285888,0.0025611878227752493,31.845581633961586,1.2500000000000415,False,TREND_SUPPORT_NOT_CONFIRMED|RSI_NOT_BELOW_32|CLOSE_NOT_NEAR_OR_BELOW_LOWER_BB|CLOSE_NOT_ABOVE_MA200
2026-09-26T04:48:38.417105+00:00,SIE_OLD_MR_REGIME_EXHAUSTION_CONFIRM_V1,PAXG,PAXGUSDT,strategy-lab-v1.0.0:SIE_OLD_MR_REGIME_EXHAUSTION_CONFIRM_V1,1790388000000,2026-09-26T02:00:00+00:00,4282.64,4284.11,4281.23,4282.44,43.98548702204814,4283.628000000001,4267.955769016445,4329.42915,10.395714285714478,0.0024275212929345136,41.07375553818107,1.25,False,TREND_SUPPORT_NOT_CONFIRMED|RSI_NOT_BELOW_32|CLOSE_NOT_NEAR_OR_BELOW_LOWER_BB|CLOSE_NOT_ABOVE_MA200|RSI_RECOVERY_NOT_CONFIRMED
2026-09-26T04:48:38.417105+00:00,SIE_OLD_MR_REGIME_EXHAUSTION_CONFIRM_V1,PAXG,PAXGUSDT,strategy-lab-v1.0.0:SIE_OLD_MR_REGIME_EXHAUSTION_CONFIRM_V1,1790391600000,2026-09-26T03:00:00+00:00,4282.68,4284.62,4281.53,4283.03,62.422239502332225,4284.024,4268.84006717606,4329.139749999999,8.999285714285893,0.0021011493532116033,43.98548702204814,1.25,False,TREND_SUPPORT_NOT_CONFIRMED|RSI_NOT_BELOW_32|CLOSE_NOT_NEAR_OR_BELOW_LOWER_BB|CLOSE_NOT_ABOVE_MA200
2026-09-26T04:48:38.417105+00:00,SIE_OLD_MR_REGIME_EXHAUSTION_CONFIRM_V1,PAXG,PAXGUSDT,strategy-lab-v1.0.0:SIE_OLD_MR_REGIME_EXHAUSTION_CONFIRM_V1,1790395200000,2026-09-26T04:00:00+00:00,4282.84,4282.84,4279.3,4281.27,58.80054698183252,4283.69,4268.572467132434,4328.8544,7.88571428571439,0.0018419100607330043,62.422239502332225,1.2500000000000577,False,TREND_SUPPORT_NOT_CONFIRMED|RSI_NOT_BELOW_32|CLOSE_NOT_NEAR_OR_BELOW_LOWER_BB|CLOSE_NOT_ABOVE_MA200|RSI_RECOVERY_NOT_CONFIRMED
2026-09-26T11:16:39.974918+00:00,SIE_OLD_MR_REGIME_EXHAUSTION_CONFIRM_V1,BTC,BTCUSDT,strategy-lab-v1.0.0:SIE_OLD_MR_REGIME_EXHAUSTION_CONFIRM_V1,1790398800000,2026-09-26T05:00:00+00:00,83975.54,83999.99,83877.19,83918.35,54.6497141512437,84024.175,83511.12034737965,83085.92505,253.24071428571293,0.003017703687998071,49.1705172435267,1.2499999999999856,False,PLANNED_REWARD_TOO_LOW|RSI_NOT_BELOW_32|CLOSE_NOT_NEAR_OR_BELOW_LOWER_BB|RSI_RECOVERY_NOT_CONFIRMED
2026-09-26T11:16:39.974918+00:00,SIE_OLD_MR_REGIME_EXHAUSTION_CONFIRM_V1,BTC,BTCUSDT,strategy-lab-v1.0.0:SIE_OLD_MR_REGIME_EXHAUSTION_CONFIRM_V1,1790402400000,2026-09-26T06:00:00+00:00,83918.35,83967.72,83867.52,83882.66,55.29186857510984,83982.84550000001,83574.7617901874,83123.53899999999,231.0099999999989,0.0027539660759446456,54.6497141512437,1.2500000000000158,False,RSI_NOT_BELOW_32|CLOSE_NOT_NEAR_OR_BELOW_LOWER_BB|RSI_RECOVERY_NOT_CONFIRMED
2026-09-26T11:16:39.974918+00:00,SIE_OLD_MR_REGIME_EXHAUSTION_CONFIRM_V1,BTC,BTCUSDT,strategy-lab-v1.0.0:SIE_OLD_MR_REGIME_EXHAUSTION_CONFIRM_V1,1790406000000,2026-09-26T07:00:00+00:00,83882.65,84124.87,83882.65,84103.92,60.56492010450937,83959.2895,83647.67160029839,83162.3149,221.03214285714265,0.002628083719012653,55.29186857510984,1.25,False,RSI_NOT_BELOW_32|CLOSE_NOT_NEAR_OR_BELOW_LOWER_BB
2026-09-26T11:16:39.974918+00:00,SIE_OLD_MR_REGIME_EXHAUSTION_CONFIRM_V1,BTC,BTCUSDT,strategy-lab-v1.0.0:SIE_OLD_MR_REGIME_EXHAUSTION_CONFIRM_V1,1790409600000,2026-09-26T08:00:00+00:00,84103.92,84325.0,84009.78,84194.92,58.047219466037284,83946.359,83704.1059582617,83200.65895,222.28857142857098,0.0026401660744920356,60.56492010450937,1.25,False,RSI_NOT_BELOW_32|CLOSE_NOT_NEAR_OR_BELOW_LOWER_BB|RSI_RECOVERY_NOT_CONFIRMED
2026-09-26T11:16:39.974918+00:00,SIE_OLD_MR_REGIME_EXHAUSTION_CONFIRM_V1,BTC,BTCUSDT,strategy-lab-v1.0.0:SIE_OLD_MR_REGIME_EXHAUSTION_CONFIRM_V1,1790413200000,2026-09-26T09:00:00+00:00,84194.91,84211.68,83942.09,84012.95,50.284807058367086,83951.8685,83708.8215589239,83237.40945,230.5128571428556,0.0027437776812129036,58.047219466037284,1.2499999999999842,False,PLANNED_REWARD_TOO_LOW|RSI_NOT_BELOW_32|CLOSE_NOT_NEAR_OR_BELOW_LOWER_BB|RSI_RECOVERY_NOT_CONFIRMED
2026-09-26T11:16:39.974918+00:00,SIE_OLD_MR_REGIME_EXHAUSTION_CONFIRM_V1,BTC,BTCUSDT,strategy-lab-v1.0.0:SIE_OLD_MR_REGIME_EXHAUSTION_CONFIRM_V1,1790416800000,2026-09-26T10:00:00+00:00,84012.96,84175.49,84012.95,84171.55,59.083518638069755,83960.3375,83699.70200005716,83273.7205,216.63999999999942,0.00257379126319997,50.284807058367086,1.2500000000000169,False,RSI_NOT_BELOW_32|CLOSE_NOT_NEAR_OR_BELOW_LOWER_BB
2026-09-26T11:16:39.974918+00:00,SIE_OLD_MR_REGIME_EXHAUSTION_CONFIRM_V1,BTC,BTCUSDT,strategy-lab-v1.0.0:SIE_OLD_MR_REGIME_EXHAUSTION_CONFIRM_V1,1790420400000,2026-09-26T11:00:00+00:00,84171.55,84183.55,84109.72,84142.65,60.93308838941123,83978.27050000001,83719.2871506232,83307.8731,200.42999999999924,0.0023820262375858054,59.083518638069755,1.25,False,RSI_NOT_BELOW_32|CLOSE_NOT_NEAR_OR_BELOW_LOWER_BB|RSI_RECOVERY_NOT_CONFIRMED
2026-09-26T11:16:39.974918+00:00,SIE_OLD_MR_REGIME_EXHAUSTION_CONFIRM_V1,SOL,SOLUSDT,strategy-lab-v1.0.0:SIE_OLD_MR_REGIME_EXHAUSTION_CONFIRM_V1,1790398800000,2026-09-26T05:00:00+00:00,120.66,120.74,120.15,120.51,53.00300300300304,121.005,119.34989275271687,114.28365000000002,1.1035714285714309,0.009157509157509177,51.75953079178881,1.2500000000000064,False,RSI_NOT_BELOW_32|CLOSE_NOT_NEAR_OR_BELOW_LOWER_BB|RSI_RECOVERY_NOT_CONFIRMED
2026-09-26T11:16:39.974918+00:00,SIE_OLD_MR_REGIME_EXHAUSTION_CONFIRM_V1,SOL,SOLUSDT,strategy-lab-v1.0.0:SIE_OLD_MR_REGIME_EXHAUSTION_CONFIRM_V1,1790402400000,2026-09-26T06:00:00+00:00,120.49,120.53,120.14,120.21,44.85530546623797,121.05749999999998,119.58306621036778,114.37785,1.0014285714285742,0.008330659441215992,53.00300300300304,1.2499999999999964,False,PLANNED_REWARD_TOO_LOW|RSI_NOT_BELOW_32|CLOSE_NOT_NEAR_OR_BELOW_LOWER_BB|RSI_RECOVERY_NOT_CONFIRMED
2026-09-26T11:16:39.974918+00:00,SIE_OLD_MR_REGIME_EXHAUSTION_CONFIRM_V1,SOL,SOLUSDT,strategy-lab-v1.0.0:SIE_OLD_MR_REGIME_EXHAUSTION_CONFIRM_V1,1790406000000,2026-09-26T07:00:00+00:00,120.21,120.83,120.14,120.74,48.18731117824767,121.054,119.57690284679404,114.47385,0.9528571428571452,0.007891810028632974,44.85530546623797,1.2499999999999925,False,PLANNED_REWARD_TOO_LOW|RSI_NOT_BELOW_32|CLOSE_NOT_NEAR_OR_BELOW_LOWER_BB
2026-09-26T11:16:39.974918+00:00,SIE_OLD_MR_REGIME_EXHAUSTION_CONFIRM_V1,SOL,SOLUSDT,strategy-lab-v1.0.0:SIE_OLD_MR_REGIME_EXHAUSTION_CONFIRM_V1,1790409600000,2026-09-26T08:00:00+00:00,120.73,121.28,120.3,120.68,39.198606271777095,121.05249999999998,119.5739483438144,114.5706,0.8907142857142877,0.007380794545196284,48.18731117824767,1.250000000000004,False,RSI_NOT_BELOW_32|CLOSE_NOT_NEAR_OR_BELOW_LOWER_BB|RSI_RECOVERY_NOT_CONFIRMED
2026-09-26T11:16:39.974918+00:00,SIE_OLD_MR_REGIME_EXHAUSTION_CONFIRM_V1,SOL,SOLUSDT,strategy-lab-v1.0.0:SIE_OLD_MR_REGIME_EXHAUSTION_CONFIRM_V1,1790413200000,2026-09-26T09:00:00+00:00,120.7,120.7,119.82,119.96,35.04672897196268,121.07649999999998,119.6879860461597,114.6584,0.9007142857142877,0.007508455199352182,39.198606271777095,1.25,False,RSI_NOT_BELOW_32|CLOSE_NOT_NEAR_OR_BELOW_LOWER_BB|RSI_RECOVERY_NOT_CONFIRMED
2026-09-26T11:16:39.974918+00:00,SIE_OLD_MR_REGIME_EXHAUSTION_CONFIRM_V1,SOL,SOLUSDT,strategy-lab-v1.0.0:SIE_OLD_MR_REGIME_EXHAUSTION_CONFIRM_V1,1790416800000,2026-09-26T10:00:00+00:00,119.99,120.71,119.95,120.62,43.04733727810657,121.0865,119.71425694572383,114.74815000000001,0.8500000000000014,0.007046924224838347,35.04672897196268,1.2500000000000084,False,RSI_NOT_BELOW_32|CLOSE_NOT_NEAR_OR_BELOW_LOWER_BB
2026-09-26T11:16:39.974918+00:00,SIE_OLD_MR_REGIME_EXHAUSTION_CONFIRM_V1,SOL,SOLUSDT,strategy-lab-v1.0.0:SIE_OLD_MR_REGIME_EXHAUSTION_CONFIRM_V1,1790420400000,2026-09-26T11:00:00+00:00,120.62,120.62,120.26,120.48,45.97156398104275,121.10499999999999,119.77664010900313,114.82790000000001,0.8100000000000013,0.006723107569721126,43.04733727810657,1.25,False,RSI_NOT_BELOW_32|CLOSE_NOT_NEAR_OR_BELOW_LOWER_BB|RSI_RECOVERY_NOT_CONFIRMED
2026-09-26T11:16:39.974918+00:00,SIE_OLD_MR_REGIME_EXHAUSTION_CONFIRM_V1,XRP,XRPUSDT,strategy-lab-v1.0.0:SIE_OLD_MR_REGIME_EXHAUSTION_CONFIRM_V1,1790398800000,2026-09-26T05:00:00+00:00,1.5567,1.5583,1.5459,1.55,37.3814041745731,1.569235,1.5424827085093824,1.4772595000000002,0.014985714285714285,0.009668202764976958,35.4635463546355,1.25,False,RSI_NOT_BELOW_32|CLOSE_NOT_NEAR_OR_BELOW_LOWER_BB|RSI_RECOVERY_NOT_CONFIRMED
2026-09-26T11:16:39.974918+00:00,SIE_OLD_MR_REGIME_EXHAUSTION_CONFIRM_V1,XRP,XRPUSDT,strategy-lab-v1.0.0:SIE_OLD_MR_REGIME_EXHAUSTION_CONFIRM_V1,1790402400000,2026-09-26T06:00:00+00:00,1.5501,1.5517,1.5458,1.5486,42.64069264069263,1.56883,1.5411033990543561,1.478527,0.013542857142857143,0.008745226102839431,37.3814041745731,1.250000000000004,False,RSI_NOT_BELOW_32|CLOSE_NOT_NEAR_OR_BELOW_LOWER_BB|RSI_RECOVERY_NOT_CONFIRMED
2026-09-26T11:16:39.974918+00:00,SIE_OLD_MR_REGIME_EXHAUSTION_CONFIRM_V1,XRP,XRPUSDT,strategy-lab-v1.0.0:SIE_OLD_MR_REGIME_EXHAUSTION_CONFIRM_V1,1790406000000,2026-09-26T07:00:00+00:00,1.5484,1.5548,1.5478,1.5525,43.85593220338982,1.5667399999999998,1.5407615165954784,1.4798145,0.01249285714285713,0.008046928916494125,42.64069264069263,1.25,False,RSI_NOT_BELOW_32|CLOSE_NOT_NEAR_OR_BELOW_LOWER_BB
2026-09-26T11:16:39.974918+00:00,SIE_OLD_MR_REGIME_EXHAUSTION_CONFIRM_V1,XRP,XRPUSDT,strategy-lab-v1.0.0:SIE_OLD_MR_REGIME_EXHAUSTION_CONFIRM_V1,1790409600000,2026-09-26T08:00:00+00:00,1.5528,1.5565,1.544,1.5492,39.91462113126998,1.5641950000000002,1.5421059552040157,1.4810629999999998,0.01223571428571427,0.00789808564789199,43.85593220338982,1.2500000000000044,False,RSI_NOT_BELOW_32|CLOSE_NOT_NEAR_OR_BELOW_LOWER_BB|RSI_RECOVERY_NOT_CONFIRMED
2026-09-26T11:16:39.974918+00:00,SIE_OLD_MR_REGIME_EXHAUSTION_CONFIRM_V1,XRP,XRPUSDT,strategy-lab-v1.0.0:SIE_OLD_MR_REGIME_EXHAUSTION_CONFIRM_V1,1790413200000,2026-09-26T09:00:00+00:00,1.549,1.5508,1.5362,1.5412,34.253578732106305,1.562115,1.5395951176735083,1.4822485,0.012392857142857126,0.008041044084386923,39.91462113126998,1.2500000000000044,False,RSI_NOT_BELOW_32|CLOSE_NOT_NEAR_OR_BELOW_LOWER_BB|RSI_RECOVERY_NOT_CONFIRMED
2026-09-26T11:16:39.974918+00:00,SIE_OLD_MR_REGIME_EXHAUSTION_CONFIRM_V1,XRP,XRPUSDT,strategy-lab-v1.0.0:SIE_OLD_MR_REGIME_EXHAUSTION_CONFIRM_V1,1790416800000,2026-09-26T10:00:00+00:00,1.5412,1.5522,1.5403,1.5516,45.257731958762975,1.5602449999999999,1.5409911718092468,1.4834805,0.012199999999999989,0.007862851250322241,34.253578732106305,1.25,False,RSI_NOT_BELOW_32|CLOSE_NOT_NEAR_OR_BELOW_LOWER_BB
2026-09-26T11:16:39.974918+00:00,SIE_OLD_MR_REGIME_EXHAUSTION_CONFIRM_V1,XRP,XRPUSDT,strategy-lab-v1.0.0:SIE_OLD_MR_REGIME_EXHAUSTION_CONFIRM_V1,1790420400000,2026-09-26T11:00:00+00:00,1.5517,1.5525,1.5473,1.549,48.66962305986699,1.5588650000000002,1.5405651338802973,1.4845975000000002,0.011735714285714278,0.0075763165175689335,45.257731958762975,1.2499999999999953,False,PLANNED_REWARD_TOO_LOW|RSI_NOT_BELOW_32|CLOSE_NOT_NEAR_OR_BELOW_LOWER_BB|RSI_RECOVERY_NOT_CONFIRMED
2026-09-26T11:16:39.974918+00:00,SIE_OLD_MR_REGIME_EXHAUSTION_CONFIRM_V1,DOGE,DOGEUSDT,strategy-lab-v1.0.0:SIE_OLD_MR_REGIME_EXHAUSTION_CONFIRM_V1,1790398800000,2026-09-26T05:00:00+00:00,0.09805,0.09807,0.09727,0.0974,49.755301794453494,0.09799100000000001,0.09668688497440042,0.09285155000000002,0.0010514285714285742,0.010794954532120886,51.607445008460324,1.2500000000000033,False,RSI_NOT_BELOW_32|CLOSE_NOT_NEAR_OR_BELOW_LOWER_BB|RSI_RECOVERY_NOT_CONFIRMED
2026-09-26T11:16:39.974918+00:00,SIE_OLD_MR_REGIME_EXHAUSTION_CONFIRM_V1,DOGE,DOGEUSDT,strategy-lab-v1.0.0:SIE_OLD_MR_REGIME_EXHAUSTION_CONFIRM_V1,1790402400000,2026-09-26T06:00:00+00:00,0.09738,0.09764,0.09723,0.09743,52.55972696245741,0.0980185,0.09678814598590707,0.0929316,0.0009900000000000028,0.010161141332238558,49.755301794453494,1.2499999999999964,False,PLANNED_REWARD_TOO_LOW|RSI_NOT_BELOW_32|CLOSE_NOT_NEAR_OR_BELOW_LOWER_BB
2026-09-26T11:16:39.974918+00:00,SIE_OLD_MR_REGIME_EXHAUSTION_CONFIRM_V1,DOGE,DOGEUSDT,strategy-lab-v1.0.0:SIE_OLD_MR_REGIME_EXHAUSTION_CONFIRM_V1,1790406000000,2026-09-26T07:00:00+00:00,0.09742,0.09799,0.09739,0.09794,56.624605678233394,0.09801599999999999,0.09678522138465336,0.09301300000000001,0.0009578571428571442,0.00978004025788385,52.55972696245741,1.2500000000000073,False,RSI_NOT_BELOW_32|CLOSE_NOT_NEAR_OR_BELOW_LOWER_BB
2026-09-26T11:16:39.974918+00:00,SIE_OLD_MR_REGIME_EXHAUSTION_CONFIRM_V1,DOGE,DOGEUSDT,strategy-lab-v1.0.0:SIE_OLD_MR_REGIME_EXHAUSTION_CONFIRM_V1,1790409600000,2026-09-26T08:00:00+00:00,0.09793,0.09816,0.09735,0.09778,51.90082644628106,0.0979705,0.09677600470909484,0.09309315000000001,0.0009250000000000012,0.009460012272448366,56.624605678233394,1.2500000000000038,False,RSI_NOT_BELOW_32|CLOSE_NOT_NEAR_OR_BELOW_LOWER_BB|RSI_RECOVERY_NOT_CONFIRMED
2026-09-26T11:16:39.974918+00:00,SIE_OLD_MR_REGIME_EXHAUSTION_CONFIRM_V1,DOGE,DOGEUSDT,strategy-lab-v1.0.0:SIE_OLD_MR_REGIME_EXHAUSTION_CONFIRM_V1,1790413200000,2026-09-26T09:00:00+00:00,0.09778,0.09781,0.09682,0.09716,42.2258592471358,0.09793349999999999,0.09668781504785734,0.09316715,0.0009342857142857149,0.00961595012644828,51.90082644628106,1.25,False,RSI_NOT_BELOW_32|CLOSE_NOT_NEAR_OR_BELOW_LOWER_BB|RSI_RECOVERY_NOT_CONFIRMED
2026-09-26T11:16:39.974918+00:00,SIE_OLD_MR_REGIME_EXHAUSTION_CONFIRM_V1,DOGE,DOGEUSDT,strategy-lab-v1.0.0:SIE_OLD_MR_REGIME_EXHAUSTION_CONFIRM_V1,1790416800000,2026-09-26T10:00:00+00:00,0.0972,0.09813,0.0972,0.09812,52.13549337260676,0.097949,0.09670213352760024,0.0932438,0.0009392857142857149,0.009572826276862158,42.2258592471358,1.2499999999999962,False,PLANNED_REWARD_TOO_LOW|RSI_NOT_BELOW_32|CLOSE_NOT_NEAR_OR_BELOW_LOWER_BB
2026-09-26T11:16:39.974918+00:00,SIE_OLD_MR_REGIME_EXHAUSTION_CONFIRM_V1,DOGE,DOGEUSDT,strategy-lab-v1.0.0:SIE_OLD_MR_REGIME_EXHAUSTION_CONFIRM_V1,1790420400000,2026-09-26T11:00:00+00:00,0.09811,0.09814,0.09772,0.0978,50.35561877667137,0.09796750000000001,0.0967411741868514,0.09331055,0.0009150000000000001,0.009355828220858897,52.13549337260676,1.25,False,RSI_NOT_BELOW_32|CLOSE_NOT_NEAR_OR_BELOW_LOWER_BB|RSI_RECOVERY_NOT_CONFIRMED
2026-09-26T11:16:39.974918+00:00,SIE_OLD_MR_REGIME_EXHAUSTION_CONFIRM_V1,BNB,BNBUSDT,strategy-lab-v1.0.0:SIE_OLD_MR_REGIME_EXHAUSTION_CONFIRM_V1,1790398800000,2026-09-26T05:00:00+00:00,774.22,774.22,772.25,772.56,43.633952254641734,775.0175,771.6006952060277,772.2954000000001,2.570714285714278,0.0033275270344235767,44.51962110960759,1.2499999999999778,False,PLANNED_REWARD_TOO_LOW|RSI_NOT_BELOW_32|CLOSE_NOT_NEAR_OR_BELOW_LOWER_BB|RSI_RECOVERY_NOT_CONFIRMED
2026-09-26T11:16:39.974918+00:00,SIE_OLD_MR_REGIME_EXHAUSTION_CONFIRM_V1,BNB,BNBUSDT,strategy-lab-v1.0.0:SIE_OLD_MR_REGIME_EXHAUSTION_CONFIRM_V1,1790402400000,2026-09-26T06:00:00+00:00,772.39,772.81,771.96,772.1,48.453608247422835,774.7850000000001,771.2409373594542,772.4815,2.3228571428571336,0.0030084926082853693,43.633952254641734,1.25,False,RSI_NOT_BELOW_32|CLOSE_NOT_NEAR_OR_BELOW_LOWER_BB|CLOSE_NOT_ABOVE_MA200|RSI_RECOVERY_NOT_CONFIRMED
2026-09-26T11:16:39.974918+00:00,SIE_OLD_MR_REGIME_EXHAUSTION_CONFIRM_V1,BNB,BNBUSDT,strategy-lab-v1.0.0:SIE_OLD_MR_REGIME_EXHAUSTION_CONFIRM_V1,1790406000000,2026-09-26T07:00:00+00:00,772.41,773.69,772.41,773.69,49.60403167746617,774.511,771.5691917125491,772.6622499999999,2.204999999999992,0.0028499786736289625,48.453608247422835,1.2499999999999871,False,PLANNED_REWARD_TOO_LOW|RSI_NOT_BELOW_32|CLOSE_NOT_NEAR_OR_BELOW_LOWER_BB
2026-09-26T11:16:39.974918+00:00,SIE_OLD_MR_REGIME_EXHAUSTION_CONFIRM_V1,BNB,BNBUSDT,strategy-lab-v1.0.0:SIE_OLD_MR_REGIME_EXHAUSTION_CONFIRM_V1,1790409600000,2026-09-26T08:00:00+00:00,773.32,774.51,772.57,773.45,44.648318042813564,774.3065,771.684071545282,772.8412,2.1478571428571303,0.002776982536501558,49.60403167746617,1.2499999999999867,False,PLANNED_REWARD_TOO_LOW|RSI_NOT_BELOW_32|CLOSE_NOT_NEAR_OR_BELOW_LOWER_BB|RSI_RECOVERY_NOT_CONFIRMED
2026-09-26T11:16:39.974918+00:00,SIE_OLD_MR_REGIME_EXHAUSTION_CONFIRM_V1,BNB,BNBUSDT,strategy-lab-v1.0.0:SIE_OLD_MR_REGIME_EXHAUSTION_CONFIRM_V1,1790413200000,2026-09-26T09:00:00+00:00,773.15,773.64,770.29,771.23,37.598944591029124,774.164,771.2180509169174,772.9828000000001,2.261428571428561,0.0029322362608152704,44.648318042813564,1.2499999999999873,False,PLANNED_REWARD_TOO_LOW|RSI_NOT_BELOW_32|CLOSE_NOT_ABOVE_MA200|RSI_RECOVERY_NOT_CONFIRMED
2026-09-26T11:16:39.974918+00:00,SIE_OLD_MR_REGIME_EXHAUSTION_CONFIRM_V1,BNB,BNBUSDT,strategy-lab-v1.0.0:SIE_OLD_MR_REGIME_EXHAUSTION_CONFIRM_V1,1790416800000,2026-09-26T10:00:00+00:00,771.48,774.03,771.48,773.88,52.848101265822706,774.0655,771.2216612211457,773.1131,2.2185714285714164,0.002866815822312783,37.598944591029124,1.2500000000000129,False,RSI_NOT_BELOW_32|CLOSE_NOT_NEAR_OR_BELOW_LOWER_BB
2026-09-26T11:16:39.974918+00:00,SIE_OLD_MR_REGIME_EXHAUSTION_CONFIRM_V1,BNB,BNBUSDT,strategy-lab-v1.0.0:SIE_OLD_MR_REGIME_EXHAUSTION_CONFIRM_V1,1790420400000,2026-09-26T11:00:00+00:00,774.1,775.07,773.73,774.52,55.45959284392343,774.0675,771.2224420040857,773.2330999999999,2.167857142857128,0.002798968577773496,52.848101265822706,1.249999999999987,False,PLANNED_REWARD_TOO_LOW|RSI_NOT_BELOW_32|CLOSE_NOT_NEAR_OR_BELOW_LOWER_BB
2026-09-26T11:16:39.974918+00:00,SIE_OLD_MR_REGIME_EXHAUSTION_CONFIRM_V1,PAXG,PAXGUSDT,strategy-lab-v1.0.0:SIE_OLD_MR_REGIME_EXHAUSTION_CONFIRM_V1,1790398800000,2026-09-26T05:00:00+00:00,4282.05,4286.71,4280.96,4281.55,44.57516339869354,4283.244,4268.415946317809,4328.567099999999,6.827142857142982,0.0015945493704716707,58.6744639376213,1.2499999999999667,False,TREND_SUPPORT_NOT_CONFIRMED|PLANNED_REWARD_TOO_LOW|RSI_NOT_BELOW_32|CLOSE_NOT_NEAR_OR_BELOW_LOWER_BB|CLOSE_NOT_ABOVE_MA200|RSI_RECOVERY_NOT_CONFIRMED
2026-09-26T11:16:39.974918+00:00,SIE_OLD_MR_REGIME_EXHAUSTION_CONFIRM_V1,PAXG,PAXGUSDT,strategy-lab-v1.0.0:SIE_OLD_MR_REGIME_EXHAUSTION_CONFIRM_V1,1790402400000,2026-09-26T06:00:00+00:00,4282.07,4282.07,4280.75,4281.42,51.07849011384094,4282.0895,4270.920053326065,4328.27245,5.792857142857234,0.0013530223951065848,44.57516339869354,1.2499999999999607,False,TREND_SUPPORT_NOT_CONFIRMED|PLANNED_REWARD_TOO_LOW|RSI_NOT_BELOW_32|CLOSE_NOT_NEAR_OR_BELOW_LOWER_BB|CLOSE_NOT_ABOVE_MA200|RSI_RECOVERY_NOT_CONFIRMED
2026-09-26T11:16:39.974918+00:00,SIE_OLD_MR_REGIME_EXHAUSTION_CONFIRM_V1,PAXG,PAXGUSDT,strategy-lab-v1.0.0:SIE_OLD_MR_REGIME_EXHAUSTION_CONFIRM_V1,1790406000000,2026-09-26T07:00:00+00:00,4281.42,4281.42,4280.35,4280.5,52.770040235221046,4281.285,4272.306132588022,4327.9646,5.1507142857143275,0.0012032973451032187,51.07849011384094,1.2500000000000442,False,TREND_SUPPORT_NOT_CONFIRMED|RSI_NOT_BELOW_32|CLOSE_NOT_NEAR_OR_BELOW_LOWER_BB|CLOSE_NOT_ABOVE_MA200|RSI_RECOVERY_NOT_CONFIRMED
2026-09-26T11:16:39.974918+00:00,SIE_OLD_MR_REGIME_EXHAUSTION_CONFIRM_V1,PAXG,PAXGUSDT,strategy-lab-v1.0.0:SIE_OLD_MR_REGIME_EXHAUSTION_CONFIRM_V1,1790409600000,2026-09-26T08:00:00+00:00,4281.1,4281.1,4277.75,4277.75,35.56350626118251,4280.6195,4272.730417733863,4327.58395,4.554285714285795,0.0010646451322040313,52.770040235221046,1.25000000000005,False,TREND_SUPPORT_NOT_CONFIRMED|RSI_NOT_BELOW_32|CLOSE_NOT_NEAR_OR_BELOW_LOWER_BB|CLOSE_NOT_ABOVE_MA200|RSI_RECOVERY_NOT_CONFIRMED
2026-09-26T11:16:39.974918+00:00,SIE_OLD_MR_REGIME_EXHAUSTION_CONFIRM_V1,PAXG,PAXGUSDT,strategy-lab-v1.0.0:SIE_OLD_MR_REGIME_EXHAUSTION_CONFIRM_V1,1790413200000,2026-09-26T09:00:00+00:00,4277.75,4279.2,4277.54,4278.7,37.69470404984453,4281.042,4274.658021303147,4327.2589499999995,4.144285714285745,0.0009685852511944621,35.56350626118251,1.2500000000000548,False,TREND_SUPPORT_NOT_CONFIRMED|RSI_NOT_BELOW_32|CLOSE_NOT_NEAR_OR_BELOW_LOWER_BB|CLOSE_NOT_ABOVE_MA200
2026-09-26T11:16:39.974918+00:00,SIE_OLD_MR_REGIME_EXHAUSTION_CONFIRM_V1,PAXG,PAXGUSDT,strategy-lab-v1.0.0:SIE_OLD_MR_REGIME_EXHAUSTION_CONFIRM_V1,1790416800000,2026-09-26T10:00:00+00:00,4278.54,4280.43,4278.02,4279.65,47.79975777149769,4281.4115,4276.394340345187,4326.9463,3.813571428571452,0.0008910942316711536,37.69470404984453,1.2499999999999403,False,TREND_SUPPORT_NOT_CONFIRMED|PLANNED_REWARD_TOO_LOW|RSI_NOT_BELOW_32|CLOSE_NOT_NEAR_OR_BELOW_LOWER_BB|CLOSE_NOT_ABOVE_MA200
2026-09-26T11:16:39.974918+00:00,SIE_OLD_MR_REGIME_EXHAUSTION_CONFIRM_V1,PAXG,PAXGUSDT,strategy-lab-v1.0.0:SIE_OLD_MR_REGIME_EXHAUSTION_CONFIRM_V1,1790420400000,2026-09-26T11:00:00+00:00,4280.28,4280.28,4278.52,4279.54,42.32640424590883,4281.103499999999,4276.432880019538,4326.58065,3.4428571428571297,0.0008044923386291821,47.79975777149769,1.250000000000066,False,TREND_SUPPORT_NOT_CONFIRMED|RSI_NOT_BELOW_32|CLOSE_NOT_NEAR_OR_BELOW_LOWER_BB|CLOSE_NOT_ABOVE_MA200|RSI_RECOVERY_NOT_CONFIRMED
2026-09-26T16:17:42.314106+00:00,SIE_OLD_MR_REGIME_EXHAUSTION_CONFIRM_V1,BTC,BTCUSDT,strategy-lab-v1.0.0:SIE_OLD_MR_REGIME_EXHAUSTION_CONFIRM_V1,1790424000000,2026-09-26T12:00:00+00:00,84156.82,84190.47,84025.31,84036.79,49.247544999759576,83994.15800000001,83758.73879581434,83340.59445,187.24428571428456,0.002228122774730979,61.40551420796949,1.25,False,RSI_NOT_BELOW_32|CLOSE_NOT_NEAR_OR_BELOW_LOWER_BB|RSI_RECOVERY_NOT_CONFIRMED
2026-09-26T16:17:42.314106+00:00,SIE_OLD_MR_REGIME_EXHAUSTION_CONFIRM_V1,BTC,BTCUSDT,strategy-lab-v1.0.0:SIE_OLD_MR_REGIME_EXHAUSTION_CONFIRM_V1,1790427600000,2026-09-26T13:00:00+00:00,84035.33,84116.66,83810.69,83935.32,44.823491592807244,84002.83249999999,83790.65725160751,83373.13720000001,202.3835714285711,0.0024111848436221017,49.247544999759576,1.250000000000036,False,RSI_NOT_BELOW_32|CLOSE_NOT_NEAR_OR_BELOW_LOWER_BB|RSI_RECOVERY_NOT_CONFIRMED
2026-09-26T16:17:42.314106+00:00,SIE_OLD_MR_REGIME_EXHAUSTION_CONFIRM_V1,BTC,BTCUSDT,strategy-lab-v1.0.0:SIE_OLD_MR_REGIME_EXHAUSTION_CONFIRM_V1,1790431200000,2026-09-26T14:00:00+00:00,83933.38,84042.15,83894.1,84014.56,53.87789711701508,84006.061,83795.23954930912,83405.57310000001,187.4342857142848,0.002230973842085048,44.823491592807244,1.25,False,RSI_NOT_BELOW_32|CLOSE_NOT_NEAR_OR_BELOW_LOWER_BB
2026-09-26T16:17:42.314106+00:00,SIE_OLD_MR_REGIME_EXHAUSTION_CONFIRM_V1,BTC,BTCUSDT,strategy-lab-v1.0.0:SIE_OLD_MR_REGIME_EXHAUSTION_CONFIRM_V1,1790434800000,2026-09-26T15:00:00+00:00,84014.56,84189.89,83995.88,84146.86,52.683276910697536,84013.2265,83793.67259507823,83437.63350000001,187.34928571428463,0.0022264560521246383,53.87789711701508,1.2499999999999807,False,PLANNED_REWARD_TOO_LOW|RSI_NOT_BELOW_32|CLOSE_NOT_NEAR_OR_BELOW_LOWER_BB|RSI_RECOVERY_NOT_CONFIRMED
2026-09-26T16:17:42.314106+00:00,SIE_OLD_MR_REGIME_EXHAUSTION_CONFIRM_V1,BTC,BTCUSDT,strategy-lab-v1.0.0:SIE_OLD_MR_REGIME_EXHAUSTION_CONFIRM_V1,1790438400000,2026-09-26T16:00:00+00:00,84146.86,84150.32,84083.62,84110.7,54.13206212059129,84025.38,83812.60397833546,83467.22925,180.92285714285703,0.002151008815083658,52.683276910697536,1.2500000000000202,False,RSI_NOT_BELOW_32|CLOSE_NOT_NEAR_OR_BELOW_LOWER_BB|RSI_RECOVERY_NOT_CONFIRMED
2026-09-26T16:17:42.314106+00:00,SIE_OLD_MR_REGIME_EXHAUSTION_CONFIRM_V1,SOL,SOLUSDT,strategy-lab-v1.0.0:SIE_OLD_MR_REGIME_EXHAUSTION_CONFIRM_V1,1790424000000,2026-09-26T12:00:00+00:00,121.27,121.56,120.9,121.06,40.545144804088615,121.15500000000002,119.86300154798496,114.90854999999999,0.8014285714285714,0.006620093932170588,52.04678362573099,1.25,False,RSI_NOT_BELOW_32|CLOSE_NOT_NEAR_OR_BELOW_LOWER_BB|RSI_RECOVERY_NOT_CONFIRMED
2026-09-26T16:17:42.314106+00:00,SIE_OLD_MR_REGIME_EXHAUSTION_CONFIRM_V1,SOL,SOLUSDT,strategy-lab-v1.0.0:SIE_OLD_MR_REGIME_EXHAUSTION_CONFIRM_V1,1790427600000,2026-09-26T13:00:00+00:00,121.06,121.3,120.22,120.76,38.88888888888893,121.144,119.84251776807777,114.986,0.8449999999999999,0.006997350115932426,40.545144804088615,1.2500000000000084,False,RSI_NOT_BELOW_32|CLOSE_NOT_NEAR_OR_BELOW_LOWER_BB|RSI_RECOVERY_NOT_CONFIRMED
2026-09-26T16:17:42.314106+00:00,SIE_OLD_MR_REGIME_EXHAUSTION_CONFIRM_V1,SOL,SOLUSDT,strategy-lab-v1.0.0:SIE_OLD_MR_REGIME_EXHAUSTION_CONFIRM_V1,1790431200000,2026-09-26T14:00:00+00:00,120.75,121.1,120.59,120.95,45.008756567425635,121.09549999999999,119.84188961395125,115.06334999999999,0.7942857142857126,0.006567058406661534,38.88888888888893,1.25,False,RSI_NOT_BELOW_32|CLOSE_NOT_NEAR_OR_BELOW_LOWER_BB
2026-09-26T16:17:42.314106+00:00,SIE_OLD_MR_REGIME_EXHAUSTION_CONFIRM_V1,SOL,SOLUSDT,strategy-lab-v1.0.0:SIE_OLD_MR_REGIME_EXHAUSTION_CONFIRM_V1,1790434800000,2026-09-26T15:00:00+00:00,120.93,122.11,120.8,121.86,48.60883797054009,121.0945,119.84336491536315,115.14405000000001,0.8328571428571416,0.00683454080795291,45.008756567425635,1.2499999999999916,False,PLANNED_REWARD_TOO_LOW|RSI_NOT_BELOW_32|CLOSE_NOT_NEAR_OR_BELOW_LOWER_BB
2026-09-26T16:17:42.314106+00:00,SIE_OLD_MR_REGIME_EXHAUSTION_CONFIRM_V1,SOL,SOLUSDT,strategy-lab-v1.0.0:SIE_OLD_MR_REGIME_EXHAUSTION_CONFIRM_V1,1790438400000,2026-09-26T16:00:00+00:00,121.86,121.88,121.65,121.67,50.68259385665528,121.1,119.83979366768403,115.22125,0.7921428571428544,0.006510584837206003,48.60883797054009,1.2499999999999956,False,PLANNED_REWARD_TOO_LOW|RSI_NOT_BELOW_32|CLOSE_NOT_NEAR_OR_BELOW_LOWER_BB|RSI_RECOVERY_NOT_CONFIRMED
2026-09-26T16:17:42.314106+00:00,SIE_OLD_MR_REGIME_EXHAUSTION_CONFIRM_V1,XRP,XRPUSDT,strategy-lab-v1.0.0:SIE_OLD_MR_REGIME_EXHAUSTION_CONFIRM_V1,1790424000000,2026-09-26T12:00:00+00:00,1.5467,1.5488,1.5386,1.5427,33.669609079445195,1.55778,1.5380350664726608,1.485676,0.010842857142857123,0.0070284936428710205,47.51082251082256,1.250000000000005,False,RSI_NOT_BELOW_32|CLOSE_NOT_NEAR_OR_BELOW_LOWER_BB|RSI_RECOVERY_NOT_CONFIRMED
2026-09-26T16:17:42.314106+00:00,SIE_OLD_MR_REGIME_EXHAUSTION_CONFIRM_V1,XRP,XRPUSDT,strategy-lab-v1.0.0:SIE_OLD_MR_REGIME_EXHAUSTION_CONFIRM_V1,1790427600000,2026-09-26T13:00:00+00:00,1.5425,1.5483,1.5363,1.5412,33.16770186335407,1.556635,1.535859796029905,1.4867955000000002,0.011235714285714269,0.007290237662674714,33.669609079445195,1.25,False,RSI_NOT_BELOW_32|CLOSE_NOT_NEAR_OR_BELOW_LOWER_BB|RSI_RECOVERY_NOT_CONFIRMED
2026-09-26T16:17:42.314106+00:00,SIE_OLD_MR_REGIME_EXHAUSTION_CONFIRM_V1,XRP,XRPUSDT,strategy-lab-v1.0.0:SIE_OLD_MR_REGIME_EXHAUSTION_CONFIRM_V1,1790431200000,2026-09-26T14:00:00+00:00,1.5412,1.5467,1.5396,1.546,39.08188585607946,1.5555299999999999,1.5349616651136009,1.4879205000000002,0.010699999999999979,0.00692108667529106,33.16770186335407,1.25,False,RSI_NOT_BELOW_32|CLOSE_NOT_NEAR_OR_BELOW_LOWER_BB
2026-09-26T16:17:42.314106+00:00,SIE_OLD_MR_REGIME_EXHAUSTION_CONFIRM_V1,XRP,XRPUSDT,strategy-lab-v1.0.0:SIE_OLD_MR_REGIME_EXHAUSTION_CONFIRM_V1,1790434800000,2026-09-26T15:00:00+00:00,1.5457,1.554,1.5442,1.5525,34.270414993306645,1.5545550000000001,1.5354019871821933,1.4890430000000001,0.010128571428571407,0.006524039567517815,39.08188585607946,1.2499999999999891,False,PLANNED_REWARD_TOO_LOW|RSI_NOT_BELOW_32|CLOSE_NOT_NEAR_OR_BELOW_LOWER_BB|RSI_RECOVERY_NOT_CONFIRMED
2026-09-26T16:17:42.314106+00:00,SIE_OLD_MR_REGIME_EXHAUSTION_CONFIRM_V1,XRP,XRPUSDT,strategy-lab-v1.0.0:SIE_OLD_MR_REGIME_EXHAUSTION_CONFIRM_V1,1790438400000,2026-09-26T16:00:00+00:00,1.5526,1.5526,1.5468,1.5471,37.20930232558146,1.55387,1.534679471086,1.4900985,0.009614285714285702,0.006214391903746172,34.270414993306645,1.2500000000000058,False,RSI_NOT_BELOW_32|CLOSE_NOT_NEAR_OR_BELOW_LOWER_BB|RSI_RECOVERY_NOT_CONFIRMED
2026-09-26T16:17:42.314106+00:00,SIE_OLD_MR_REGIME_EXHAUSTION_CONFIRM_V1,DOGE,DOGEUSDT,strategy-lab-v1.0.0:SIE_OLD_MR_REGIME_EXHAUSTION_CONFIRM_V1,1790424000000,2026-09-26T12:00:00+00:00,0.0976,0.09781,0.09708,0.09732,33.389261744966504,0.097967,0.09675504125482558,0.09337385,0.0008200000000000003,0.00842581175503494,48.96265560165977,1.2499999999999958,False,PLANNED_REWARD_TOO_LOW|RSI_NOT_BELOW_32|CLOSE_NOT_NEAR_OR_BELOW_LOWER_BB|RSI_RECOVERY_NOT_CONFIRMED
2026-09-26T16:17:42.314106+00:00,SIE_OLD_MR_REGIME_EXHAUSTION_CONFIRM_V1,DOGE,DOGEUSDT,strategy-lab-v1.0.0:SIE_OLD_MR_REGIME_EXHAUSTION_CONFIRM_V1,1790427600000,2026-09-26T13:00:00+00:00,0.09732,0.09758,0.09678,0.09708,33.95904436860067,0.097966,0.09675115186134037,0.09343879999999999,0.0008307142857142859,0.008557007475425277,33.389261744966504,1.2500000000000042,False,RSI_NOT_BELOW_32|CLOSE_NOT_NEAR_OR_BELOW_LOWER_BB|RSI_RECOVERY_NOT_CONFIRMED
2026-09-26T16:17:42.314106+00:00,SIE_OLD_MR_REGIME_EXHAUSTION_CONFIRM_V1,DOGE,DOGEUSDT,strategy-lab-v1.0.0:SIE_OLD_MR_REGIME_EXHAUSTION_CONFIRM_V1,1790431200000,2026-09-26T14:00:00+00:00,0.0971,0.09786,0.09702,0.09786,44.32,0.0979815,0.09678044587965207,0.0935076,0.0008057142857142856,0.008233336252956117,33.95904436860067,1.2500000000000042,False,RSI_NOT_BELOW_32|CLOSE_NOT_NEAR_OR_BELOW_LOWER_BB
2026-09-26T16:17:42.314106+00:00,SIE_OLD_MR_REGIME_EXHAUSTION_CONFIRM_V1,DOGE,DOGEUSDT,strategy-lab-v1.0.0:SIE_OLD_MR_REGIME_EXHAUSTION_CONFIRM_V1,1790434800000,2026-09-26T15:00:00+00:00,0.09783,0.09872,0.09771,0.09867,47.432024169184245,0.0980095,0.09677220496646727,0.09357905000000001,0.0007935714285714282,0.00804268195572543,44.32,1.2500000000000044,False,RSI_NOT_BELOW_32|CLOSE_NOT_NEAR_OR_BELOW_LOWER_BB
2026-09-26T16:17:42.314106+00:00,SIE_OLD_MR_REGIME_EXHAUSTION_CONFIRM_V1,DOGE,DOGEUSDT,strategy-lab-v1.0.0:SIE_OLD_MR_REGIME_EXHAUSTION_CONFIRM_V1,1790438400000,2026-09-26T16:00:00+00:00,0.09866,0.09866,0.09831,0.09834,49.062499999999936,0.09803500000000001,0.09679254275727302,0.0936467,0.0007471428571428559,0.00759754786600423,47.432024169184245,1.2499999999999953,False,PLANNED_REWARD_TOO_LOW|RSI_NOT_BELOW_32|CLOSE_NOT_NEAR_OR_BELOW_LOWER_BB|RSI_RECOVERY_NOT_CONFIRMED
2026-09-26T16:17:42.314106+00:00,SIE_OLD_MR_REGIME_EXHAUSTION_CONFIRM_V1,BNB,BNBUSDT,strategy-lab-v1.0.0:SIE_OLD_MR_REGIME_EXHAUSTION_CONFIRM_V1,1790424000000,2026-09-26T12:00:00+00:00,775.18,775.75,773.85,773.9,41.66666666666687,774.1645,771.3810742330631,773.3501999999999,2.0678571428571297,0.0026719952743986686,56.94692903995238,1.2499999999999862,False,PLANNED_REWARD_TOO_LOW|RSI_NOT_BELOW_32|CLOSE_NOT_NEAR_OR_BELOW_LOWER_BB|RSI_RECOVERY_NOT_CONFIRMED
2026-09-26T16:17:42.314106+00:00,SIE_OLD_MR_REGIME_EXHAUSTION_CONFIRM_V1,BNB,BNBUSDT,strategy-lab-v1.0.0:SIE_OLD_MR_REGIME_EXHAUSTION_CONFIRM_V1,1790427600000,2026-09-26T13:00:00+00:00,774.07,774.48,771.45,772.23,35.074145712443695,774.086,771.1800240881852,773.4508999999999,2.1714285714285535,0.0028118935698283587,41.66666666666687,1.2500000000000262,False,RSI_NOT_BELOW_32|CLOSE_NOT_NEAR_OR_BELOW_LOWER_BB|CLOSE_NOT_ABOVE_MA200|RSI_RECOVERY_NOT_CONFIRMED
2026-09-26T16:17:42.314106+00:00,SIE_OLD_MR_REGIME_EXHAUSTION_CONFIRM_V1,BNB,BNBUSDT,strategy-lab-v1.0.0:SIE_OLD_MR_REGIME_EXHAUSTION_CONFIRM_V1,1790431200000,2026-09-26T14:00:00+00:00,772.17,774.0,771.87,773.85,44.26332288401279,774.036,771.1499826750263,773.5481,2.1064285714285558,0.002722011464015708,35.074145712443695,1.249999999999973,False,PLANNED_REWARD_TOO_LOW|RSI_NOT_BELOW_32|CLOSE_NOT_NEAR_OR_BELOW_LOWER_BB
2026-09-26T16:17:42.314106+00:00,SIE_OLD_MR_REGIME_EXHAUSTION_CONFIRM_V1,BNB,BNBUSDT,strategy-lab-v1.0.0:SIE_OLD_MR_REGIME_EXHAUSTION_CONFIRM_V1,1790434800000,2026-09-26T15:00:00+00:00,773.83,774.59,773.46,774.15,45.60099132589819,773.994,771.1404730595195,773.6558500000001,2.0749999999999806,0.002680359103532882,44.26332288401279,1.2499999999999862,False,PLANNED_REWARD_TOO_LOW|RSI_NOT_BELOW_32|CLOSE_NOT_NEAR_OR_BELOW_LOWER_BB
2026-09-26T16:17:42.314106+00:00,SIE_OLD_MR_REGIME_EXHAUSTION_CONFIRM_V1,BNB,BNBUSDT,strategy-lab-v1.0.0:SIE_OLD_MR_REGIME_EXHAUSTION_CONFIRM_V1,1790438400000,2026-09-26T16:00:00+00:00,774.2,774.43,773.45,774.2,47.37851662404114,774.0550000000001,771.2388714517892,773.7558,2.0064285714285495,0.0025916153079676434,45.60099132589819,1.2499999999999858,False,PLANNED_REWARD_TOO_LOW|RSI_NOT_BELOW_32|CLOSE_NOT_NEAR_OR_BELOW_LOWER_BB
2026-09-26T16:17:42.314106+00:00,SIE_OLD_MR_REGIME_EXHAUSTION_CONFIRM_V1,PAXG,PAXGUSDT,strategy-lab-v1.0.0:SIE_OLD_MR_REGIME_EXHAUSTION_CONFIRM_V1,1790424000000,2026-09-26T12:00:00+00:00,4280.1,4280.25,4278.5,4279.55,46.005509641874234,4281.074,4276.386376294763,4326.16075,3.235714285714234,0.0007560875058625869,43.66013071895527,1.25,False,TREND_SUPPORT_NOT_CONFIRMED|RSI_NOT_BELOW_32|CLOSE_NOT_NEAR_OR_BELOW_LOWER_BB|CLOSE_NOT_ABOVE_MA200|RSI_RECOVERY_NOT_CONFIRMED
2026-09-26T16:17:42.314106+00:00,SIE_OLD_MR_REGIME_EXHAUSTION_CONFIRM_V1,PAXG,PAXGUSDT,strategy-lab-v1.0.0:SIE_OLD_MR_REGIME_EXHAUSTION_CONFIRM_V1,1790427600000,2026-09-26T13:00:00+00:00,4279.55,4280.03,4277.71,4277.91,43.02275654787543,4281.034000000001,4276.253634323413,4325.68645,3.179285714285665,0.000743186676270811,46.005509641874234,1.2500000000000715,False,TREND_SUPPORT_NOT_CONFIRMED|RSI_NOT_BELOW_32|CLOSE_NOT_NEAR_OR_BELOW_LOWER_BB|CLOSE_NOT_ABOVE_MA200|RSI_RECOVERY_NOT_CONFIRMED
2026-09-26T16:17:42.314106+00:00,SIE_OLD_MR_REGIME_EXHAUSTION_CONFIRM_V1,PAXG,PAXGUSDT,strategy-lab-v1.0.0:SIE_OLD_MR_REGIME_EXHAUSTION_CONFIRM_V1,1790431200000,2026-09-26T14:00:00+00:00,4277.94,4279.53,4277.09,4278.25,55.49009105516839,4280.6555,4276.268266361146,4325.13165,2.8728571428570313,0.000671502867494193,43.02275654787543,1.250000000000079,False,TREND_SUPPORT_NOT_CONFIRMED|RSI_NOT_BELOW_32|CLOSE_NOT_NEAR_OR_BELOW_LOWER_BB|CLOSE_NOT_ABOVE_MA200
2026-09-26T16:17:42.314106+00:00,SIE_OLD_MR_REGIME_EXHAUSTION_CONFIRM_V1,PAXG,PAXGUSDT,strategy-lab-v1.0.0:SIE_OLD_MR_REGIME_EXHAUSTION_CONFIRM_V1,1790434800000,2026-09-26T15:00:00+00:00,4278.3,4279.34,4277.77,4278.91,34.25632911392485,4280.3105000000005,4276.5598601876645,4324.585099999999,2.5071428571426884,0.0005859302619458433,55.49009105516839,1.25,False,TREND_SUPPORT_NOT_CONFIRMED|RSI_NOT_BELOW_32|CLOSE_NOT_NEAR_OR_BELOW_LOWER_BB|CLOSE_NOT_ABOVE_MA200|RSI_RECOVERY_NOT_CONFIRMED
2026-09-26T16:17:42.314106+00:00,SIE_OLD_MR_REGIME_EXHAUSTION_CONFIRM_V1,PAXG,PAXGUSDT,strategy-lab-v1.0.0:SIE_OLD_MR_REGIME_EXHAUSTION_CONFIRM_V1,1790438400000,2026-09-26T16:00:00+00:00,4278.77,4278.85,4278.41,4278.79,35.17465475223702,4280.213,4276.411057864475,4324.042,2.3371428571426804,0.0005462158360524075,34.25632911392485,1.2500000000001945,False,TREND_SUPPORT_NOT_CONFIRMED|RSI_NOT_BELOW_32|CLOSE_NOT_NEAR_OR_BELOW_LOWER_BB|CLOSE_NOT_ABOVE_MA200|RSI_RECOVERY_NOT_CONFIRMED
2026-09-26T21:03:05.957607+00:00,SIE_OLD_MR_REGIME_EXHAUSTION_CONFIRM_V1,BTC,BTCUSDT,strategy-lab-v1.0.0:SIE_OLD_MR_REGIME_EXHAUSTION_CONFIRM_V1,1790442000000,2026-09-26T17:00:00+00:00,84102.19,84130.54,84018.18,84126.64,57.501995824122154,84041.9945,83855.62025742828,83497.08975,179.16785714285652,0.0021297398439169392,53.87523629489615,1.25,False,RSI_NOT_BELOW_32|CLOSE_NOT_NEAR_OR_BELOW_LOWER_BB
2026-09-26T21:03:05.957607+00:00,SIE_OLD_MR_REGIME_EXHAUSTION_CONFIRM_V1,BTC,BTCUSDT,strategy-lab-v1.0.0:SIE_OLD_MR_REGIME_EXHAUSTION_CONFIRM_V1,1790445600000,2026-09-26T18:00:00+00:00,84126.64,84156.49,83958.0,83994.61,50.68613348676647,84038.789,83851.472777875,83525.95550000001,178.29785714285703,0.0021227297459069936,57.501995824122154,1.2500000000000204,False,RSI_NOT_BELOW_32|CLOSE_NOT_NEAR_OR_BELOW_LOWER_BB|RSI_RECOVERY_NOT_CONFIRMED
2026-09-26T21:03:05.957607+00:00,SIE_OLD_MR_REGIME_EXHAUSTION_CONFIRM_V1,BTC,BTCUSDT,strategy-lab-v1.0.0:SIE_OLD_MR_REGIME_EXHAUSTION_CONFIRM_V1,1790449200000,2026-09-26T19:00:00+00:00,83994.61,84043.84,83946.7,84000.65,53.07259232710563,84034.16500000001,83847.87981708095,83555.9828,176.46499999999963,0.002100757553661783,50.68613348676647,1.2500000000000413,False,RSI_NOT_BELOW_32|CLOSE_NOT_NEAR_OR_BELOW_LOWER_BB
2026-09-26T21:03:05.957607+00:00,SIE_OLD_MR_REGIME_EXHAUSTION_CONFIRM_V1,BTC,BTCUSDT,strategy-lab-v1.0.0:SIE_OLD_MR_REGIME_EXHAUSTION_CONFIRM_V1,1790452800000,2026-09-26T20:00:00+00:00,84000.65,84081.97,83811.99,84016.33,55.06613606215652,84039.7415,83862.83944583956,83586.17619999999,188.5921428571424,0.002244708175864649,53.07259232710563,1.25,False,RSI_NOT_BELOW_32|CLOSE_NOT_NEAR_OR_BELOW_LOWER_BB
2026-09-26T21:03:05.957607+00:00,SIE_OLD_MR_REGIME_EXHAUSTION_CONFIRM_V1,BTC,BTCUSDT,strategy-lab-v1.0.0:SIE_OLD_MR_REGIME_EXHAUSTION_CONFIRM_V1,1790456400000,2026-09-26T21:00:00+00:00,84016.33,84039.56,84013.99,84036.88,47.00323636168604,84037.94399999999,83861.69394862074,83606.25035,173.11714285714177,0.0020600139231387667,55.06613606215652,1.249999999999958,False,PLANNED_REWARD_TOO_LOW|RSI_NOT_BELOW_32|CLOSE_NOT_NEAR_OR_BELOW_LOWER_BB|RSI_RECOVERY_NOT_CONFIRMED
2026-09-26T21:03:05.957607+00:00,SIE_OLD_MR_REGIME_EXHAUSTION_CONFIRM_V1,SOL,SOLUSDT,strategy-lab-v1.0.0:SIE_OLD_MR_REGIME_EXHAUSTION_CONFIRM_V1,1790442000000,2026-09-26T17:00:00+00:00,121.58,121.62,120.97,121.48,58.349705304518764,121.122,119.85639974715161,115.29679999999999,0.7799999999999981,0.006420810009878154,50.25380710659899,1.250000000000009,False,RSI_NOT_BELOW_32|CLOSE_NOT_NEAR_OR_BELOW_LOWER_BB|RSI_RECOVERY_NOT_CONFIRMED
2026-09-26T21:03:05.957607+00:00,SIE_OLD_MR_REGIME_EXHAUSTION_CONFIRM_V1,SOL,SOLUSDT,strategy-lab-v1.0.0:SIE_OLD_MR_REGIME_EXHAUSTION_CONFIRM_V1,1790445600000,2026-09-26T18:00:00+00:00,121.47,121.65,120.8,121.04,53.45454545454555,121.0655,119.8947485319207,115.37105,0.788571428571427,0.006514965536776495,58.349705304518764,1.250000000000009,False,RSI_NOT_BELOW_32|CLOSE_NOT_NEAR_OR_BELOW_LOWER_BB|RSI_RECOVERY_NOT_CONFIRMED
2026-09-26T21:03:05.957607+00:00,SIE_OLD_MR_REGIME_EXHAUSTION_CONFIRM_V1,SOL,SOLUSDT,strategy-lab-v1.0.0:SIE_OLD_MR_REGIME_EXHAUSTION_CONFIRM_V1,1790449200000,2026-09-26T19:00:00+00:00,121.05,121.34,120.86,121.12,55.61694290976059,121.0155,119.94832663076245,115.44845000000001,0.7807142857142851,0.006445791658803543,53.45454545454555,1.25,False,RSI_NOT_BELOW_32|CLOSE_NOT_NEAR_OR_BELOW_LOWER_BB
2026-09-26T21:03:05.957607+00:00,SIE_OLD_MR_REGIME_EXHAUSTION_CONFIRM_V1,SOL,SOLUSDT,strategy-lab-v1.0.0:SIE_OLD_MR_REGIME_EXHAUSTION_CONFIRM_V1,1790452800000,2026-09-26T20:00:00+00:00,121.12,121.57,120.06,120.34,51.099830795262356,120.95649999999998,119.87701354801932,115.52165,0.8607142857142845,0.007152354044492974,55.61694290976059,1.2499999999999958,False,PLANNED_REWARD_TOO_LOW|RSI_NOT_BELOW_32|CLOSE_NOT_NEAR_OR_BELOW_LOWER_BB|RSI_RECOVERY_NOT_CONFIRMED
2026-09-26T21:03:05.957607+00:00,SIE_OLD_MR_REGIME_EXHAUSTION_CONFIRM_V1,SOL,SOLUSDT,strategy-lab-v1.0.0:SIE_OLD_MR_REGIME_EXHAUSTION_CONFIRM_V1,1790456400000,2026-09-26T21:00:00+00:00,120.34,120.36,120.27,120.33,46.19666048237479,120.87150000000001,119.87932511621705,115.58094999999999,0.8178571428571421,0.006796785031639176,51.099830795262356,1.2499999999999956,False,PLANNED_REWARD_TOO_LOW|RSI_NOT_BELOW_32|CLOSE_NOT_NEAR_OR_BELOW_LOWER_BB|RSI_RECOVERY_NOT_CONFIRMED
2026-09-26T21:03:05.957607+00:00,SIE_OLD_MR_REGIME_EXHAUSTION_CONFIRM_V1,XRP,XRPUSDT,strategy-lab-v1.0.0:SIE_OLD_MR_REGIME_EXHAUSTION_CONFIRM_V1,1790442000000,2026-09-26T17:00:00+00:00,1.5466,1.5466,1.5328,1.5364,34.82993197278924,1.55308,1.5323943914762197,1.4911050000000001,0.010171428571428562,0.006620299773124553,36.781609195402424,1.2500000000000056,False,RSI_NOT_BELOW_32|CLOSE_NOT_NEAR_OR_BELOW_LOWER_BB|RSI_RECOVERY_NOT_CONFIRMED
2026-09-26T21:03:05.957607+00:00,SIE_OLD_MR_REGIME_EXHAUSTION_CONFIRM_V1,XRP,XRPUSDT,strategy-lab-v1.0.0:SIE_OLD_MR_REGIME_EXHAUSTION_CONFIRM_V1,1790445600000,2026-09-26T18:00:00+00:00,1.5362,1.5372,1.5181,1.5212,29.52710495963109,1.55071,1.5270347048593031,1.4920579999999999,0.010749999999999973,0.007066789376807765,34.82993197278924,1.249999999999995,False,PLANNED_REWARD_TOO_LOW|RSI_RECOVERY_NOT_CONFIRMED
2026-09-26T21:03:05.957607+00:00,SIE_OLD_MR_REGIME_EXHAUSTION_CONFIRM_V1,XRP,XRPUSDT,strategy-lab-v1.0.0:SIE_OLD_MR_REGIME_EXHAUSTION_CONFIRM_V1,1790449200000,2026-09-26T19:00:00+00:00,1.521,1.5269,1.5195,1.5231,33.57753357753356,1.54845,1.5233368560311713,1.4930615,0.010392857142857108,0.006823489687385667,29.52710495963109,1.2499999999999893,False,PLANNED_REWARD_TOO_LOW|RSI_NOT_BELOW_32
2026-09-26T21:03:05.957607+00:00,SIE_OLD_MR_REGIME_EXHAUSTION_CONFIRM_V1,XRP,XRPUSDT,strategy-lab-v1.0.0:SIE_OLD_MR_REGIME_EXHAUSTION_CONFIRM_V1,1790452800000,2026-09-26T20:00:00+00:00,1.5229,1.5254,1.5,1.5117,29.92383025027209,1.545855,1.5170810204351373,1.494006,0.011785714285714257,0.00779633147166386,33.57753357753356,1.2500000000000093,False,RSI_RECOVERY_NOT_CONFIRMED
2026-09-26T21:03:05.957607+00:00,SIE_OLD_MR_REGIME_EXHAUSTION_CONFIRM_V1,DOGE,DOGEUSDT,strategy-lab-v1.0.0:SIE_OLD_MR_REGIME_EXHAUSTION_CONFIRM_V1,1790442000000,2026-09-26T17:00:00+00:00,0.09841,0.09841,0.09757,0.09771,48.15950920245406,0.0980365,0.09678826484587044,0.0937072,0.0007664285714285697,0.007843911282658577,49.60505529225902,1.2499999999999956,False,PLANNED_REWARD_TOO_LOW|RSI_NOT_BELOW_32|CLOSE_NOT_NEAR_OR_BELOW_LOWER_BB|RSI_RECOVERY_NOT_CONFIRMED
2026-09-26T21:03:05.957607+00:00,SIE_OLD_MR_REGIME_EXHAUSTION_CONFIRM_V1,DOGE,DOGEUSDT,strategy-lab-v1.0.0:SIE_OLD_MR_REGIME_EXHAUSTION_CONFIRM_V1,1790445600000,2026-09-26T18:00:00+00:00,0.09772,0.09788,0.09697,0.09714,43.892045454545446,0.0979285,0.09676536157315442,0.09376440000000001,0.0007742857142857125,0.007970822671255018,48.15950920245406,1.2500000000000044,False,RSI_NOT_BELOW_32|CLOSE_NOT_NEAR_OR_BELOW_LOWER_BB|RSI_RECOVERY_NOT_CONFIRMED
2026-09-26T21:03:05.957607+00:00,SIE_OLD_MR_REGIME_EXHAUSTION_CONFIRM_V1,DOGE,DOGEUSDT,strategy-lab-v1.0.0:SIE_OLD_MR_REGIME_EXHAUSTION_CONFIRM_V1,1790449200000,2026-09-26T19:00:00+00:00,0.0972,0.09733,0.09689,0.09698,46.81818181818179,0.0978295,0.09669776725769516,0.09382294999999999,0.0007485714285714258,0.00771882273222753,43.892045454545446,1.25,False,RSI_NOT_BELOW_32|CLOSE_NOT_NEAR_OR_BELOW_LOWER_BB|RSI_RECOVERY_NOT_CONFIRMED
2026-09-26T21:03:05.957607+00:00,SIE_OLD_MR_REGIME_EXHAUSTION_CONFIRM_V1,DOGE,DOGEUSDT,strategy-lab-v1.0.0:SIE_OLD_MR_REGIME_EXHAUSTION_CONFIRM_V1,1790452800000,2026-09-26T20:00:00+00:00,0.09693,0.0971,0.09526,0.0958,39.48387096774188,0.097691,0.09630601046935192,0.0938752,0.000850714285714283,0.008880107366537401,46.81818181818179,1.2500000000000082,False,RSI_NOT_BELOW_32|RSI_RECOVERY_NOT_CONFIRMED
2026-09-26T21:03:05.957607+00:00,SIE_OLD_MR_REGIME_EXHAUSTION_CONFIRM_V1,DOGE,DOGEUSDT,strategy-lab-v1.0.0:SIE_OLD_MR_REGIME_EXHAUSTION_CONFIRM_V1,1790456400000,2026-09-26T21:00:00+00:00,0.0958,0.09598,0.0958,0.09598,36.79245283018865,0.0975395,0.09610285843022526,0.09391895,0.0008207142857142838,0.008550888577977535,39.48387096774188,1.25,False,RSI_NOT_BELOW_32|RSI_RECOVERY_NOT_CONFIRMED
2026-09-26T21:03:05.957607+00:00,SIE_OLD_MR_REGIME_EXHAUSTION_CONFIRM_V1,BNB,BNBUSDT,strategy-lab-v1.0.0:SIE_OLD_MR_REGIME_EXHAUSTION_CONFIRM_V1,1790442000000,2026-09-26T17:00:00+00:00,774.12,774.35,772.19,772.66,44.94979326639094,774.0605,771.2323099427317,773.865,2.0307142857142657,0.002628212002322193,48.04292929292928,1.249999999999986,False,PLANNED_REWARD_TOO_LOW|RSI_NOT_BELOW_32|CLOSE_NOT_NEAR_OR_BELOW_LOWER_BB|CLOSE_NOT_ABOVE_MA200|RSI_RECOVERY_NOT_CONFIRMED
2026-09-26T21:03:05.957607+00:00,SIE_OLD_MR_REGIME_EXHAUSTION_CONFIRM_V1,BNB,BNBUSDT,strategy-lab-v1.0.0:SIE_OLD_MR_REGIME_EXHAUSTION_CONFIRM_V1,1790445600000,2026-09-26T18:00:00+00:00,772.86,773.09,770.38,771.21,41.72149122807023,773.8059999999999,770.9143610183787,773.9608000000001,2.0635714285714113,0.002675758131470561,44.94979326639094,1.2499999999999862,False,TREND_SUPPORT_NOT_CONFIRMED|PLANNED_REWARD_TOO_LOW|RSI_NOT_BELOW_32|CLOSE_NOT_NEAR_OR_BELOW_LOWER_BB|CLOSE_NOT_ABOVE_MA200|RSI_RECOVERY_NOT_CONFIRMED
2026-09-26T21:03:05.957607+00:00,SIE_OLD_MR_REGIME_EXHAUSTION_CONFIRM_V1,BNB,BNBUSDT,strategy-lab-v1.0.0:SIE_OLD_MR_REGIME_EXHAUSTION_CONFIRM_V1,1790449200000,2026-09-26T19:00:00+00:00,771.36,771.42,770.54,770.86,44.976359338061656,773.5060000000001,770.7002958103124,774.07065,1.9849999999999812,0.0025750460524608635,41.72149122807023,1.2500000000000142,False,TREND_SUPPORT_NOT_CONFIRMED|RSI_NOT_BELOW_32|CLOSE_NOT_ABOVE_MA200|RSI_RECOVERY_NOT_CONFIRMED
2026-09-26T21:03:05.957607+00:00,SIE_OLD_MR_REGIME_EXHAUSTION_CONFIRM_V1,BNB,BNBUSDT,strategy-lab-v1.0.0:SIE_OLD_MR_REGIME_EXHAUSTION_CONFIRM_V1,1790452800000,2026-09-26T20:00:00+00:00,770.6,770.83,766.22,769.27,42.16066481994451,773.1855,770.0067299548361,774.1874499999999,2.2557142857142725,0.002932279025198269,44.976359338061656,1.250000000000025,False,TREND_SUPPORT_NOT_CONFIRMED|RSI_NOT_BELOW_32|CLOSE_NOT_ABOVE_MA200|RSI_RECOVERY_NOT_CONFIRMED
2026-09-26T21:03:05.957607+00:00,SIE_OLD_MR_REGIME_EXHAUSTION_CONFIRM_V1,BNB,BNBUSDT,strategy-lab-v1.0.0:SIE_OLD_MR_REGIME_EXHAUSTION_CONFIRM_V1,1790456400000,2026-09-26T21:00:00+00:00,769.43,769.56,769.43,769.56,37.67164179104445,772.885,769.5331258973476,774.2457499999999,2.1628571428571246,0.0028105113868406944,42.16066481994451,1.2500000000000262,False,TREND_SUPPORT_NOT_CONFIRMED|RSI_NOT_BELOW_32|CLOSE_NOT_ABOVE_MA200|RSI_RECOVERY_NOT_CONFIRMED
2026-09-26T21:03:05.957607+00:00,SIE_OLD_MR_REGIME_EXHAUSTION_CONFIRM_V1,PAXG,PAXGUSDT,strategy-lab-v1.0.0:SIE_OLD_MR_REGIME_EXHAUSTION_CONFIRM_V1,1790442000000,2026-09-26T17:00:00+00:00,4276.78,4277.21,4276.01,4277.08,27.88104089219668,4279.8305,4275.850708673607,4323.56815,2.363571428571244,0.0005526133316588055,30.862437633644717,1.2499999999999039,False,TREND_SUPPORT_NOT_CONFIRMED|PLANNED_REWARD_TOO_LOW|CLOSE_NOT_NEAR_OR_BELOW_LOWER_BB|CLOSE_NOT_ABOVE_MA200|RSI_RECOVERY_NOT_CONFIRMED
2026-09-26T21:03:05.957607+00:00,SIE_OLD_MR_REGIME_EXHAUSTION_CONFIRM_V1,PAXG,PAXGUSDT,strategy-lab-v1.0.0:SIE_OLD_MR_REGIME_EXHAUSTION_CONFIRM_V1,1790445600000,2026-09-26T18:00:00+00:00,4277.08,4277.15,4275.15,4277.01,32.18884120172052,4279.6165,4275.5152110560675,4323.0786499999995,2.2399999999998466,0.0005237303630339528,27.88104089219668,1.250000000000203,False,TREND_SUPPORT_NOT_CONFIRMED|RSI_NOT_BELOW_32|CLOSE_NOT_NEAR_OR_BELOW_LOWER_BB|CLOSE_NOT_ABOVE_MA200|RSI_RECOVERY_NOT_CONFIRMED
2026-09-26T21:03:05.957607+00:00,SIE_OLD_MR_REGIME_EXHAUSTION_CONFIRM_V1,PAXG,PAXGUSDT,strategy-lab-v1.0.0:SIE_OLD_MR_REGIME_EXHAUSTION_CONFIRM_V1,1790449200000,2026-09-26T19:00:00+00:00,4277.65,4278.92,4277.3,4278.92,40.01518602885378,4279.5045,4275.455927535338,4322.61505,1.965714285714122,0.0004593949608111678,32.18884120172052,1.25,False,TREND_SUPPORT_NOT_CONFIRMED|RSI_NOT_BELOW_32|CLOSE_NOT_NEAR_OR_BELOW_LOWER_BB|CLOSE_NOT_ABOVE_MA200
2026-09-26T21:03:05.957607+00:00,SIE_OLD_MR_REGIME_EXHAUSTION_CONFIRM_V1,PAXG,PAXGUSDT,strategy-lab-v1.0.0:SIE_OLD_MR_REGIME_EXHAUSTION_CONFIRM_V1,1790452800000,2026-09-26T20:00:00+00:00,4278.92,4278.92,4278.34,4278.89,40.321346595257744,4279.639,4275.86936394308,4322.1828000000005,1.9128571428569947,0.00044704517827216745,40.01518602885378,1.2500000000002378,False,TREND_SUPPORT_NOT_CONFIRMED|RSI_NOT_BELOW_32|CLOSE_NOT_NEAR_OR_BELOW_LOWER_BB|CLOSE_NOT_ABOVE_MA200|RSI_RECOVERY_NOT_CONFIRMED
2026-09-27T00:29:08.955848+00:00,SIE_OLD_MR_REGIME_EXHAUSTION_CONFIRM_V1,BTC,BTCUSDT,strategy-lab-v1.0.0:SIE_OLD_MR_REGIME_EXHAUSTION_CONFIRM_V1,1790460000000,2026-09-26T22:00:00+00:00,84137.62,84408.42,84137.62,84266.36,52.841641342222196,84056.3115,83851.75228498827,83623.54105,185.12357142857113,0.0021968858204931495,51.38196312577905,1.2500000000000198,False,RSI_NOT_BELOW_32|CLOSE_NOT_NEAR_OR_BELOW_LOWER_BB
2026-09-27T00:29:08.955848+00:00,SIE_OLD_MR_REGIME_EXHAUSTION_CONFIRM_V1,BTC,BTCUSDT,strategy-lab-v1.0.0:SIE_OLD_MR_REGIME_EXHAUSTION_CONFIRM_V1,1790463600000,2026-09-26T23:00:00+00:00,84266.37,84470.44,84266.36,84416.65,66.47297892829758,84080.58499999999,83830.93554637513,83642.1212,180.4442857142858,0.0021375437868511224,52.841641342222196,1.2500000000000202,False,RSI_NOT_BELOW_32|CLOSE_NOT_NEAR_OR_BELOW_LOWER_BB
2026-09-27T00:29:08.955848+00:00,SIE_OLD_MR_REGIME_EXHAUSTION_CONFIRM_V1,BTC,BTCUSDT,strategy-lab-v1.0.0:SIE_OLD_MR_REGIME_EXHAUSTION_CONFIRM_V1,1790467200000,2026-09-27T00:00:00+00:00,84416.64,84433.92,84233.72,84238.31,52.68095222796913,84093.724,83839.94763992842,83659.19245,183.134285714285,0.0021740023715371903,66.47297892829758,1.2500000000000198,False,RSI_NOT_BELOW_32|CLOSE_NOT_NEAR_OR_BELOW_LOWER_BB|RSI_RECOVERY_NOT_CONFIRMED
2026-09-27T00:29:08.955848+00:00,SIE_OLD_MR_REGIME_EXHAUSTION_CONFIRM_V1,SOL,SOLUSDT,strategy-lab-v1.0.0:SIE_OLD_MR_REGIME_EXHAUSTION_CONFIRM_V1,1790460000000,2026-09-26T22:00:00+00:00,121.29,121.8,121.05,121.12,53.40557275541795,120.89650000000002,119.96424949717935,115.63780000000001,0.8985714285714275,0.0074188526137006884,54.416403785488995,1.249999999999996,False,PLANNED_REWARD_TOO_LOW|RSI_NOT_BELOW_32|CLOSE_NOT_NEAR_OR_BELOW_LOWER_BB|RSI_RECOVERY_NOT_CONFIRMED
2026-09-27T00:29:08.955848+00:00,SIE_OLD_MR_REGIME_EXHAUSTION_CONFIRM_V1,SOL,SOLUSDT,strategy-lab-v1.0.0:SIE_OLD_MR_REGIME_EXHAUSTION_CONFIRM_V1,1790463600000,2026-09-26T23:00:00+00:00,121.12,121.81,121.11,121.37,61.76961602671134,120.93350000000001,119.98785154522973,115.6891,0.8857142857142841,0.007297637684059356,53.40557275541795,1.250000000000004,False,RSI_NOT_BELOW_32|CLOSE_NOT_NEAR_OR_BELOW_LOWER_BB
2026-09-27T00:29:08.955848+00:00,SIE_OLD_MR_REGIME_EXHAUSTION_CONFIRM_V1,SOL,SOLUSDT,strategy-lab-v1.0.0:SIE_OLD_MR_REGIME_EXHAUSTION_CONFIRM_V1,1790467200000,2026-09-27T00:00:00+00:00,121.38,121.41,120.75,120.88,52.233676975944945,120.94450000000002,120.0067479005572,115.7351,0.8785714285714273,0.007268128959062106,61.76961602671134,1.25,False,RSI_NOT_BELOW_32|CLOSE_NOT_NEAR_OR_BELOW_LOWER_BB|RSI_RECOVERY_NOT_CONFIRMED
2026-09-27T00:29:08.955848+00:00,SIE_OLD_MR_REGIME_EXHAUSTION_CONFIRM_V1,XRP,XRPUSDT,strategy-lab-v1.0.0:SIE_OLD_MR_REGIME_EXHAUSTION_CONFIRM_V1,1790456400000,2026-09-26T21:00:00+00:00,1.5115,1.5283,1.5105,1.524,35.84905660377359,1.543245,1.5164640758188004,1.4948229999999998,0.012557142857142838,0.00823959505061866,29.858849077090184,1.2500000000000044,False,RSI_NOT_BELOW_32|CLOSE_NOT_NEAR_OR_BELOW_LOWER_BB
2026-09-27T00:29:08.955848+00:00,SIE_OLD_MR_REGIME_EXHAUSTION_CONFIRM_V1,XRP,XRPUSDT,strategy-lab-v1.0.0:SIE_OLD_MR_REGIME_EXHAUSTION_CONFIRM_V1,1790460000000,2026-09-26T22:00:00+00:00,1.5243,1.5278,1.52,1.5218,36.24497991967878,1.5411,1.514666536360152,1.4954335,0.012221428571428558,0.008030903253665763,35.84905660377359,1.2499999999999956,False,PLANNED_REWARD_TOO_LOW|RSI_NOT_BELOW_32|CLOSE_NOT_NEAR_OR_BELOW_LOWER_BB|RSI_RECOVERY_NOT_CONFIRMED
2026-09-27T00:29:08.955848+00:00,SIE_OLD_MR_REGIME_EXHAUSTION_CONFIRM_V1,XRP,XRPUSDT,strategy-lab-v1.0.0:SIE_OLD_MR_REGIME_EXHAUSTION_CONFIRM_V1,1790463600000,2026-09-26T23:00:00+00:00,1.5218,1.5304,1.5216,1.5271,42.72445820433435,1.53952,1.5137132101957802,1.4961464999999998,0.01180714285714284,0.007731741770115147,36.24497991967878,1.2500000000000047,False,RSI_NOT_BELOW_32|CLOSE_NOT_NEAR_OR_BELOW_LOWER_BB
2026-09-27T00:29:08.955848+00:00,SIE_OLD_MR_REGIME_EXHAUSTION_CONFIRM_V1,XRP,XRPUSDT,strategy-lab-v1.0.0:SIE_OLD_MR_REGIME_EXHAUSTION_CONFIRM_V1,1790467200000,2026-09-27T00:00:00+00:00,1.5271,1.528,1.5195,1.5201,33.1550802139036,1.53769,1.5118251280691515,1.4968465,0.011564285714285694,0.0076075822079374345,42.72445820433435,1.2500000000000049,False,RSI_NOT_BELOW_32|CLOSE_NOT_NEAR_OR_BELOW_LOWER_BB|RSI_RECOVERY_NOT_CONFIRMED
2026-09-27T00:29:08.955848+00:00,SIE_OLD_MR_REGIME_EXHAUSTION_CONFIRM_V1,DOGE,DOGEUSDT,strategy-lab-v1.0.0:SIE_OLD_MR_REGIME_EXHAUSTION_CONFIRM_V1,1790460000000,2026-09-26T22:00:00+00:00,0.09647,0.09682,0.09626,0.09637,41.019108280254734,0.0974595,0.0960866274640358,0.09396330000000001,0.0008642857142857133,0.008968410441898032,40.707964601769916,1.25,False,RSI_NOT_BELOW_32|CLOSE_NOT_NEAR_OR_BELOW_LOWER_BB|RSI_RECOVERY_NOT_CONFIRMED
2026-09-27T00:29:08.955848+00:00,SIE_OLD_MR_REGIME_EXHAUSTION_CONFIRM_V1,DOGE,DOGEUSDT,strategy-lab-v1.0.0:SIE_OLD_MR_REGIME_EXHAUSTION_CONFIRM_V1,1790463600000,2026-09-26T23:00:00+00:00,0.09642,0.09684,0.09642,0.09673,47.167325428195,0.0973985,0.09600989962552044,0.09400965000000001,0.0008271428571428567,0.008551047835654468,41.019108280254734,1.25,False,RSI_NOT_BELOW_32|CLOSE_NOT_NEAR_OR_BELOW_LOWER_BB
2026-09-27T00:29:08.955848+00:00,SIE_OLD_MR_REGIME_EXHAUSTION_CONFIRM_V1,DOGE,DOGEUSDT,strategy-lab-v1.0.0:SIE_OLD_MR_REGIME_EXHAUSTION_CONFIRM_V1,1790467200000,2026-09-27T00:00:00+00:00,0.09672,0.09676,0.09634,0.09645,37.91606367583209,0.097321,0.09590263615387139,0.09405335000000001,0.0007878571428571428,0.008168555135895726,47.167325428195,1.2499999999999911,False,PLANNED_REWARD_TOO_LOW|RSI_NOT_BELOW_32|CLOSE_NOT_NEAR_OR_BELOW_LOWER_BB|RSI_RECOVERY_NOT_CONFIRMED
2026-09-27T00:29:08.955848+00:00,SIE_OLD_MR_REGIME_EXHAUSTION_CONFIRM_V1,BNB,BNBUSDT,strategy-lab-v1.0.0:SIE_OLD_MR_REGIME_EXHAUSTION_CONFIRM_V1,1790460000000,2026-09-26T22:00:00+00:00,772.05,773.55,771.88,772.86,48.510853104492604,772.905,770.036575345241,774.32285,2.3892857142857014,0.0030914857985737407,45.9347488348005,1.2499999999999762,False,TREND_SUPPORT_NOT_CONFIRMED|PLANNED_REWARD_TOO_LOW|RSI_NOT_BELOW_32|CLOSE_NOT_NEAR_OR_BELOW_LOWER_BB|CLOSE_NOT_ABOVE_MA200
2026-09-27T00:29:08.955848+00:00,SIE_OLD_MR_REGIME_EXHAUSTION_CONFIRM_V1,BNB,BNBUSDT,strategy-lab-v1.0.0:SIE_OLD_MR_REGIME_EXHAUSTION_CONFIRM_V1,1790463600000,2026-09-26T23:00:00+00:00,773.14,773.65,772.69,773.58,56.417258328782125,772.8655000000001,770.0577430660707,774.4064500000001,2.2185714285714084,0.0028679275945233955,48.510853104492604,1.2500000000000129,False,TREND_SUPPORT_NOT_CONFIRMED|RSI_NOT_BELOW_32|CLOSE_NOT_NEAR_OR_BELOW_LOWER_BB|CLOSE_NOT_ABOVE_MA200
2026-09-27T00:29:08.955848+00:00,SIE_OLD_MR_REGIME_EXHAUSTION_CONFIRM_V1,BNB,BNBUSDT,strategy-lab-v1.0.0:SIE_OLD_MR_REGIME_EXHAUSTION_CONFIRM_V1,1790467200000,2026-09-27T00:00:00+00:00,773.28,773.52,772.08,772.3,45.33648170011799,772.769,770.0234880258813,774.4764499999999,2.125714285714269,0.0027524463106490603,56.417258328782125,1.2500000000000133,False,TREND_SUPPORT_NOT_CONFIRMED|RSI_NOT_BELOW_32|CLOSE_NOT_NEAR_OR_BELOW_LOWER_BB|CLOSE_NOT_ABOVE_MA200|RSI_RECOVERY_NOT_CONFIRMED
2026-09-27T00:29:08.955848+00:00,SIE_OLD_MR_REGIME_EXHAUSTION_CONFIRM_V1,PAXG,PAXGUSDT,strategy-lab-v1.0.0:SIE_OLD_MR_REGIME_EXHAUSTION_CONFIRM_V1,1790456400000,2026-09-26T21:00:00+00:00,4278.58,4279.74,4276.98,4277.79,39.77358490566094,4279.3724999999995,4275.8263027406565,4321.846850000001,2.033571428571317,0.0004753789757260915,39.62406015037597,1.250000000000112,False,TREND_SUPPORT_NOT_CONFIRMED|RSI_NOT_BELOW_32|CLOSE_NOT_NEAR_OR_BELOW_LOWER_BB|CLOSE_NOT_ABOVE_MA200|RSI_RECOVERY_NOT_CONFIRMED
2026-09-27T00:29:08.955848+00:00,SIE_OLD_MR_REGIME_EXHAUSTION_CONFIRM_V1,PAXG,PAXGUSDT,strategy-lab-v1.0.0:SIE_OLD_MR_REGIME_EXHAUSTION_CONFIRM_V1,1790460000000,2026-09-26T22:00:00+00:00,4277.79,4280.17,4277.79,4280.17,59.39440993788774,4279.259,4275.977342491641,4321.502149999999,1.9642857142855843,0.0004589270319369521,39.77358490566094,1.2500000000001157,False,TREND_SUPPORT_NOT_CONFIRMED|RSI_NOT_BELOW_32|CLOSE_NOT_NEAR_OR_BELOW_LOWER_BB|CLOSE_NOT_ABOVE_MA200
2026-09-27T00:29:08.955848+00:00,SIE_OLD_MR_REGIME_EXHAUSTION_CONFIRM_V1,PAXG,PAXGUSDT,strategy-lab-v1.0.0:SIE_OLD_MR_REGIME_EXHAUSTION_CONFIRM_V1,1790463600000,2026-09-26T23:00:00+00:00,4280.17,4280.83,4278.95,4279.36,52.59026687598028,4279.0755,4276.2839880437,4321.143999999999,1.9799999999998883,0.0004626860091228334,59.39440993788774,1.25,False,TREND_SUPPORT_NOT_CONFIRMED|RSI_NOT_BELOW_32|CLOSE_NOT_NEAR_OR_BELOW_LOWER_BB|CLOSE_NOT_ABOVE_MA200|RSI_RECOVERY_NOT_CONFIRMED
2026-09-27T00:29:08.955848+00:00,SIE_OLD_MR_REGIME_EXHAUSTION_CONFIRM_V1,PAXG,PAXGUSDT,strategy-lab-v1.0.0:SIE_OLD_MR_REGIME_EXHAUSTION_CONFIRM_V1,1790467200000,2026-09-27T00:00:00+00:00,4279.36,4279.36,4278.29,4278.29,44.712286158633304,4278.932,4276.292957749077,4320.6471,1.8842857142855922,0.00044042963760885595,52.59026687598028,1.2499999999998794,False,TREND_SUPPORT_NOT_CONFIRMED|PLANNED_REWARD_TOO_LOW|RSI_NOT_BELOW_32|CLOSE_NOT_NEAR_OR_BELOW_LOWER_BB|CLOSE_NOT_ABOVE_MA200|RSI_RECOVERY_NOT_CONFIRMED
2026-09-27T08:02:23.551220+00:00,SIE_OLD_MR_REGIME_EXHAUSTION_CONFIRM_V1,BTC,BTCUSDT,strategy-lab-v1.0.0:SIE_OLD_MR_REGIME_EXHAUSTION_CONFIRM_V1,1790470800000,2026-09-27T01:00:00+00:00,84291.21,84560.48,84259.58,84471.48,61.664564943253524,84124.02549999999,83829.51310600911,83676.84115000001,198.5449999999993,0.0023504382781028496,55.01853746917442,1.2499999999999816,False,PLANNED_REWARD_TOO_LOW|RSI_NOT_BELOW_32|CLOSE_NOT_NEAR_OR_BELOW_LOWER_BB
2026-09-27T08:02:23.551220+00:00,SIE_OLD_MR_REGIME_EXHAUSTION_CONFIRM_V1,BTC,BTCUSDT,strategy-lab-v1.0.0:SIE_OLD_MR_REGIME_EXHAUSTION_CONFIRM_V1,1790474400000,2026-09-27T02:00:00+00:00,84471.48,84525.43,84418.0,84431.55,65.44903805513488,84151.47,83849.82857281332,83694.36705,194.42142857142713,0.0023027106404113996,61.664564943253524,1.2499999999999625,False,PLANNED_REWARD_TOO_LOW|RSI_NOT_BELOW_32|CLOSE_NOT_NEAR_OR_BELOW_LOWER_BB|RSI_RECOVERY_NOT_CONFIRMED
2026-09-27T08:02:23.551220+00:00,SIE_OLD_MR_REGIME_EXHAUSTION_CONFIRM_V1,BTC,BTCUSDT,strategy-lab-v1.0.0:SIE_OLD_MR_REGIME_EXHAUSTION_CONFIRM_V1,1790478000000,2026-09-27T03:00:00+00:00,84432.86,84510.99,84315.52,84375.31,67.85108610099101,84165.0395,83849.09695159254,83710.27625000001,186.52857142856996,0.0022107008724302165,65.44903805513488,1.2499999999999805,False,PLANNED_REWARD_TOO_LOW|RSI_NOT_BELOW_32|CLOSE_NOT_NEAR_OR_BELOW_LOWER_BB|RSI_RECOVERY_NOT_CONFIRMED
2026-09-27T08:02:23.551220+00:00,SIE_OLD_MR_REGIME_EXHAUSTION_CONFIRM_V1,BTC,BTCUSDT,strategy-lab-v1.0.0:SIE_OLD_MR_REGIME_EXHAUSTION_CONFIRM_V1,1790481600000,2026-09-27T04:00:00+00:00,84375.31,84484.3,84274.01,84316.8,62.47214565142099,84171.1335,83848.49000081522,83726.3603,190.97428571428568,0.0022649612617448205,67.85108610099101,1.249999999999981,False,PLANNED_REWARD_TOO_LOW|RSI_NOT_BELOW_32|CLOSE_NOT_NEAR_OR_BELOW_LOWER_BB|RSI_RECOVERY_NOT_CONFIRMED
2026-09-27T08:02:23.551220+00:00,SIE_OLD_MR_REGIME_EXHAUSTION_CONFIRM_V1,BTC,BTCUSDT,strategy-lab-v1.0.0:SIE_OLD_MR_REGIME_EXHAUSTION_CONFIRM_V1,1790485200000,2026-09-27T05:00:00+00:00,84316.8,84638.4,84300.48,84442.65,62.27130541565396,84192.6185,83857.96607630314,83742.45465,201.25357142857163,0.0023833166229218486,62.47214565142099,1.250000000000018,False,RSI_NOT_BELOW_32|CLOSE_NOT_NEAR_OR_BELOW_LOWER_BB|RSI_RECOVERY_NOT_CONFIRMED
2026-09-27T08:02:23.551220+00:00,SIE_OLD_MR_REGIME_EXHAUSTION_CONFIRM_V1,BTC,BTCUSDT,strategy-lab-v1.0.0:SIE_OLD_MR_REGIME_EXHAUSTION_CONFIRM_V1,1790488800000,2026-09-27T06:00:00+00:00,84442.65,84613.82,84442.65,84494.5,66.06422396047802,84208.76599999999,83849.47922132429,83759.2597,208.16500000000087,0.0024636514802738744,62.27130541565396,1.2500000000000349,False,RSI_NOT_BELOW_32|CLOSE_NOT_NEAR_OR_BELOW_LOWER_BB
2026-09-27T08:02:23.551220+00:00,SIE_OLD_MR_REGIME_EXHAUSTION_CONFIRM_V1,BTC,BTCUSDT,strategy-lab-v1.0.0:SIE_OLD_MR_REGIME_EXHAUSTION_CONFIRM_V1,1790492400000,2026-09-27T07:00:00+00:00,84495.37,84791.21,84456.88,84773.26,71.9801212846387,84239.6725,83805.59707628872,83778.7508,224.02000000000095,0.002642578567817269,66.06422396047802,1.2500000000000162,False,RSI_NOT_BELOW_32|CLOSE_NOT_NEAR_OR_BELOW_LOWER_BB
2026-09-27T08:02:23.551220+00:00,SIE_OLD_MR_REGIME_EXHAUSTION_CONFIRM_V1,BTC,BTCUSDT,strategy-lab-v1.0.0:SIE_OLD_MR_REGIME_EXHAUSTION_CONFIRM_V1,1790496000000,2026-09-27T08:00:00+00:00,84773.26,84786.67,84701.76,84750.91,77.77981840087098,84275.3785,83798.55327599638,83794.21725,215.9071428571437,0.002547549552649567,71.9801212846387,1.25,False,RSI_NOT_BELOW_32|CLOSE_NOT_NEAR_OR_BELOW_LOWER_BB|RSI_RECOVERY_NOT_CONFIRMED
2026-09-27T08:02:23.551220+00:00,SIE_OLD_MR_REGIME_EXHAUSTION_CONFIRM_V1,SOL,SOLUSDT,strategy-lab-v1.0.0:SIE_OLD_MR_REGIME_EXHAUSTION_CONFIRM_V1,1790470800000,2026-09-27T01:00:00+00:00,120.82,121.57,120.65,121.42,51.290877796901945,120.9875,120.04875882160766,115.779,0.8635714285714268,0.007112266748241038,51.78875638841562,1.2500000000000042,False,RSI_NOT_BELOW_32|CLOSE_NOT_NEAR_OR_BELOW_LOWER_BB|RSI_RECOVERY_NOT_CONFIRMED
2026-09-27T08:02:23.551220+00:00,SIE_OLD_MR_REGIME_EXHAUSTION_CONFIRM_V1,SOL,SOLUSDT,strategy-lab-v1.0.0:SIE_OLD_MR_REGIME_EXHAUSTION_CONFIRM_V1,1790474400000,2026-09-27T02:00:00+00:00,121.42,121.66,121.06,121.13,50.59422750424443,121.0335,120.16405707489827,115.82395000000001,0.8592857142857123,0.00709391326909694,51.290877796901945,1.2499999999999958,False,PLANNED_REWARD_TOO_LOW|RSI_NOT_BELOW_32|CLOSE_NOT_NEAR_OR_BELOW_LOWER_BB|RSI_RECOVERY_NOT_CONFIRMED
2026-09-27T08:02:23.551220+00:00,SIE_OLD_MR_REGIME_EXHAUSTION_CONFIRM_V1,SOL,SOLUSDT,strategy-lab-v1.0.0:SIE_OLD_MR_REGIME_EXHAUSTION_CONFIRM_V1,1790478000000,2026-09-27T03:00:00+00:00,121.13,121.35,120.52,120.57,48.455284552845434,121.025,120.1410429874652,115.8557,0.8414285714285695,0.006978755672460559,50.59422750424443,1.2499999999999916,False,PLANNED_REWARD_TOO_LOW|RSI_NOT_BELOW_32|CLOSE_NOT_NEAR_OR_BELOW_LOWER_BB|RSI_RECOVERY_NOT_CONFIRMED
2026-09-27T08:02:23.551220+00:00,SIE_OLD_MR_REGIME_EXHAUSTION_CONFIRM_V1,SOL,SOLUSDT,strategy-lab-v1.0.0:SIE_OLD_MR_REGIME_EXHAUSTION_CONFIRM_V1,1790481600000,2026-09-27T04:00:00+00:00,120.56,120.85,120.09,120.14,43.661971830985884,120.998,120.04337756154099,115.88885,0.8592857142857123,0.007152369854217682,48.455284552845434,1.2499999999999958,False,PLANNED_REWARD_TOO_LOW|RSI_NOT_BELOW_32|CLOSE_NOT_NEAR_OR_BELOW_LOWER_BB|RSI_RECOVERY_NOT_CONFIRMED
2026-09-27T08:02:23.551220+00:00,SIE_OLD_MR_REGIME_EXHAUSTION_CONFIRM_V1,SOL,SOLUSDT,strategy-lab-v1.0.0:SIE_OLD_MR_REGIME_EXHAUSTION_CONFIRM_V1,1790485200000,2026-09-27T05:00:00+00:00,120.14,121.45,120.11,121.08,43.925233644859794,121.054,120.22658474753636,115.9284,0.8614285714285695,0.007114540563499913,43.661971830985884,1.25,False,RSI_NOT_BELOW_32|CLOSE_NOT_NEAR_OR_BELOW_LOWER_BB
2026-09-27T08:02:23.551220+00:00,SIE_OLD_MR_REGIME_EXHAUSTION_CONFIRM_V1,SOL,SOLUSDT,strategy-lab-v1.0.0:SIE_OLD_MR_REGIME_EXHAUSTION_CONFIRM_V1,1790488800000,2026-09-27T06:00:00+00:00,121.06,121.55,121.06,121.31,47.58190327613102,121.0885,120.27899953674535,115.9691,0.8599999999999984,0.007089275410106326,43.925233644859794,1.2500000000000042,False,RSI_NOT_BELOW_32|CLOSE_NOT_NEAR_OR_BELOW_LOWER_BB
2026-09-27T08:02:23.551220+00:00,SIE_OLD_MR_REGIME_EXHAUSTION_CONFIRM_V1,SOL,SOLUSDT,strategy-lab-v1.0.0:SIE_OLD_MR_REGIME_EXHAUSTION_CONFIRM_V1,1790492400000,2026-09-27T07:00:00+00:00,121.29,124.37,121.27,124.09,64.41988950276243,121.2295,119.68970163657393,116.02605,1.0349999999999986,0.008340720444838412,47.58190327613102,1.2500000000000069,False,RSI_NOT_BELOW_32|CLOSE_NOT_NEAR_OR_BELOW_LOWER_BB
2026-09-27T08:02:23.551220+00:00,SIE_OLD_MR_REGIME_EXHAUSTION_CONFIRM_V1,XRP,XRPUSDT,strategy-lab-v1.0.0:SIE_OLD_MR_REGIME_EXHAUSTION_CONFIRM_V1,1790470800000,2026-09-27T01:00:00+00:00,1.5173,1.5257,1.5144,1.5234,37.98767967145788,1.536225,1.509930599455413,1.4974945,0.012228571428571413,0.008027157298523968,32.22453222453211,1.25,False,RSI_NOT_BELOW_32|CLOSE_NOT_NEAR_OR_BELOW_LOWER_BB
2026-09-27T08:02:23.551220+00:00,SIE_OLD_MR_REGIME_EXHAUSTION_CONFIRM_V1,XRP,XRPUSDT,strategy-lab-v1.0.0:SIE_OLD_MR_REGIME_EXHAUSTION_CONFIRM_V1,1790474400000,2026-09-27T02:00:00+00:00,1.5234,1.5292,1.5195,1.5203,38.38174273858915,1.53481,1.508286810146606,1.4981665000000002,0.012192857142857116,0.008020033639977055,37.98767967145788,1.2499999999999953,False,PLANNED_REWARD_TOO_LOW|RSI_NOT_BELOW_32|CLOSE_NOT_NEAR_OR_BELOW_LOWER_BB|RSI_RECOVERY_NOT_CONFIRMED
2026-09-27T08:02:23.551220+00:00,SIE_OLD_MR_REGIME_EXHAUSTION_CONFIRM_V1,XRP,XRPUSDT,strategy-lab-v1.0.0:SIE_OLD_MR_REGIME_EXHAUSTION_CONFIRM_V1,1790478000000,2026-09-27T03:00:00+00:00,1.5202,1.5219,1.5147,1.5151,36.963036963036885,1.53294,1.50639566727154,1.4986825,0.01184999999999998,0.007821265923041372,38.38174273858915,1.25,False,RSI_NOT_BELOW_32|CLOSE_NOT_NEAR_OR_BELOW_LOWER_BB|RSI_RECOVERY_NOT_CONFIRMED
2026-09-27T08:02:23.551220+00:00,SIE_OLD_MR_REGIME_EXHAUSTION_CONFIRM_V1,XRP,XRPUSDT,strategy-lab-v1.0.0:SIE_OLD_MR_REGIME_EXHAUSTION_CONFIRM_V1,1790481600000,2026-09-27T04:00:00+00:00,1.5152,1.5184,1.5056,1.507,31.141199226305403,1.53083,1.5031083045251699,1.4992044999999998,0.01225714285714284,0.008133472367048998,36.963036963036885,1.2500000000000044,False,CLOSE_NOT_NEAR_OR_BELOW_LOWER_BB|RSI_RECOVERY_NOT_CONFIRMED
2026-09-27T08:02:23.551220+00:00,SIE_OLD_MR_REGIME_EXHAUSTION_CONFIRM_V1,XRP,XRPUSDT,strategy-lab-v1.0.0:SIE_OLD_MR_REGIME_EXHAUSTION_CONFIRM_V1,1790485200000,2026-09-27T05:00:00+00:00,1.507,1.5241,1.5066,1.5189,34.55882352941164,1.529715,1.5019575307349675,1.499795,0.012807142857142842,0.008431853879217093,31.141199226305403,1.2499999999999956,False,PLANNED_REWARD_TOO_LOW|RSI_NOT_BELOW_32|CLOSE_NOT_NEAR_OR_BELOW_LOWER_BB
2026-09-27T08:02:23.551220+00:00,SIE_OLD_MR_REGIME_EXHAUSTION_CONFIRM_V1,XRP,XRPUSDT,strategy-lab-v1.0.0:SIE_OLD_MR_REGIME_EXHAUSTION_CONFIRM_V1,1790488800000,2026-09-27T06:00:00+00:00,1.5191,1.5251,1.5178,1.5214,38.15413891531873,1.5282049999999998,1.502139814406967,1.500412,0.01274285714285712,0.008375744145429945,34.55882352941164,1.2500000000000044,False,RSI_NOT_BELOW_32|CLOSE_NOT_NEAR_OR_BELOW_LOWER_BB
2026-09-27T08:02:23.551220+00:00,SIE_OLD_MR_REGIME_EXHAUSTION_CONFIRM_V1,XRP,XRPUSDT,strategy-lab-v1.0.0:SIE_OLD_MR_REGIME_EXHAUSTION_CONFIRM_V1,1790492400000,2026-09-27T07:00:00+00:00,1.5213,1.5399,1.5197,1.5383,50.847457627118665,1.5277800000000001,1.5026822232060442,1.5011234999999998,0.013199999999999974,0.008580900994604417,38.15413891531873,1.2500000000000084,False,RSI_NOT_BELOW_32|CLOSE_NOT_NEAR_OR_BELOW_LOWER_BB
2026-09-27T08:02:23.551220+00:00,SIE_OLD_MR_REGIME_EXHAUSTION_CONFIRM_V1,DOGE,DOGEUSDT,strategy-lab-v1.0.0:SIE_OLD_MR_REGIME_EXHAUSTION_CONFIRM_V1,1790470800000,2026-09-27T01:00:00+00:00,0.09627,0.09677,0.09598,0.09656,42.419825072886326,0.09727,0.09579178486004071,0.0940973,0.0008135714285714274,0.008425553319919505,36.953455571227046,1.2499999999999958,False,PLANNED_REWARD_TOO_LOW|RSI_NOT_BELOW_32|CLOSE_NOT_NEAR_OR_BELOW_LOWER_BB
2026-09-27T08:02:23.551220+00:00,SIE_OLD_MR_REGIME_EXHAUSTION_CONFIRM_V1,DOGE,DOGEUSDT,strategy-lab-v1.0.0:SIE_OLD_MR_REGIME_EXHAUSTION_CONFIRM_V1,1790474400000,2026-09-27T02:00:00+00:00,0.09661,0.09677,0.09624,0.09628,42.419825072886326,0.09721250000000001,0.09567536142459282,0.09414199999999999,0.0007992857142857127,0.008301679624903538,42.419825072886326,1.2500000000000044,False,RSI_NOT_BELOW_32|CLOSE_NOT_NEAR_OR_BELOW_LOWER_BB|RSI_RECOVERY_NOT_CONFIRMED
2026-09-27T08:02:23.551220+00:00,SIE_OLD_MR_REGIME_EXHAUSTION_CONFIRM_V1,DOGE,DOGEUSDT,strategy-lab-v1.0.0:SIE_OLD_MR_REGIME_EXHAUSTION_CONFIRM_V1,1790478000000,2026-09-27T03:00:00+00:00,0.09628,0.09646,0.09608,0.09609,42.73127753303963,0.09712000000000001,0.09554687572010194,0.0941826,0.0007692857142857135,0.008005887337763695,42.419825072886326,1.2499999999999956,False,PLANNED_REWARD_TOO_LOW|RSI_NOT_BELOW_32|CLOSE_NOT_NEAR_OR_BELOW_LOWER_BB|RSI_RECOVERY_NOT_CONFIRMED
2026-09-27T08:02:23.551220+00:00,SIE_OLD_MR_REGIME_EXHAUSTION_CONFIRM_V1,DOGE,DOGEUSDT,strategy-lab-v1.0.0:SIE_OLD_MR_REGIME_EXHAUSTION_CONFIRM_V1,1790481600000,2026-09-27T04:00:00+00:00,0.09608,0.09621,0.09535,0.09554,32.37082066869303,0.09700800000000001,0.0953237482373455,0.094219,0.0007707142857142843,0.008066927838751145,42.73127753303963,1.25,False,RSI_NOT_BELOW_32|CLOSE_NOT_NEAR_OR_BELOW_LOWER_BB|RSI_RECOVERY_NOT_CONFIRMED
2026-09-27T08:02:23.551220+00:00,SIE_OLD_MR_REGIME_EXHAUSTION_CONFIRM_V1,DOGE,DOGEUSDT,strategy-lab-v1.0.0:SIE_OLD_MR_REGIME_EXHAUSTION_CONFIRM_V1,1790485200000,2026-09-27T05:00:00+00:00,0.09556,0.09656,0.09556,0.09633,32.16463414634157,0.0969665,0.09525853893486859,0.09425975000000002,0.0007714285714285707,0.00800818614583796,32.37082066869303,1.2500000000000044,False,RSI_NOT_BELOW_32|CLOSE_NOT_NEAR_OR_BELOW_LOWER_BB|RSI_RECOVERY_NOT_CONFIRMED
2026-09-27T08:02:23.551220+00:00,SIE_OLD_MR_REGIME_EXHAUSTION_CONFIRM_V1,DOGE,DOGEUSDT,strategy-lab-v1.0.0:SIE_OLD_MR_REGIME_EXHAUSTION_CONFIRM_V1,1790488800000,2026-09-27T06:00:00+00:00,0.09632,0.09706,0.09628,0.09695,39.45086705202314,0.096908,0.09528399753694619,0.09430405,0.0007857142857142844,0.00810432476239592,32.16463414634157,1.25,False,RSI_NOT_BELOW_32|CLOSE_NOT_NEAR_OR_BELOW_LOWER_BB
2026-09-27T08:02:23.551220+00:00,SIE_OLD_MR_REGIME_EXHAUSTION_CONFIRM_V1,DOGE,DOGEUSDT,strategy-lab-v1.0.0:SIE_OLD_MR_REGIME_EXHAUSTION_CONFIRM_V1,1790492400000,2026-09-27T07:00:00+00:00,0.0969,0.09814,0.09684,0.09809,52.58152173913036,0.0969325,0.09525362090965286,0.09435715,0.0008185714285714284,0.008345105806620741,39.45086705202314,1.2500000000000042,False,RSI_NOT_BELOW_32|CLOSE_NOT_NEAR_OR_BELOW_LOWER_BB
2026-09-27T08:02:23.551220+00:00,SIE_OLD_MR_REGIME_EXHAUSTION_CONFIRM_V1,DOGE,DOGEUSDT,strategy-lab-v1.0.0:SIE_OLD_MR_REGIME_EXHAUSTION_CONFIRM_V1,1790496000000,2026-09-27T08:00:00+00:00,0.09811,0.09811,0.0979,0.09798,56.08695652173906,0.0969655,0.09523238171205632,0.09440754999999999,0.000768571428571429,0.007844166447963145,52.58152173913036,1.250000000000009,False,RSI_NOT_BELOW_32|CLOSE_NOT_NEAR_OR_BELOW_LOWER_BB|RSI_RECOVERY_NOT_CONFIRMED
2026-09-27T08:02:23.551220+00:00,SIE_OLD_MR_REGIME_EXHAUSTION_CONFIRM_V1,BNB,BNBUSDT,strategy-lab-v1.0.0:SIE_OLD_MR_REGIME_EXHAUSTION_CONFIRM_V1,1790470800000,2026-09-27T01:00:00+00:00,772.5,774.2,771.96,773.57,45.34812076401728,772.8389999999999,770.0830834555383,774.53985,2.127142857142839,0.0027497742378102034,46.404833836858195,1.2500000000000266,False,TREND_SUPPORT_NOT_CONFIRMED|RSI_NOT_BELOW_32|CLOSE_NOT_NEAR_OR_BELOW_LOWER_BB|CLOSE_NOT_ABOVE_MA200|RSI_RECOVERY_NOT_CONFIRMED
2026-09-27T08:02:23.551220+00:00,SIE_OLD_MR_REGIME_EXHAUSTION_CONFIRM_V1,BNB,BNBUSDT,strategy-lab-v1.0.0:SIE_OLD_MR_REGIME_EXHAUSTION_CONFIRM_V1,1790474400000,2026-09-27T02:00:00+00:00,773.75,774.33,772.01,772.22,44.87804878048795,772.845,770.0950290910561,774.57925,2.157142857142844,0.002793430443581938,45.34812076401728,1.25,False,TREND_SUPPORT_NOT_CONFIRMED|RSI_NOT_BELOW_32|CLOSE_NOT_NEAR_OR_BELOW_LOWER_BB|CLOSE_NOT_ABOVE_MA200|RSI_RECOVERY_NOT_CONFIRMED
2026-09-27T08:02:23.551220+00:00,SIE_OLD_MR_REGIME_EXHAUSTION_CONFIRM_V1,BNB,BNBUSDT,strategy-lab-v1.0.0:SIE_OLD_MR_REGIME_EXHAUSTION_CONFIRM_V1,1790478000000,2026-09-27T03:00:00+00:00,772.48,773.07,771.33,771.41,47.361647361647215,772.731,769.9418431381441,774.60595,2.0649999999999897,0.002676916296133042,44.87804878048795,1.2500000000000138,False,TREND_SUPPORT_NOT_CONFIRMED|RSI_NOT_BELOW_32|CLOSE_NOT_NEAR_OR_BELOW_LOWER_BB|CLOSE_NOT_ABOVE_MA200|RSI_RECOVERY_NOT_CONFIRMED
2026-09-27T08:02:23.551220+00:00,SIE_OLD_MR_REGIME_EXHAUSTION_CONFIRM_V1,BNB,BNBUSDT,strategy-lab-v1.0.0:SIE_OLD_MR_REGIME_EXHAUSTION_CONFIRM_V1,1790481600000,2026-09-27T04:00:00+00:00,771.4,772.71,770.68,770.78,39.450171821305716,772.5975,769.705097019771,774.6425,2.057857142857139,0.0026698372335259594,47.361647361647215,1.2500000000000138,False,TREND_SUPPORT_NOT_CONFIRMED|RSI_NOT_BELOW_32|CLOSE_NOT_NEAR_OR_BELOW_LOWER_BB|CLOSE_NOT_ABOVE_MA200|RSI_RECOVERY_NOT_CONFIRMED
2026-09-27T08:02:23.551220+00:00,SIE_OLD_MR_REGIME_EXHAUSTION_CONFIRM_V1,BNB,BNBUSDT,strategy-lab-v1.0.0:SIE_OLD_MR_REGIME_EXHAUSTION_CONFIRM_V1,1790485200000,2026-09-27T05:00:00+00:00,771.4,774.7,771.4,773.12,46.89572031344194,772.692,769.8616530247975,774.68955,2.257142857142859,0.00291952459791864,39.450171821305716,1.2499999999999873,False,TREND_SUPPORT_NOT_CONFIRMED|PLANNED_REWARD_TOO_LOW|RSI_NOT_BELOW_32|CLOSE_NOT_NEAR_OR_BELOW_LOWER_BB|CLOSE_NOT_ABOVE_MA200
2026-09-27T08:02:23.551220+00:00,SIE_OLD_MR_REGIME_EXHAUSTION_CONFIRM_V1,BNB,BNBUSDT,strategy-lab-v1.0.0:SIE_OLD_MR_REGIME_EXHAUSTION_CONFIRM_V1,1790488800000,2026-09-27T06:00:00+00:00,773.12,774.83,773.12,774.68,50.78212290502785,772.7320000000001,769.8143598576869,774.74295,2.304285714285722,0.002974500070075027,46.89572031344194,1.2499999999999754,False,TREND_SUPPORT_NOT_CONFIRMED|PLANNED_REWARD_TOO_LOW|RSI_NOT_BELOW_32|CLOSE_NOT_NEAR_OR_BELOW_LOWER_BB|CLOSE_NOT_ABOVE_MA200
2026-09-27T08:02:23.551220+00:00,SIE_OLD_MR_REGIME_EXHAUSTION_CONFIRM_V1,BNB,BNBUSDT,strategy-lab-v1.0.0:SIE_OLD_MR_REGIME_EXHAUSTION_CONFIRM_V1,1790492400000,2026-09-27T07:00:00+00:00,774.82,778.4,774.82,778.39,64.4187216909914,772.8975,769.195738932611,774.8282,2.412142857142872,0.0030988872636376007,50.78212290502785,1.2500000000000118,False,TREND_SUPPORT_NOT_CONFIRMED|RSI_NOT_BELOW_32|CLOSE_NOT_NEAR_OR_BELOW_LOWER_BB
2026-09-27T08:02:23.551220+00:00,SIE_OLD_MR_REGIME_EXHAUSTION_CONFIRM_V1,BNB,BNBUSDT,strategy-lab-v1.0.0:SIE_OLD_MR_REGIME_EXHAUSTION_CONFIRM_V1,1790496000000,2026-09-27T08:00:00+00:00,778.4,778.59,777.92,778.22,68.85422270037637,773.1134999999999,768.7567568356583,774.89995,2.266428571428589,0.0029123237277743938,64.4187216909914,1.25,False,TREND_SUPPORT_NOT_CONFIRMED|RSI_NOT_BELOW_32|CLOSE_NOT_NEAR_OR_BELOW_LOWER_BB|RSI_RECOVERY_NOT_CONFIRMED
2026-09-27T08:02:23.551220+00:00,SIE_OLD_MR_REGIME_EXHAUSTION_CONFIRM_V1,PAXG,PAXGUSDT,strategy-lab-v1.0.0:SIE_OLD_MR_REGIME_EXHAUSTION_CONFIRM_V1,1790470800000,2026-09-27T01:00:00+00:00,4279.55,4280.35,4277.55,4279.71,48.331907613343546,4278.903,4276.514401247204,4320.12155,1.9764285714285117,0.0004618136676149813,49.58263772955161,1.25000000000023,False,TREND_SUPPORT_NOT_CONFIRMED|RSI_NOT_BELOW_32|CLOSE_NOT_NEAR_OR_BELOW_LOWER_BB|CLOSE_NOT_ABOVE_MA200|RSI_RECOVERY_NOT_CONFIRMED
2026-09-27T08:02:23.551220+00:00,SIE_OLD_MR_REGIME_EXHAUSTION_CONFIRM_V1,PAXG,PAXGUSDT,strategy-lab-v1.0.0:SIE_OLD_MR_REGIME_EXHAUSTION_CONFIRM_V1,1790474400000,2026-09-27T02:00:00+00:00,4279.71,4280.72,4277.57,4279.02,47.75993237531823,4278.782999999999,4276.689322851569,4319.6449,2.0764285714285506,0.0004852579729537489,48.331907613343546,1.25,False,TREND_SUPPORT_NOT_CONFIRMED|RSI_NOT_BELOW_32|CLOSE_NOT_NEAR_OR_BELOW_LOWER_BB|CLOSE_NOT_ABOVE_MA200|RSI_RECOVERY_NOT_CONFIRMED
2026-09-27T08:02:23.551220+00:00,SIE_OLD_MR_REGIME_EXHAUSTION_CONFIRM_V1,PAXG,PAXGUSDT,strategy-lab-v1.0.0:SIE_OLD_MR_REGIME_EXHAUSTION_CONFIRM_V1,1790478000000,2026-09-27T03:00:00+00:00,4280.33,4280.33,4272.97,4278.1,50.8550855085531,4278.663,4276.706072816415,4319.18485,2.436428571428548,0.000569511832689406,47.75993237531823,1.2500000000000933,False,TREND_SUPPORT_NOT_CONFIRMED|RSI_NOT_BELOW_32|CLOSE_NOT_NEAR_OR_BELOW_LOWER_BB|CLOSE_NOT_ABOVE_MA200|RSI_RECOVERY_NOT_CONFIRMED
2026-09-27T08:02:23.551220+00:00,SIE_OLD_MR_REGIME_EXHAUSTION_CONFIRM_V1,PAXG,PAXGUSDT,strategy-lab-v1.0.0:SIE_OLD_MR_REGIME_EXHAUSTION_CONFIRM_V1,1790481600000,2026-09-27T04:00:00+00:00,4277.01,4278.46,4275.07,4276.01,41.29082426127651,4278.575999999999,4276.330948552515,4318.712049999999,2.504285714285743,0.0005856594615741644,50.8550855085531,1.2500000000000908,False,TREND_SUPPORT_NOT_CONFIRMED|RSI_NOT_BELOW_32|CLOSE_NOT_ABOVE_MA200|RSI_RECOVERY_NOT_CONFIRMED
2026-09-27T08:02:23.551220+00:00,SIE_OLD_MR_REGIME_EXHAUSTION_CONFIRM_V1,PAXG,PAXGUSDT,strategy-lab-v1.0.0:SIE_OLD_MR_REGIME_EXHAUSTION_CONFIRM_V1,1790485200000,2026-09-27T05:00:00+00:00,4277.19,4277.71,4275.97,4277.6,45.250181290792575,4278.521,4276.237232060421,4318.23285,2.516428571428605,0.0005882804777044617,41.29082426127651,1.2499999999999096,False,TREND_SUPPORT_NOT_CONFIRMED|PLANNED_REWARD_TOO_LOW|RSI_NOT_BELOW_32|CLOSE_NOT_NEAR_OR_BELOW_LOWER_BB|CLOSE_NOT_ABOVE_MA200
2026-09-27T08:02:23.551220+00:00,SIE_OLD_MR_REGIME_EXHAUSTION_CONFIRM_V1,PAXG,PAXGUSDT,strategy-lab-v1.0.0:SIE_OLD_MR_REGIME_EXHAUSTION_CONFIRM_V1,1790488800000,2026-09-27T06:00:00+00:00,4277.59,4279.51,4276.72,4278.18,54.429369513170485,4278.4475,4276.219874582242,4317.7514,2.5185714285714442,0.0005887016040866546,45.250181290792575,1.2500000000000904,False,TREND_SUPPORT_NOT_CONFIRMED|RSI_NOT_BELOW_32|CLOSE_NOT_NEAR_OR_BELOW_LOWER_BB|CLOSE_NOT_ABOVE_MA200
2026-09-27T08:02:23.551220+00:00,SIE_OLD_MR_REGIME_EXHAUSTION_CONFIRM_V1,PAXG,PAXGUSDT,strategy-lab-v1.0.0:SIE_OLD_MR_REGIME_EXHAUSTION_CONFIRM_V1,1790492400000,2026-09-27T07:00:00+00:00,4278.18,4279.5,4277.71,4277.94,53.369905956111275,4278.3395,4276.2368780649285,4317.295950000001,2.5607142857143117,0.0005985858347041594,54.429369513170485,1.2500000000000888,False,TREND_SUPPORT_NOT_CONFIRMED|RSI_NOT_BELOW_32|CLOSE_NOT_NEAR_OR_BELOW_LOWER_BB|CLOSE_NOT_ABOVE_MA200|RSI_RECOVERY_NOT_CONFIRMED
2026-09-27T08:02:23.551220+00:00,SIE_OLD_MR_REGIME_EXHAUSTION_CONFIRM_V1,PAXG,PAXGUSDT,strategy-lab-v1.0.0:SIE_OLD_MR_REGIME_EXHAUSTION_CONFIRM_V1,1790496000000,2026-09-27T08:00:00+00:00,4279.3,4279.3,4279.3,4279.3,58.149466192169534,4278.326999999999,4276.250501986073,4316.8619,2.5150000000000676,0.0005877129437057621,53.369905956111275,1.2499999999999096,False,TREND_SUPPORT_NOT_CONFIRMED|PLANNED_REWARD_TOO_LOW|RSI_NOT_BELOW_32|CLOSE_NOT_NEAR_OR_BELOW_LOWER_BB|CLOSE_NOT_ABOVE_MA200
2026-09-27T13:52:42.387068+00:00,SIE_OLD_MR_REGIME_EXHAUSTION_CONFIRM_V1,BTC,BTCUSDT,strategy-lab-v1.0.0:SIE_OLD_MR_REGIME_EXHAUSTION_CONFIRM_V1,1790499600000,2026-09-27T09:00:00+00:00,84775.68,84948.44,84575.04,84942.04,81.34560444317255,84326.953,83790.93396194345,83812.7388,244.65857142857254,0.00288030016030428,79.11593889555805,1.2499999999999851,False,PLANNED_REWARD_TOO_LOW|RSI_NOT_BELOW_32|CLOSE_NOT_NEAR_OR_BELOW_LOWER_BB
2026-09-27T13:52:42.387068+00:00,SIE_OLD_MR_REGIME_EXHAUSTION_CONFIRM_V1,BTC,BTCUSDT,strategy-lab-v1.0.0:SIE_OLD_MR_REGIME_EXHAUSTION_CONFIRM_V1,1790503200000,2026-09-27T10:00:00+00:00,84942.04,85112.37,84781.79,84861.71,76.98687335597839,84369.31049999999,83805.55974793484,83830.6671,248.9871428571444,0.002934034004937496,81.34560444317255,1.2500000000000147,False,RSI_NOT_BELOW_32|CLOSE_NOT_NEAR_OR_BELOW_LOWER_BB|RSI_RECOVERY_NOT_CONFIRMED
2026-09-27T13:52:42.387068+00:00,SIE_OLD_MR_REGIME_EXHAUSTION_CONFIRM_V1,BTC,BTCUSDT,strategy-lab-v1.0.0:SIE_OLD_MR_REGIME_EXHAUSTION_CONFIRM_V1,1790506800000,2026-09-27T11:00:00+00:00,84861.72,84935.81,84796.52,84877.02,75.31671574334167,84405.8185,83810.72143523998,83849.527,241.93071428571525,0.002850367676500839,76.98687335597839,1.249999999999985,False,PLANNED_REWARD_TOO_LOW|RSI_NOT_BELOW_32|CLOSE_NOT_NEAR_OR_BELOW_LOWER_BB|RSI_RECOVERY_NOT_CONFIRMED
2026-09-27T13:52:42.387068+00:00,SIE_OLD_MR_REGIME_EXHAUSTION_CONFIRM_V1,BTC,BTCUSDT,strategy-lab-v1.0.0:SIE_OLD_MR_REGIME_EXHAUSTION_CONFIRM_V1,1790510400000,2026-09-27T12:00:00+00:00,84877.03,85019.0,84777.77,84783.89,68.16289859548459,84439.798,83839.85881853326,83868.4344,239.8185714285719,0.002828586556108382,75.31671574334167,1.250000000000015,False,RSI_NOT_BELOW_32|CLOSE_NOT_NEAR_OR_BELOW_LOWER_BB|RSI_RECOVERY_NOT_CONFIRMED
2026-09-27T13:52:42.387068+00:00,SIE_OLD_MR_REGIME_EXHAUSTION_CONFIRM_V1,BTC,BTCUSDT,strategy-lab-v1.0.0:SIE_OLD_MR_REGIME_EXHAUSTION_CONFIRM_V1,1790514000000,2026-09-27T13:00:00+00:00,84783.88,85158.5,84612.16,84860.21,66.41939113954136,84476.4765,83867.96895249879,83887.62295,264.26571428571435,0.003114129864700009,68.16289859548459,1.25,False,RSI_NOT_BELOW_32|CLOSE_NOT_NEAR_OR_BELOW_LOWER_BB|RSI_RECOVERY_NOT_CONFIRMED
2026-09-27T13:52:42.387068+00:00,SIE_OLD_MR_REGIME_EXHAUSTION_CONFIRM_V1,SOL,SOLUSDT,strategy-lab-v1.0.0:SIE_OLD_MR_REGIME_EXHAUSTION_CONFIRM_V1,1790496000000,2026-09-27T08:00:00+00:00,124.1,124.93,123.92,124.07,67.5550405561992,121.38,119.40811765056655,116.0782,1.0464285714285697,0.008434178862163052,64.41988950276243,1.2500000000000033,False,RSI_NOT_BELOW_32|CLOSE_NOT_NEAR_OR_BELOW_LOWER_BB|RSI_RECOVERY_NOT_CONFIRMED
2026-09-27T13:52:42.387068+00:00,SIE_OLD_MR_REGIME_EXHAUSTION_CONFIRM_V1,SOL,SOLUSDT,strategy-lab-v1.0.0:SIE_OLD_MR_REGIME_EXHAUSTION_CONFIRM_V1,1790499600000,2026-09-27T09:00:00+00:00,124.07,124.49,123.34,124.44,68.60986547085194,121.56400000000001,119.20842448645618,116.13345000000001,1.0942857142857119,0.008793681406989006,67.5550405561992,1.25,False,RSI_NOT_BELOW_32|CLOSE_NOT_NEAR_OR_BELOW_LOWER_BB
2026-09-27T13:52:42.387068+00:00,SIE_OLD_MR_REGIME_EXHAUSTION_CONFIRM_V1,SOL,SOLUSDT,strategy-lab-v1.0.0:SIE_OLD_MR_REGIME_EXHAUSTION_CONFIRM_V1,1790503200000,2026-09-27T10:00:00+00:00,124.4,124.77,123.83,123.99,71.24563445867278,121.71599999999998,119.1551376452438,116.18549999999999,1.0535714285714266,0.008497229039208215,68.60986547085194,1.2500000000000033,False,RSI_NOT_BELOW_32|CLOSE_NOT_NEAR_OR_BELOW_LOWER_BB|RSI_RECOVERY_NOT_CONFIRMED
2026-09-27T13:52:42.387068+00:00,SIE_OLD_MR_REGIME_EXHAUSTION_CONFIRM_V1,SOL,SOLUSDT,strategy-lab-v1.0.0:SIE_OLD_MR_REGIME_EXHAUSTION_CONFIRM_V1,1790506800000,2026-09-27T11:00:00+00:00,123.98,124.19,123.65,123.9,66.839378238342,121.81800000000001,119.08556079664937,116.23895,0.9885714285714258,0.007978784734232653,71.24563445867278,1.249999999999993,False,PLANNED_REWARD_TOO_LOW|RSI_NOT_BELOW_32|CLOSE_NOT_NEAR_OR_BELOW_LOWER_BB|RSI_RECOVERY_NOT_CONFIRMED
2026-09-27T13:52:42.387068+00:00,SIE_OLD_MR_REGIME_EXHAUSTION_CONFIRM_V1,SOL,SOLUSDT,strategy-lab-v1.0.0:SIE_OLD_MR_REGIME_EXHAUSTION_CONFIRM_V1,1790510400000,2026-09-27T12:00:00+00:00,123.91,124.37,123.31,123.32,63.54679802955652,121.90299999999999,119.09574440066325,116.2939,1.010714285714283,0.00819586673462766,66.839378238342,1.2500000000000036,False,RSI_NOT_BELOW_32|CLOSE_NOT_NEAR_OR_BELOW_LOWER_BB|RSI_RECOVERY_NOT_CONFIRMED
2026-09-27T13:52:42.387068+00:00,SIE_OLD_MR_REGIME_EXHAUSTION_CONFIRM_V1,SOL,SOLUSDT,strategy-lab-v1.0.0:SIE_OLD_MR_REGIME_EXHAUSTION_CONFIRM_V1,1790514000000,2026-09-27T13:00:00+00:00,123.33,123.67,122.32,122.87,59.01442307692306,121.97250000000001,119.14184724842352,116.34875,1.057142857142855,0.008603750770268209,63.54679802955652,1.2499999999999933,False,PLANNED_REWARD_TOO_LOW|RSI_NOT_BELOW_32|CLOSE_NOT_NEAR_OR_BELOW_LOWER_BB|RSI_RECOVERY_NOT_CONFIRMED
2026-09-27T13:52:42.387068+00:00,SIE_OLD_MR_REGIME_EXHAUSTION_CONFIRM_V1,XRP,XRPUSDT,strategy-lab-v1.0.0:SIE_OLD_MR_REGIME_EXHAUSTION_CONFIRM_V1,1790496000000,2026-09-27T08:00:00+00:00,1.5386,1.5428,1.5337,1.5345,56.551724137931004,1.52739,1.5029868116837315,1.5017554999999998,0.012485714285714258,0.008136666201182313,51.02222222222221,1.2499999999999956,False,PLANNED_REWARD_TOO_LOW|RSI_NOT_BELOW_32|CLOSE_NOT_NEAR_OR_BELOW_LOWER_BB|RSI_RECOVERY_NOT_CONFIRMED
2026-09-27T13:52:42.387068+00:00,SIE_OLD_MR_REGIME_EXHAUSTION_CONFIRM_V1,XRP,XRPUSDT,strategy-lab-v1.0.0:SIE_OLD_MR_REGIME_EXHAUSTION_CONFIRM_V1,1790499600000,2026-09-27T09:00:00+00:00,1.5345,1.5392,1.5268,1.5379,57.184466019417556,1.527225,1.5031551952646212,1.502385,0.012842857142857125,0.008350905223263622,56.551724137931004,1.25,False,RSI_NOT_BELOW_32|CLOSE_NOT_NEAR_OR_BELOW_LOWER_BB
2026-09-27T13:52:42.387068+00:00,SIE_OLD_MR_REGIME_EXHAUSTION_CONFIRM_V1,XRP,XRPUSDT,strategy-lab-v1.0.0:SIE_OLD_MR_REGIME_EXHAUSTION_CONFIRM_V1,1790503200000,2026-09-27T10:00:00+00:00,1.5379,1.5425,1.5352,1.538,64.48087431693989,1.5268249999999999,1.5037721151480063,1.5030105,0.01154999999999998,0.00750975292587775,57.184466019417556,1.2499999999999951,False,PLANNED_REWARD_TOO_LOW|RSI_NOT_BELOW_32|CLOSE_NOT_NEAR_OR_BELOW_LOWER_BB
2026-09-27T13:52:42.387068+00:00,SIE_OLD_MR_REGIME_EXHAUSTION_CONFIRM_V1,XRP,XRPUSDT,strategy-lab-v1.0.0:SIE_OLD_MR_REGIME_EXHAUSTION_CONFIRM_V1,1790506800000,2026-09-27T11:00:00+00:00,1.5378,1.54,1.5329,1.5375,58.490566037735896,1.526075,1.505577792873192,1.5036095,0.010785714285714272,0.007015098722415786,64.48087431693989,1.250000000000005,False,RSI_NOT_BELOW_32|CLOSE_NOT_NEAR_OR_BELOW_LOWER_BB|RSI_RECOVERY_NOT_CONFIRMED
2026-09-27T13:52:42.387068+00:00,SIE_OLD_MR_REGIME_EXHAUSTION_CONFIRM_V1,XRP,XRPUSDT,strategy-lab-v1.0.0:SIE_OLD_MR_REGIME_EXHAUSTION_CONFIRM_V1,1790510400000,2026-09-27T12:00:00+00:00,1.5375,1.546,1.5349,1.5351,58.34378920953567,1.525515,1.5067170985213965,1.5042140000000002,0.011021428571428562,0.00717961603245949,58.490566037735896,1.25,False,RSI_NOT_BELOW_32|CLOSE_NOT_NEAR_OR_BELOW_LOWER_BB|RSI_RECOVERY_NOT_CONFIRMED
2026-09-27T13:52:42.387068+00:00,SIE_OLD_MR_REGIME_EXHAUSTION_CONFIRM_V1,XRP,XRPUSDT,strategy-lab-v1.0.0:SIE_OLD_MR_REGIME_EXHAUSTION_CONFIRM_V1,1790514000000,2026-09-27T13:00:00+00:00,1.535,1.5374,1.5209,1.5301,51.88916876574314,1.5252000000000001,1.506938784268311,1.5047329999999999,0.011571428571428581,0.007562530927016915,58.34378920953567,1.2500000000000095,False,RSI_NOT_BELOW_32|CLOSE_NOT_NEAR_OR_BELOW_LOWER_BB|RSI_RECOVERY_NOT_CONFIRMED
2026-09-27T13:52:42.387068+00:00,SIE_OLD_MR_REGIME_EXHAUSTION_CONFIRM_V1,DOGE,DOGEUSDT,strategy-lab-v1.0.0:SIE_OLD_MR_REGIME_EXHAUSTION_CONFIRM_V1,1790499600000,2026-09-27T09:00:00+00:00,0.09782,0.09801,0.09724,0.09795,56.93848354792558,0.097002,0.0952309257497229,0.09445655,0.0008371428571428577,0.008546634580325245,54.97159090909083,1.2500000000000042,False,RSI_NOT_BELOW_32|CLOSE_NOT_NEAR_OR_BELOW_LOWER_BB
2026-09-27T13:52:42.387068+00:00,SIE_OLD_MR_REGIME_EXHAUSTION_CONFIRM_V1,DOGE,DOGEUSDT,strategy-lab-v1.0.0:SIE_OLD_MR_REGIME_EXHAUSTION_CONFIRM_V1,1790503200000,2026-09-27T10:00:00+00:00,0.09795,0.09817,0.09764,0.09769,65.56836902800657,0.0969935,0.09523741030980915,0.0945036,0.0007435714285714277,0.007611540880043277,56.93848354792558,1.2500000000000093,False,RSI_NOT_BELOW_32|CLOSE_NOT_NEAR_OR_BELOW_LOWER_BB|RSI_RECOVERY_NOT_CONFIRMED
2026-09-27T13:52:42.387068+00:00,SIE_OLD_MR_REGIME_EXHAUSTION_CONFIRM_V1,DOGE,DOGEUSDT,strategy-lab-v1.0.0:SIE_OLD_MR_REGIME_EXHAUSTION_CONFIRM_V1,1790506800000,2026-09-27T11:00:00+00:00,0.09767,0.09805,0.09747,0.09786,62.477558348294416,0.096953,0.09532041799593569,0.0945528,0.0007107142857142848,0.007262561677031318,65.56836902800657,1.25,False,RSI_NOT_BELOW_32|CLOSE_NOT_NEAR_OR_BELOW_LOWER_BB|RSI_RECOVERY_NOT_CONFIRMED
2026-09-27T13:52:42.387068+00:00,SIE_OLD_MR_REGIME_EXHAUSTION_CONFIRM_V1,DOGE,DOGEUSDT,strategy-lab-v1.0.0:SIE_OLD_MR_REGIME_EXHAUSTION_CONFIRM_V1,1790510400000,2026-09-27T12:00:00+00:00,0.09787,0.09888,0.09787,0.09816,65.51126516464468,0.0969405,0.09534943149110585,0.09460655,0.0007435714285714268,0.007575096053091145,62.477558348294416,1.2499999999999907,False,PLANNED_REWARD_TOO_LOW|RSI_NOT_BELOW_32|CLOSE_NOT_NEAR_OR_BELOW_LOWER_BB
2026-09-27T13:52:42.387068+00:00,SIE_OLD_MR_REGIME_EXHAUSTION_CONFIRM_V1,DOGE,DOGEUSDT,strategy-lab-v1.0.0:SIE_OLD_MR_REGIME_EXHAUSTION_CONFIRM_V1,1790514000000,2026-09-27T13:00:00+00:00,0.09812,0.09812,0.09689,0.0974,55.429497568881715,0.09692500000000001,0.09535836666702299,0.0946562,0.0008007142857142836,0.008220885890290386,65.51126516464468,1.2499999999999956,False,PLANNED_REWARD_TOO_LOW|RSI_NOT_BELOW_32|CLOSE_NOT_NEAR_OR_BELOW_LOWER_BB|RSI_RECOVERY_NOT_CONFIRMED
2026-09-27T13:52:42.387068+00:00,SIE_OLD_MR_REGIME_EXHAUSTION_CONFIRM_V1,BNB,BNBUSDT,strategy-lab-v1.0.0:SIE_OLD_MR_REGIME_EXHAUSTION_CONFIRM_V1,1790499600000,2026-09-27T09:00:00+00:00,778.54,780.1,776.68,779.84,73.00204918032767,773.5029999999999,768.2454754874503,774.9894,2.5592857142857333,0.0032818087226684106,69.50623982636971,1.249999999999989,False,TREND_SUPPORT_NOT_CONFIRMED|PLANNED_REWARD_TOO_LOW|RSI_NOT_BELOW_32|CLOSE_NOT_NEAR_OR_BELOW_LOWER_BB
2026-09-27T13:52:42.387068+00:00,SIE_OLD_MR_REGIME_EXHAUSTION_CONFIRM_V1,BNB,BNBUSDT,strategy-lab-v1.0.0:SIE_OLD_MR_REGIME_EXHAUSTION_CONFIRM_V1,1790503200000,2026-09-27T10:00:00+00:00,780.17,780.48,778.22,778.86,75.35695399259633,773.7535,767.999721154749,775.0754,2.3892857142857338,0.0030676703313634464,73.00204918032767,1.2499999999999762,False,TREND_SUPPORT_NOT_CONFIRMED|PLANNED_REWARD_TOO_LOW|RSI_NOT_BELOW_32|CLOSE_NOT_NEAR_OR_BELOW_LOWER_BB|RSI_RECOVERY_NOT_CONFIRMED
2026-09-27T13:52:42.387068+00:00,SIE_OLD_MR_REGIME_EXHAUSTION_CONFIRM_V1,BNB,BNBUSDT,strategy-lab-v1.0.0:SIE_OLD_MR_REGIME_EXHAUSTION_CONFIRM_V1,1790506800000,2026-09-27T11:00:00+00:00,778.36,780.21,778.36,780.02,72.93844367015073,774.047,767.6764612472681,775.1777999999999,2.25500000000002,0.0028909515140637674,75.35695399259633,1.2500000000000127,False,TREND_SUPPORT_NOT_CONFIRMED|RSI_NOT_BELOW_32|CLOSE_NOT_NEAR_OR_BELOW_LOWER_BB|RSI_RECOVERY_NOT_CONFIRMED
2026-09-27T13:52:42.387068+00:00,SIE_OLD_MR_REGIME_EXHAUSTION_CONFIRM_V1,BNB,BNBUSDT,strategy-lab-v1.0.0:SIE_OLD_MR_REGIME_EXHAUSTION_CONFIRM_V1,1790510400000,2026-09-27T12:00:00+00:00,780.1,783.05,779.62,779.62,70.0236966824643,774.308,767.4890540403917,775.2749,2.380714285714305,0.003053685495131352,72.93844367015073,1.249999999999976,False,TREND_SUPPORT_NOT_CONFIRMED|PLANNED_REWARD_TOO_LOW|RSI_NOT_BELOW_32|CLOSE_NOT_NEAR_OR_BELOW_LOWER_BB|RSI_RECOVERY_NOT_CONFIRMED
2026-09-27T13:52:42.387068+00:00,SIE_OLD_MR_REGIME_EXHAUSTION_CONFIRM_V1,BNB,BNBUSDT,strategy-lab-v1.0.0:SIE_OLD_MR_REGIME_EXHAUSTION_CONFIRM_V1,1790514000000,2026-09-27T13:00:00+00:00,779.31,781.07,776.61,779.09,66.50689035350501,774.6295,767.5503122641042,775.35285,2.630714285714313,0.0033766500477663847,70.0236966824643,1.2500000000000109,False,TREND_SUPPORT_NOT_CONFIRMED|RSI_NOT_BELOW_32|CLOSE_NOT_NEAR_OR_BELOW_LOWER_BB|RSI_RECOVERY_NOT_CONFIRMED
2026-09-27T13:52:42.387068+00:00,SIE_OLD_MR_REGIME_EXHAUSTION_CONFIRM_V1,PAXG,PAXGUSDT,strategy-lab-v1.0.0:SIE_OLD_MR_REGIME_EXHAUSTION_CONFIRM_V1,1790499600000,2026-09-27T09:00:00+00:00,4277.98,4279.85,4277.92,4279.81,53.51778656126546,4278.3555,4276.222469526334,4316.4241,2.5921428571429197,0.0006056677415920145,53.77358490565991,1.2499999999999123,False,TREND_SUPPORT_NOT_CONFIRMED|PLANNED_REWARD_TOO_LOW|RSI_NOT_BELOW_32|CLOSE_NOT_NEAR_OR_BELOW_LOWER_BB|CLOSE_NOT_ABOVE_MA200|RSI_RECOVERY_NOT_CONFIRMED
2026-09-27T13:52:42.387068+00:00,SIE_OLD_MR_REGIME_EXHAUSTION_CONFIRM_V1,PAXG,PAXGUSDT,strategy-lab-v1.0.0:SIE_OLD_MR_REGIME_EXHAUSTION_CONFIRM_V1,1790503200000,2026-09-27T10:00:00+00:00,4279.81,4280.4,4278.21,4280.11,55.71315996847777,4278.4485,4276.183847487673,4315.9951,2.707142857142896,0.0006324937576704561,53.51778656126546,1.250000000000084,False,TREND_SUPPORT_NOT_CONFIRMED|RSI_NOT_BELOW_32|CLOSE_NOT_NEAR_OR_BELOW_LOWER_BB|CLOSE_NOT_ABOVE_MA200
2026-09-27T13:52:42.387068+00:00,SIE_OLD_MR_REGIME_EXHAUSTION_CONFIRM_V1,PAXG,PAXGUSDT,strategy-lab-v1.0.0:SIE_OLD_MR_REGIME_EXHAUSTION_CONFIRM_V1,1790506800000,2026-09-27T11:00:00+00:00,4280.08,4280.57,4277.4,4279.06,54.93395493395632,4278.456,4276.184301075937,4315.550249999999,2.7364285714286,0.0006394929193394343,55.71315996847777,1.25,False,TREND_SUPPORT_NOT_CONFIRMED|RSI_NOT_BELOW_32|CLOSE_NOT_NEAR_OR_BELOW_LOWER_BB|CLOSE_NOT_ABOVE_MA200|RSI_RECOVERY_NOT_CONFIRMED
2026-09-27T13:52:42.387068+00:00,SIE_OLD_MR_REGIME_EXHAUSTION_CONFIRM_V1,PAXG,PAXGUSDT,strategy-lab-v1.0.0:SIE_OLD_MR_REGIME_EXHAUSTION_CONFIRM_V1,1790510400000,2026-09-27T12:00:00+00:00,4279.2,4279.65,4278.03,4278.17,41.21265377855966,4278.511,4276.324524296593,4315.095850000001,2.6821428571428703,0.0006269369513466904,54.93395493395632,1.2499999999999152,False,TREND_SUPPORT_NOT_CONFIRMED|PLANNED_REWARD_TOO_LOW|RSI_NOT_BELOW_32|CLOSE_NOT_NEAR_OR_BELOW_LOWER_BB|CLOSE_NOT_ABOVE_MA200|RSI_RECOVERY_NOT_CONFIRMED
2026-09-27T13:52:42.387068+00:00,SIE_OLD_MR_REGIME_EXHAUSTION_CONFIRM_V1,PAXG,PAXGUSDT,strategy-lab-v1.0.0:SIE_OLD_MR_REGIME_EXHAUSTION_CONFIRM_V1,1790514000000,2026-09-27T13:00:00+00:00,4277.64,4277.73,4277.44,4277.63,42.21422142214458,4278.538500000001,4276.411687596051,4314.6530999999995,2.600000000000039,0.0006078132049756616,41.21265377855966,1.249999999999825,False,TREND_SUPPORT_NOT_CONFIRMED|PLANNED_REWARD_TOO_LOW|RSI_NOT_BELOW_32|CLOSE_NOT_NEAR_OR_BELOW_LOWER_BB|CLOSE_NOT_ABOVE_MA200|RSI_RECOVERY_NOT_CONFIRMED
2026-09-27T18:18:16.676553+00:00,SIE_OLD_MR_REGIME_EXHAUSTION_CONFIRM_V1,BTC,BTCUSDT,strategy-lab-v1.0.0:SIE_OLD_MR_REGIME_EXHAUSTION_CONFIRM_V1,1790517600000,2026-09-27T14:00:00+00:00,85020.63,85045.0,84429.48,84520.0,56.07569456615831,84510.6795,83919.97493735136,83905.90054999999,293.93142857142914,0.0034776553309445,69.9494497777257,1.2499999999999754,False,PLANNED_REWARD_TOO_LOW|RSI_NOT_BELOW_32|CLOSE_NOT_NEAR_OR_BELOW_LOWER_BB|RSI_RECOVERY_NOT_CONFIRMED
2026-09-27T18:18:16.676553+00:00,SIE_OLD_MR_REGIME_EXHAUSTION_CONFIRM_V1,BTC,BTCUSDT,strategy-lab-v1.0.0:SIE_OLD_MR_REGIME_EXHAUSTION_CONFIRM_V1,1790521200000,2026-09-27T15:00:00+00:00,84520.01,84638.16,84336.85,84449.48,49.379610621066156,84533.121,83989.39270918656,83922.7822,293.96071428571514,0.0034809061498746368,56.07569456615831,1.2500000000000124,False,RSI_NOT_BELOW_32|CLOSE_NOT_NEAR_OR_BELOW_LOWER_BB|RSI_RECOVERY_NOT_CONFIRMED
2026-09-27T18:18:16.676553+00:00,SIE_OLD_MR_REGIME_EXHAUSTION_CONFIRM_V1,BTC,BTCUSDT,strategy-lab-v1.0.0:SIE_OLD_MR_REGIME_EXHAUSTION_CONFIRM_V1,1790524800000,2026-09-27T16:00:00+00:00,84449.48,84673.22,84350.0,84410.44,49.40440923377288,84552.8265,84059.18415444414,83938.34615,309.3742857142871,0.0036651187425902187,49.379610621066156,1.25,False,RSI_NOT_BELOW_32|CLOSE_NOT_NEAR_OR_BELOW_LOWER_BB|RSI_RECOVERY_NOT_CONFIRMED
2026-09-27T18:18:16.676553+00:00,SIE_OLD_MR_REGIME_EXHAUSTION_CONFIRM_V1,BTC,BTCUSDT,strategy-lab-v1.0.0:SIE_OLD_MR_REGIME_EXHAUSTION_CONFIRM_V1,1790528400000,2026-09-27T17:00:00+00:00,84410.45,84564.29,84317.28,84559.75,54.94408286244289,84573.933,84118.4869248178,83954.6507,313.0557142857152,0.003702183536324495,49.40440923377288,1.2499999999999885,False,PLANNED_REWARD_TOO_LOW|RSI_NOT_BELOW_32|CLOSE_NOT_NEAR_OR_BELOW_LOWER_BB
2026-09-27T18:18:16.676553+00:00,SIE_OLD_MR_REGIME_EXHAUSTION_CONFIRM_V1,BTC,BTCUSDT,strategy-lab-v1.0.0:SIE_OLD_MR_REGIME_EXHAUSTION_CONFIRM_V1,1790532000000,2026-09-27T18:00:00+00:00,84559.74,84618.4,84542.35,84612.74,57.95648854140911,84591.25200000001,84158.10964125539,83971.76640000001,303.4671428571424,0.0035865419658687612,54.94408286244289,1.25,False,RSI_NOT_BELOW_32|CLOSE_NOT_NEAR_OR_BELOW_LOWER_BB
2026-09-27T18:18:16.676553+00:00,SIE_OLD_MR_REGIME_EXHAUSTION_CONFIRM_V1,SOL,SOLUSDT,strategy-lab-v1.0.0:SIE_OLD_MR_REGIME_EXHAUSTION_CONFIRM_V1,1790517600000,2026-09-27T14:00:00+00:00,123.16,123.21,121.35,121.69,54.79910714285713,122.01950000000002,119.19695876912132,116.39970000000001,1.1392857142857125,0.00936219668243662,61.145703611456945,1.2500000000000062,False,RSI_NOT_BELOW_32|CLOSE_NOT_NEAR_OR_BELOW_LOWER_BB|RSI_RECOVERY_NOT_CONFIRMED
2026-09-27T18:18:16.676553+00:00,SIE_OLD_MR_REGIME_EXHAUSTION_CONFIRM_V1,SOL,SOLUSDT,strategy-lab-v1.0.0:SIE_OLD_MR_REGIME_EXHAUSTION_CONFIRM_V1,1790521200000,2026-09-27T15:00:00+00:00,121.67,121.88,121.26,121.75,51.95729537366546,122.051,119.25538271574769,116.45065000000001,1.1178571428571413,0.009181578175417999,54.79910714285713,1.249999999999997,False,PLANNED_REWARD_TOO_LOW|RSI_NOT_BELOW_32|CLOSE_NOT_NEAR_OR_BELOW_LOWER_BB|RSI_RECOVERY_NOT_CONFIRMED
2026-09-27T18:18:16.676553+00:00,SIE_OLD_MR_REGIME_EXHAUSTION_CONFIRM_V1,SOL,SOLUSDT,strategy-lab-v1.0.0:SIE_OLD_MR_REGIME_EXHAUSTION_CONFIRM_V1,1790524800000,2026-09-27T16:00:00+00:00,121.75,122.36,121.69,121.81,54.146341463414664,122.12450000000001,119.43749813918743,116.49869999999999,1.1228571428571417,0.009218103134858728,51.95729537366546,1.249999999999997,False,PLANNED_REWARD_TOO_LOW|RSI_NOT_BELOW_32|CLOSE_NOT_NEAR_OR_BELOW_LOWER_BB
2026-09-27T18:18:16.676553+00:00,SIE_OLD_MR_REGIME_EXHAUSTION_CONFIRM_V1,SOL,SOLUSDT,strategy-lab-v1.0.0:SIE_OLD_MR_REGIME_EXHAUSTION_CONFIRM_V1,1790528400000,2026-09-27T17:00:00+00:00,121.81,122.18,121.7,122.05,59.39086294416245,122.16199999999999,119.50126626660794,116.55,1.0978571428571422,0.008995142505998708,54.146341463414664,1.2500000000000033,False,RSI_NOT_BELOW_32|CLOSE_NOT_NEAR_OR_BELOW_LOWER_BB
2026-09-27T18:18:16.676553+00:00,SIE_OLD_MR_REGIME_EXHAUSTION_CONFIRM_V1,SOL,SOLUSDT,strategy-lab-v1.0.0:SIE_OLD_MR_REGIME_EXHAUSTION_CONFIRM_V1,1790532000000,2026-09-27T18:00:00+00:00,122.03,122.57,121.9,122.56,65.2010050251256,122.23400000000001,119.61230283976002,116.6049,1.0914285714285705,0.008905259231629981,59.39086294416245,1.2500000000000064,False,RSI_NOT_BELOW_32|CLOSE_NOT_NEAR_OR_BELOW_LOWER_BB
2026-09-27T18:18:16.676553+00:00,SIE_OLD_MR_REGIME_EXHAUSTION_CONFIRM_V1,XRP,XRPUSDT,strategy-lab-v1.0.0:SIE_OLD_MR_REGIME_EXHAUSTION_CONFIRM_V1,1790517600000,2026-09-27T14:00:00+00:00,1.533,1.5342,1.5122,1.5166,49.51923076923069,1.525105,1.5063492568795773,1.5052245,0.012250000000000014,0.008077278122115268,53.71577574967408,1.2499999999999956,False,PLANNED_REWARD_TOO_LOW|RSI_NOT_BELOW_32|CLOSE_NOT_NEAR_OR_BELOW_LOWER_BB|RSI_RECOVERY_NOT_CONFIRMED
2026-09-27T18:18:16.676553+00:00,SIE_OLD_MR_REGIME_EXHAUSTION_CONFIRM_V1,XRP,XRPUSDT,strategy-lab-v1.0.0:SIE_OLD_MR_REGIME_EXHAUSTION_CONFIRM_V1,1790521200000,2026-09-27T15:00:00+00:00,1.5164,1.5194,1.5078,1.5162,45.360824742267994,1.5247600000000001,1.505619529786359,1.5057565000000002,0.012271428571428584,0.00809354212599168,49.51923076923069,1.2499999999999956,False,PLANNED_REWARD_TOO_LOW|RSI_NOT_BELOW_32|CLOSE_NOT_NEAR_OR_BELOW_LOWER_BB|RSI_RECOVERY_NOT_CONFIRMED
2026-09-27T18:18:16.676553+00:00,SIE_OLD_MR_REGIME_EXHAUSTION_CONFIRM_V1,XRP,XRPUSDT,strategy-lab-v1.0.0:SIE_OLD_MR_REGIME_EXHAUSTION_CONFIRM_V1,1790524800000,2026-09-27T16:00:00+00:00,1.5163,1.5244,1.5141,1.5184,48.76140808344198,1.525105,1.5066983191476768,1.506276,0.012314285714285738,0.008110040644287235,45.360824742267994,1.2500000000000044,False,RSI_NOT_BELOW_32|CLOSE_NOT_NEAR_OR_BELOW_LOWER_BB
2026-09-27T18:18:16.676553+00:00,SIE_OLD_MR_REGIME_EXHAUSTION_CONFIRM_V1,XRP,XRPUSDT,strategy-lab-v1.0.0:SIE_OLD_MR_REGIME_EXHAUSTION_CONFIRM_V1,1790528400000,2026-09-27T17:00:00+00:00,1.5182,1.5255,1.5179,1.5244,56.00000000000005,1.525125,1.5067222963942992,1.5068335000000002,0.012342857142857164,0.008096862465794519,48.76140808344198,1.2500000000000044,False,RSI_NOT_BELOW_32|CLOSE_NOT_NEAR_OR_BELOW_LOWER_BB
2026-09-27T18:18:16.676553+00:00,SIE_OLD_MR_REGIME_EXHAUSTION_CONFIRM_V1,XRP,XRPUSDT,strategy-lab-v1.0.0:SIE_OLD_MR_REGIME_EXHAUSTION_CONFIRM_V1,1790532000000,2026-09-27T18:00:00+00:00,1.5242,1.5297,1.5236,1.5291,64.91228070175438,1.52549,1.507075994460757,1.5073910000000001,0.01186428571428574,0.007758999224567223,56.00000000000005,1.2500000000000093,False,RSI_NOT_BELOW_32|CLOSE_NOT_NEAR_OR_BELOW_LOWER_BB
2026-09-27T18:18:16.676553+00:00,SIE_OLD_MR_REGIME_EXHAUSTION_CONFIRM_V1,DOGE,DOGEUSDT,strategy-lab-v1.0.0:SIE_OLD_MR_REGIME_EXHAUSTION_CONFIRM_V1,1790517600000,2026-09-27T14:00:00+00:00,0.09784,0.09796,0.09633,0.09676,53.858267716535465,0.096927,0.09532524970735301,0.09470665,0.000878571428571427,0.009079903147699742,59.478260869565275,1.250000000000008,False,RSI_NOT_BELOW_32|CLOSE_NOT_NEAR_OR_BELOW_LOWER_BB|RSI_RECOVERY_NOT_CONFIRMED
2026-09-27T18:18:16.676553+00:00,SIE_OLD_MR_REGIME_EXHAUSTION_CONFIRM_V1,DOGE,DOGEUSDT,strategy-lab-v1.0.0:SIE_OLD_MR_REGIME_EXHAUSTION_CONFIRM_V1,1790521200000,2026-09-27T15:00:00+00:00,0.09672,0.09698,0.09617,0.0969,52.74193548387092,0.096923,0.09532139955045127,0.0947579,0.0008799999999999979,0.009081527347781195,53.858267716535465,1.25,False,RSI_NOT_BELOW_32|CLOSE_NOT_NEAR_OR_BELOW_LOWER_BB|RSI_RECOVERY_NOT_CONFIRMED
2026-09-27T18:18:16.676553+00:00,SIE_OLD_MR_REGIME_EXHAUSTION_CONFIRM_V1,DOGE,DOGEUSDT,strategy-lab-v1.0.0:SIE_OLD_MR_REGIME_EXHAUSTION_CONFIRM_V1,1790524800000,2026-09-27T16:00:00+00:00,0.0969,0.0975,0.09657,0.09663,52.827140549272926,0.0969645,0.09544030217819514,0.09480454999999999,0.0009085714285714272,0.009402581274670675,52.74193548387092,1.25,False,RSI_NOT_BELOW_32|CLOSE_NOT_NEAR_OR_BELOW_LOWER_BB|RSI_RECOVERY_NOT_CONFIRMED
2026-09-27T18:18:16.676553+00:00,SIE_OLD_MR_REGIME_EXHAUSTION_CONFIRM_V1,DOGE,DOGEUSDT,strategy-lab-v1.0.0:SIE_OLD_MR_REGIME_EXHAUSTION_CONFIRM_V1,1790528400000,2026-09-27T17:00:00+00:00,0.09663,0.09705,0.09656,0.09697,56.94006309148269,0.09698949999999999,0.0954822578164095,0.09485330000000002,0.000916428571428569,0.009450640109606775,52.827140549272926,1.2499999999999925,False,PLANNED_REWARD_TOO_LOW|RSI_NOT_BELOW_32|CLOSE_NOT_NEAR_OR_BELOW_LOWER_BB
2026-09-27T18:18:16.676553+00:00,SIE_OLD_MR_REGIME_EXHAUSTION_CONFIRM_V1,DOGE,DOGEUSDT,strategy-lab-v1.0.0:SIE_OLD_MR_REGIME_EXHAUSTION_CONFIRM_V1,1790532000000,2026-09-27T18:00:00+00:00,0.09697,0.09727,0.09683,0.09721,63.84742951907133,0.09703149999999999,0.09554903887066317,0.09490134999999998,0.0008864285714285687,0.009118697370934768,56.94006309148269,1.25,False,RSI_NOT_BELOW_32|CLOSE_NOT_NEAR_OR_BELOW_LOWER_BB
2026-09-27T18:18:16.676553+00:00,SIE_OLD_MR_REGIME_EXHAUSTION_CONFIRM_V1,BNB,BNBUSDT,strategy-lab-v1.0.0:SIE_OLD_MR_REGIME_EXHAUSTION_CONFIRM_V1,1790517600000,2026-09-27T14:00:00+00:00,780.93,781.32,776.56,776.81,59.96131528046392,775.001,767.7822718571724,775.4375,2.8635714285714635,0.0036863215310970043,71.01947308132847,1.25,False,TREND_SUPPORT_NOT_CONFIRMED|RSI_NOT_BELOW_32|CLOSE_NOT_NEAR_OR_BELOW_LOWER_BB|RSI_RECOVERY_NOT_CONFIRMED
2026-09-27T18:18:16.676553+00:00,SIE_OLD_MR_REGIME_EXHAUSTION_CONFIRM_V1,BNB,BNBUSDT,strategy-lab-v1.0.0:SIE_OLD_MR_REGIME_EXHAUSTION_CONFIRM_V1,1790521200000,2026-09-27T15:00:00+00:00,776.56,776.79,773.83,774.59,52.316076294277885,775.1875,768.2179150051779,775.5064500000001,2.916428571428599,0.003765125513405284,59.96131528046392,1.2500000000000098,False,TREND_SUPPORT_NOT_CONFIRMED|RSI_NOT_BELOW_32|CLOSE_NOT_NEAR_OR_BELOW_LOWER_BB|CLOSE_NOT_ABOVE_MA200|RSI_RECOVERY_NOT_CONFIRMED
2026-09-27T18:18:16.676553+00:00,SIE_OLD_MR_REGIME_EXHAUSTION_CONFIRM_V1,BNB,BNBUSDT,strategy-lab-v1.0.0:SIE_OLD_MR_REGIME_EXHAUSTION_CONFIRM_V1,1790524800000,2026-09-27T16:00:00+00:00,774.83,775.88,773.26,775.88,58.33333333333329,775.518,769.0968829632183,775.5566,2.9378571428571667,0.0037864839187208934,52.316076294277885,1.2500000000000193,False,TREND_SUPPORT_NOT_CONFIRMED|RSI_NOT_BELOW_32|CLOSE_NOT_NEAR_OR_BELOW_LOWER_BB
2026-09-27T18:18:16.676553+00:00,SIE_OLD_MR_REGIME_EXHAUSTION_CONFIRM_V1,BNB,BNBUSDT,strategy-lab-v1.0.0:SIE_OLD_MR_REGIME_EXHAUSTION_CONFIRM_V1,1790528400000,2026-09-27T17:00:00+00:00,775.88,777.69,775.2,777.69,63.675958188153544,775.7965,769.5072447976689,775.61225,2.9914285714285955,0.0038465565603628634,58.33333333333329,1.2499999999999905,False,PLANNED_REWARD_TOO_LOW|RSI_NOT_BELOW_32|CLOSE_NOT_NEAR_OR_BELOW_LOWER_BB
2026-09-27T18:18:16.676553+00:00,SIE_OLD_MR_REGIME_EXHAUSTION_CONFIRM_V1,BNB,BNBUSDT,strategy-lab-v1.0.0:SIE_OLD_MR_REGIME_EXHAUSTION_CONFIRM_V1,1790532000000,2026-09-27T18:00:00+00:00,777.69,778.27,777.27,778.27,66.34657354866883,776.067,769.8411599763527,775.6786999999999,2.917857142857161,0.0037491579308686716,63.675958188153544,1.2499999999999805,False,PLANNED_REWARD_TOO_LOW|RSI_NOT_BELOW_32|CLOSE_NOT_NEAR_OR_BELOW_LOWER_BB
2026-09-27T18:18:16.676553+00:00,SIE_OLD_MR_REGIME_EXHAUSTION_CONFIRM_V1,PAXG,PAXGUSDT,strategy-lab-v1.0.0:SIE_OLD_MR_REGIME_EXHAUSTION_CONFIRM_V1,1790517600000,2026-09-27T14:00:00+00:00,4277.59,4277.99,4275.7,4276.92,38.693035253653974,4278.532,4276.388483262933,4314.22015,2.6692857142857713,0.0006241140152927273,42.06278026906081,1.2500000000001703,False,TREND_SUPPORT_NOT_CONFIRMED|RSI_NOT_BELOW_32|CLOSE_NOT_NEAR_OR_BELOW_LOWER_BB|CLOSE_NOT_ABOVE_MA200|RSI_RECOVERY_NOT_CONFIRMED
2026-09-27T18:18:16.676553+00:00,SIE_OLD_MR_REGIME_EXHAUSTION_CONFIRM_V1,PAXG,PAXGUSDT,strategy-lab-v1.0.0:SIE_OLD_MR_REGIME_EXHAUSTION_CONFIRM_V1,1790521200000,2026-09-27T15:00:00+00:00,4276.04,4277.46,4275.08,4275.08,32.60706235912859,4278.34,4275.732250011584,4313.7808,2.639285714285766,0.0006173652222381256,38.693035253653974,1.25,False,TREND_SUPPORT_NOT_CONFIRMED|RSI_NOT_BELOW_32|CLOSE_NOT_ABOVE_MA200|RSI_RECOVERY_NOT_CONFIRMED
2026-09-27T18:18:16.676553+00:00,SIE_OLD_MR_REGIME_EXHAUSTION_CONFIRM_V1,PAXG,PAXGUSDT,strategy-lab-v1.0.0:SIE_OLD_MR_REGIME_EXHAUSTION_CONFIRM_V1,1790524800000,2026-09-27T16:00:00+00:00,4276.56,4276.58,4275.01,4275.58,36.89024390243789,4278.186,4275.320945724409,4313.34565,2.5264285714285637,0.0005908972750898273,32.60706235912859,1.25000000000009,False,TREND_SUPPORT_NOT_CONFIRMED|RSI_NOT_BELOW_32|CLOSE_NOT_NEAR_OR_BELOW_LOWER_BB|CLOSE_NOT_ABOVE_MA200
2026-09-27T18:18:16.676553+00:00,SIE_OLD_MR_REGIME_EXHAUSTION_CONFIRM_V1,PAXG,PAXGUSDT,strategy-lab-v1.0.0:SIE_OLD_MR_REGIME_EXHAUSTION_CONFIRM_V1,1790528400000,2026-09-27T17:00:00+00:00,4275.58,4276.18,4272.94,4274.31,35.93170007423946,4278.012,4274.686230314337,4312.8961,2.232142857142922,0.0005222229686529339,36.89024390243789,1.2499999999997962,False,TREND_SUPPORT_NOT_CONFIRMED|PLANNED_REWARD_TOO_LOW|RSI_NOT_BELOW_32|CLOSE_NOT_ABOVE_MA200|RSI_RECOVERY_NOT_CONFIRMED
2026-09-27T18:18:16.676553+00:00,SIE_OLD_MR_REGIME_EXHAUSTION_CONFIRM_V1,PAXG,PAXGUSDT,strategy-lab-v1.0.0:SIE_OLD_MR_REGIME_EXHAUSTION_CONFIRM_V1,1790532000000,2026-09-27T18:00:00+00:00,4272.97,4274.38,4272.97,4274.36,42.78215223096836,4277.7215,4274.191739242942,4312.445250000001,2.090714285714317,0.0004891291996262171,35.93170007423946,1.25,False,TREND_SUPPORT_NOT_CONFIRMED|RSI_NOT_BELOW_32|CLOSE_NOT_ABOVE_MA200
2026-09-27T22:58:30.684068+00:00,SIE_OLD_MR_REGIME_EXHAUSTION_CONFIRM_V1,BTC,BTCUSDT,strategy-lab-v1.0.0:SIE_OLD_MR_REGIME_EXHAUSTION_CONFIRM_V1,1790535600000,2026-09-27T19:00:00+00:00,84798.72,84830.84,84641.65,84717.81,56.876249500200046,84615.60949999999,84178.7314360349,83989.88539999998,307.09428571428623,0.003624908218405153,61.7789248825602,1.2499999999999882,False,PLANNED_REWARD_TOO_LOW|RSI_NOT_BELOW_32|CLOSE_NOT_NEAR_OR_BELOW_LOWER_BB|RSI_RECOVERY_NOT_CONFIRMED
2026-09-27T22:58:30.684068+00:00,SIE_OLD_MR_REGIME_EXHAUSTION_CONFIRM_V1,BTC,BTCUSDT,strategy-lab-v1.0.0:SIE_OLD_MR_REGIME_EXHAUSTION_CONFIRM_V1,1790539200000,2026-09-27T20:00:00+00:00,84717.82,84801.87,84520.28,84532.2,50.88308597556399,84627.65900000001,84214.5898740769,84005.99644999999,314.9814285714279,0.003726170957001331,56.876249500200046,1.250000000000023,False,RSI_NOT_BELOW_32|CLOSE_NOT_NEAR_OR_BELOW_LOWER_BB|RSI_RECOVERY_NOT_CONFIRMED
2026-09-27T22:58:30.684068+00:00,SIE_OLD_MR_REGIME_EXHAUSTION_CONFIRM_V1,BTC,BTCUSDT,strategy-lab-v1.0.0:SIE_OLD_MR_REGIME_EXHAUSTION_CONFIRM_V1,1790542800000,2026-09-27T21:00:00+00:00,84532.19,84709.08,84421.28,84675.8,47.56276883064939,84637.875,84230.69718707932,84022.75795,311.6578571428566,0.0036806012714713835,50.88308597556399,1.25,False,RSI_NOT_BELOW_32|CLOSE_NOT_NEAR_OR_BELOW_LOWER_BB|RSI_RECOVERY_NOT_CONFIRMED
2026-09-27T22:58:30.684068+00:00,SIE_OLD_MR_REGIME_EXHAUSTION_CONFIRM_V1,BTC,BTCUSDT,strategy-lab-v1.0.0:SIE_OLD_MR_REGIME_EXHAUSTION_CONFIRM_V1,1790546400000,2026-09-27T22:00:00+00:00,84675.79,84748.12,84120.0,84216.03,38.60995217258585,84627.099,84188.45800520941,84036.06365,341.4399999999992,0.004054335023866587,47.56276883064939,1.25,False,RSI_NOT_BELOW_32|RSI_RECOVERY_NOT_CONFIRMED
2026-09-27T22:58:30.684068+00:00,SIE_OLD_MR_REGIME_EXHAUSTION_CONFIRM_V1,SOL,SOLUSDT,strategy-lab-v1.0.0:SIE_OLD_MR_REGIME_EXHAUSTION_CONFIRM_V1,1790535600000,2026-09-27T19:00:00+00:00,123.25,123.4,122.84,123.01,62.047440699126106,122.352,119.7088382569332,116.6643,1.086428571428571,0.008832034561650036,68.0875576036866,1.2499999999999936,False,PLANNED_REWARD_TOO_LOW|RSI_NOT_BELOW_32|CLOSE_NOT_NEAR_OR_BELOW_LOWER_BB|RSI_RECOVERY_NOT_CONFIRMED
2026-09-27T22:58:30.684068+00:00,SIE_OLD_MR_REGIME_EXHAUSTION_CONFIRM_V1,SOL,SOLUSDT,strategy-lab-v1.0.0:SIE_OLD_MR_REGIME_EXHAUSTION_CONFIRM_V1,1790539200000,2026-09-27T20:00:00+00:00,123.01,123.42,122.48,122.69,58.51851851851847,122.44500000000001,119.89328293104194,116.71904999999998,1.1185714285714283,0.009117054597533852,62.047440699126106,1.250000000000003,False,RSI_NOT_BELOW_32|CLOSE_NOT_NEAR_OR_BELOW_LOWER_BB|RSI_RECOVERY_NOT_CONFIRMED
2026-09-27T22:58:30.684068+00:00,SIE_OLD_MR_REGIME_EXHAUSTION_CONFIRM_V1,SOL,SOLUSDT,strategy-lab-v1.0.0:SIE_OLD_MR_REGIME_EXHAUSTION_CONFIRM_V1,1790542800000,2026-09-27T21:00:00+00:00,122.68,123.27,122.19,122.85,38.68613138686126,122.5165,120.00383388608591,116.7754,0.9742857142857133,0.007930693644979352,58.51851851851847,1.25,False,RSI_NOT_BELOW_32|CLOSE_NOT_NEAR_OR_BELOW_LOWER_BB|RSI_RECOVERY_NOT_CONFIRMED
2026-09-27T22:58:30.684068+00:00,SIE_OLD_MR_REGIME_EXHAUSTION_CONFIRM_V1,SOL,SOLUSDT,strategy-lab-v1.0.0:SIE_OLD_MR_REGIME_EXHAUSTION_CONFIRM_V1,1790546400000,2026-09-27T22:00:00+00:00,122.88,123.04,120.93,121.42,30.76923076923083,122.53100000000002,120.04732610836045,116.82369999999999,1.0528571428571414,0.008671200320022578,38.68613138686126,1.25,False,CLOSE_NOT_NEAR_OR_BELOW_LOWER_BB|RSI_RECOVERY_NOT_CONFIRMED
2026-09-27T22:58:30.684068+00:00,SIE_OLD_MR_REGIME_EXHAUSTION_CONFIRM_V1,XRP,XRPUSDT,strategy-lab-v1.0.0:SIE_OLD_MR_REGIME_EXHAUSTION_CONFIRM_V1,1790535600000,2026-09-27T19:00:00+00:00,1.5387,1.539,1.5281,1.5311,57.70202020202018,1.526165,1.506805322833212,1.507925,0.012221428571428574,0.007982123030127734,68.8995215311005,1.2499999999999956,False,PLANNED_REWARD_TOO_LOW|RSI_NOT_BELOW_32|CLOSE_NOT_NEAR_OR_BELOW_LOWER_BB|RSI_RECOVERY_NOT_CONFIRMED
2026-09-27T22:58:30.684068+00:00,SIE_OLD_MR_REGIME_EXHAUSTION_CONFIRM_V1,XRP,XRPUSDT,strategy-lab-v1.0.0:SIE_OLD_MR_REGIME_EXHAUSTION_CONFIRM_V1,1790539200000,2026-09-27T20:00:00+00:00,1.5315,1.5351,1.5216,1.5229,50.88339222614832,1.5264399999999998,1.5074331170361295,1.5083720000000003,0.012664285714285715,0.008315901053441273,57.70202020202018,1.2500000000000044,False,RSI_NOT_BELOW_32|CLOSE_NOT_NEAR_OR_BELOW_LOWER_BB|RSI_RECOVERY_NOT_CONFIRMED
2026-09-27T22:58:30.684068+00:00,SIE_OLD_MR_REGIME_EXHAUSTION_CONFIRM_V1,XRP,XRPUSDT,strategy-lab-v1.0.0:SIE_OLD_MR_REGIME_EXHAUSTION_CONFIRM_V1,1790542800000,2026-09-27T21:00:00+00:00,1.5231,1.5295,1.5138,1.5221,37.86549707602343,1.526375,1.5073181508375004,1.5087979999999999,0.012342857142857147,0.00810909739363849,50.88339222614832,1.2500000000000044,False,RSI_NOT_BELOW_32|CLOSE_NOT_NEAR_OR_BELOW_LOWER_BB|RSI_RECOVERY_NOT_CONFIRMED
2026-09-27T22:58:30.684068+00:00,SIE_OLD_MR_REGIME_EXHAUSTION_CONFIRM_V1,XRP,XRPUSDT,strategy-lab-v1.0.0:SIE_OLD_MR_REGIME_EXHAUSTION_CONFIRM_V1,1790546400000,2026-09-27T22:00:00+00:00,1.5221,1.5243,1.5032,1.5084,33.24775353016689,1.52578,1.5053108427139208,1.5091504999999998,0.013200000000000005,0.008750994431185365,37.86549707602343,1.2500000000000042,False,RSI_NOT_BELOW_32|CLOSE_NOT_NEAR_OR_BELOW_LOWER_BB|CLOSE_NOT_ABOVE_MA200|RSI_RECOVERY_NOT_CONFIRMED
2026-09-27T22:58:30.684068+00:00,SIE_OLD_MR_REGIME_EXHAUSTION_CONFIRM_V1,DOGE,DOGEUSDT,strategy-lab-v1.0.0:SIE_OLD_MR_REGIME_EXHAUSTION_CONFIRM_V1,1790535600000,2026-09-27T19:00:00+00:00,0.09776,0.09776,0.0971,0.09713,56.21118012422356,0.0970795,0.09557120990854034,0.09494795000000002,0.0008985714285714251,0.009251224426762331,66.91957511380878,1.2499999999999962,False,PLANNED_REWARD_TOO_LOW|RSI_NOT_BELOW_32|CLOSE_NOT_NEAR_OR_BELOW_LOWER_BB|RSI_RECOVERY_NOT_CONFIRMED
2026-09-27T22:58:30.684068+00:00,SIE_OLD_MR_REGIME_EXHAUSTION_CONFIRM_V1,DOGE,DOGEUSDT,strategy-lab-v1.0.0:SIE_OLD_MR_REGIME_EXHAUSTION_CONFIRM_V1,1790539200000,2026-09-27T20:00:00+00:00,0.09718,0.09756,0.09674,0.09695,50.0,0.0971135,0.09564973396678454,0.09498790000000001,0.0009014285714285679,0.009297870772857843,56.21118012422356,1.2499999999999962,False,PLANNED_REWARD_TOO_LOW|RSI_NOT_BELOW_32|CLOSE_NOT_NEAR_OR_BELOW_LOWER_BB|RSI_RECOVERY_NOT_CONFIRMED
2026-09-27T22:58:30.684068+00:00,SIE_OLD_MR_REGIME_EXHAUSTION_CONFIRM_V1,DOGE,DOGEUSDT,strategy-lab-v1.0.0:SIE_OLD_MR_REGIME_EXHAUSTION_CONFIRM_V1,1790542800000,2026-09-27T21:00:00+00:00,0.09696,0.09749,0.09645,0.09733,42.748091603053474,0.09715199999999999,0.09570812188880247,0.0950304,0.0008828571428571386,0.009070760740338421,50.0,1.249999999999996,False,PLANNED_REWARD_TOO_LOW|RSI_NOT_BELOW_32|CLOSE_NOT_NEAR_OR_BELOW_LOWER_BB|RSI_RECOVERY_NOT_CONFIRMED
2026-09-27T22:58:30.684068+00:00,SIE_OLD_MR_REGIME_EXHAUSTION_CONFIRM_V1,DOGE,DOGEUSDT,strategy-lab-v1.0.0:SIE_OLD_MR_REGIME_EXHAUSTION_CONFIRM_V1,1790546400000,2026-09-27T22:00:00+00:00,0.09735,0.09749,0.09554,0.09586,34.674922600619254,0.097131,0.09562607608165884,0.0950647,0.0009621428571428529,0.010036958659950478,42.748091603053474,1.25,False,RSI_NOT_BELOW_32|CLOSE_NOT_NEAR_OR_BELOW_LOWER_BB|RSI_RECOVERY_NOT_CONFIRMED
2026-09-27T22:58:30.684068+00:00,SIE_OLD_MR_REGIME_EXHAUSTION_CONFIRM_V1,BNB,BNBUSDT,strategy-lab-v1.0.0:SIE_OLD_MR_REGIME_EXHAUSTION_CONFIRM_V1,1790535600000,2026-09-27T19:00:00+00:00,779.08,779.37,777.79,778.16,61.33093525179859,776.3349999999999,770.0962581396527,775.73515,2.816428571428592,0.0036193438000264627,67.45462220346147,1.2500000000000202,False,RSI_NOT_BELOW_32|CLOSE_NOT_NEAR_OR_BELOW_LOWER_BB|RSI_RECOVERY_NOT_CONFIRMED
2026-09-27T22:58:30.684068+00:00,SIE_OLD_MR_REGIME_EXHAUSTION_CONFIRM_V1,BNB,BNBUSDT,strategy-lab-v1.0.0:SIE_OLD_MR_REGIME_EXHAUSTION_CONFIRM_V1,1790539200000,2026-09-27T20:00:00+00:00,778.59,779.09,777.07,777.43,56.422232601588085,776.5719999999999,770.5487264714235,775.75755,2.8385714285714454,0.003651224455669894,61.33093525179859,1.25,False,RSI_NOT_BELOW_32|CLOSE_NOT_NEAR_OR_BELOW_LOWER_BB|RSI_RECOVERY_NOT_CONFIRMED
2026-09-27T22:58:30.684068+00:00,SIE_OLD_MR_REGIME_EXHAUSTION_CONFIRM_V1,BNB,BNBUSDT,strategy-lab-v1.0.0:SIE_OLD_MR_REGIME_EXHAUSTION_CONFIRM_V1,1790542800000,2026-09-27T21:00:00+00:00,777.35,780.05,776.52,780.05,54.0846456692913,776.896,770.85639603947,775.8106,2.825000000000013,0.003621562720338457,56.422232601588085,1.2500000000000202,False,RSI_NOT_BELOW_32|CLOSE_NOT_NEAR_OR_BELOW_LOWER_BB|RSI_RECOVERY_NOT_CONFIRMED
2026-09-27T22:58:30.684068+00:00,SIE_OLD_MR_REGIME_EXHAUSTION_CONFIRM_V1,BNB,BNBUSDT,strategy-lab-v1.0.0:SIE_OLD_MR_REGIME_EXHAUSTION_CONFIRM_V1,1790546400000,2026-09-27T22:00:00+00:00,779.32,779.32,773.84,774.78,42.924159499609004,777.024,771.2852043075181,775.8356,3.1092857142857206,0.004013120775298434,54.0846456692913,1.25,False,RSI_NOT_BELOW_32|CLOSE_NOT_NEAR_OR_BELOW_LOWER_BB|CLOSE_NOT_ABOVE_MA200|RSI_RECOVERY_NOT_CONFIRMED
2026-09-27T22:58:30.684068+00:00,SIE_OLD_MR_REGIME_EXHAUSTION_CONFIRM_V1,PAXG,PAXGUSDT,strategy-lab-v1.0.0:SIE_OLD_MR_REGIME_EXHAUSTION_CONFIRM_V1,1790535600000,2026-09-27T19:00:00+00:00,4275.59,4277.87,4275.13,4276.37,44.81012658227625,4277.6089999999995,4274.239804843628,4312.0069,2.3149999999999897,0.0005413469835397755,46.26129827444598,1.2499999999999019,False,TREND_SUPPORT_NOT_CONFIRMED|PLANNED_REWARD_TOO_LOW|RSI_NOT_BELOW_32|CLOSE_NOT_NEAR_OR_BELOW_LOWER_BB|CLOSE_NOT_ABOVE_MA200|RSI_RECOVERY_NOT_CONFIRMED
2026-09-27T22:58:30.684068+00:00,SIE_OLD_MR_REGIME_EXHAUSTION_CONFIRM_V1,PAXG,PAXGUSDT,strategy-lab-v1.0.0:SIE_OLD_MR_REGIME_EXHAUSTION_CONFIRM_V1,1790539200000,2026-09-27T20:00:00+00:00,4276.48,4276.49,4274.29,4275.55,39.12324234904766,4277.409000000001,4274.049554212119,4311.55195,2.2728571428571223,0.0005315940973341728,44.81012658227625,1.2499999999998999,False,TREND_SUPPORT_NOT_CONFIRMED|PLANNED_REWARD_TOO_LOW|RSI_NOT_BELOW_32|CLOSE_NOT_NEAR_OR_BELOW_LOWER_BB|CLOSE_NOT_ABOVE_MA200|RSI_RECOVERY_NOT_CONFIRMED
2026-09-27T22:58:30.684068+00:00,SIE_OLD_MR_REGIME_EXHAUSTION_CONFIRM_V1,PAXG,PAXGUSDT,strategy-lab-v1.0.0:SIE_OLD_MR_REGIME_EXHAUSTION_CONFIRM_V1,1790542800000,2026-09-27T21:00:00+00:00,4275.5,4277.86,4274.21,4274.21,35.860500379075305,4277.134,4273.674061271972,4311.09425,2.4057142857142417,0.0005628441947668088,39.12324234904766,1.249999999999811,False,TREND_SUPPORT_NOT_CONFIRMED|PLANNED_REWARD_TOO_LOW|RSI_NOT_BELOW_32|CLOSE_NOT_NEAR_OR_BELOW_LOWER_BB|CLOSE_NOT_ABOVE_MA200|RSI_RECOVERY_NOT_CONFIRMED
2026-09-27T22:58:30.684068+00:00,SIE_OLD_MR_REGIME_EXHAUSTION_CONFIRM_V1,PAXG,PAXGUSDT,strategy-lab-v1.0.0:SIE_OLD_MR_REGIME_EXHAUSTION_CONFIRM_V1,1790546400000,2026-09-27T22:00:00+00:00,4274.07,4274.07,4254.08,4255.63,14.807813484559574,4275.9645,4266.051213007197,4310.53955,3.670714285714244,0.0008625548475112366,35.860500379075305,1.250000000000124,False,TREND_SUPPORT_NOT_CONFIRMED|CLOSE_NOT_ABOVE_MA200|RSI_RECOVERY_NOT_CONFIRMED
2026-09-28T05:14:25.707102+00:00,SIE_OLD_MR_REGIME_EXHAUSTION_CONFIRM_V1,BTC,BTCUSDT,strategy-lab-v1.0.0:SIE_OLD_MR_REGIME_EXHAUSTION_CONFIRM_V1,1790550000000,2026-09-27T23:00:00+00:00,84187.88,84525.7,84113.56,84462.14,40.7455260722,84630.033,84194.23331600716,84050.10135,344.2071428571414,0.004075283231719459,38.17256227614814,1.25,False,RSI_NOT_BELOW_32|CLOSE_NOT_NEAR_OR_BELOW_LOWER_BB
2026-09-28T05:14:25.707102+00:00,SIE_OLD_MR_REGIME_EXHAUSTION_CONFIRM_V1,BTC,BTCUSDT,strategy-lab-v1.0.0:SIE_OLD_MR_REGIME_EXHAUSTION_CONFIRM_V1,1790553600000,2026-09-28T00:00:00+00:00,84463.08,84992.0,84115.01,84121.85,37.032557943885884,84620.2855,84149.57505887591,84061.64385,383.2364285714274,0.0045557299152530215,40.7455260722,1.250000000000019,False,RSI_NOT_BELOW_32|RSI_RECOVERY_NOT_CONFIRMED
2026-09-28T05:14:25.707102+00:00,SIE_OLD_MR_REGIME_EXHAUSTION_CONFIRM_V1,BTC,BTCUSDT,strategy-lab-v1.0.0:SIE_OLD_MR_REGIME_EXHAUSTION_CONFIRM_V1,1790557200000,2026-09-28T01:00:00+00:00,84116.73,84216.0,83601.0,83676.34,31.713453712503267,84581.97,83959.40132391342,84072.84005000001,417.21571428571355,0.004986065526834868,37.032557943885884,1.2500000000000087,False,CLOSE_NOT_ABOVE_MA200|RSI_RECOVERY_NOT_CONFIRMED
2026-09-28T05:14:25.707102+00:00,SIE_OLD_MR_REGIME_EXHAUSTION_CONFIRM_V1,BTC,BTCUSDT,strategy-lab-v1.0.0:SIE_OLD_MR_REGIME_EXHAUSTION_CONFIRM_V1,1790560800000,2026-09-28T02:00:00+00:00,83676.33,83779.48,83366.6,83408.94,30.11486074111356,84527.69200000001,83721.79062432918,84082.82355,429.4764285714274,0.005149045516840609,31.713453712503267,1.2500000000000084,False,CLOSE_NOT_ABOVE_MA200|RSI_RECOVERY_NOT_CONFIRMED
2026-09-28T05:14:25.707102+00:00,SIE_OLD_MR_REGIME_EXHAUSTION_CONFIRM_V1,BTC,BTCUSDT,strategy-lab-v1.0.0:SIE_OLD_MR_REGIME_EXHAUSTION_CONFIRM_V1,1790564400000,2026-09-28T03:00:00+00:00,83408.94,83525.75,83190.32,83325.16,24.384304995129995,84455.287,83503.62371664392,84092.72425000001,414.41142857142717,0.004973424936374885,30.11486074111356,1.2500000000000089,False,CLOSE_NOT_ABOVE_MA200|RSI_RECOVERY_NOT_CONFIRMED
2026-09-28T05:14:25.707102+00:00,SIE_OLD_MR_REGIME_EXHAUSTION_CONFIRM_V1,BTC,BTCUSDT,strategy-lab-v1.0.0:SIE_OLD_MR_REGIME_EXHAUSTION_CONFIRM_V1,1790568000000,2026-09-28T04:00:00+00:00,83325.16,83513.54,83211.49,83466.24,32.128877763531904,84389.815,83358.49102931767,84104.4137,392.02071428571173,0.004696757806338368,24.384304995129995,1.2500000000000093,False,RSI_NOT_BELOW_32|CLOSE_NOT_NEAR_OR_BELOW_LOWER_BB|CLOSE_NOT_ABOVE_MA200
2026-09-28T05:14:25.707102+00:00,SIE_OLD_MR_REGIME_EXHAUSTION_CONFIRM_V1,BTC,BTCUSDT,strategy-lab-v1.0.0:SIE_OLD_MR_REGIME_EXHAUSTION_CONFIRM_V1,1790571600000,2026-09-28T05:00:00+00:00,83466.25,83532.81,83268.32,83292.01,31.037081453375336,84307.3135,83204.38656861475,84115.5551,389.3907142857112,0.004675006813807366,32.128877763531904,1.2500000000000093,False,CLOSE_NOT_NEAR_OR_BELOW_LOWER_BB|CLOSE_NOT_ABOVE_MA200|RSI_RECOVERY_NOT_CONFIRMED
2026-09-28T05:14:25.707102+00:00,SIE_OLD_MR_REGIME_EXHAUSTION_CONFIRM_V1,SOL,SOLUSDT,strategy-lab-v1.0.0:SIE_OLD_MR_REGIME_EXHAUSTION_CONFIRM_V1,1790550000000,2026-09-27T23:00:00+00:00,121.4,122.21,121.31,121.97,32.67882187938288,122.59949999999999,120.26343086574721,116.87535,1.0349999999999986,0.00848569320324669,30.635838150289075,1.2499999999999931,False,PLANNED_REWARD_TOO_LOW|RSI_NOT_BELOW_32|CLOSE_NOT_NEAR_OR_BELOW_LOWER_BB
2026-09-28T05:14:25.707102+00:00,SIE_OLD_MR_REGIME_EXHAUSTION_CONFIRM_V1,SOL,SOLUSDT,strategy-lab-v1.0.0:SIE_OLD_MR_REGIME_EXHAUSTION_CONFIRM_V1,1790553600000,2026-09-28T00:00:00+00:00,121.98,122.92,121.4,121.65,33.285714285714334,122.675,120.57621463698439,116.92379999999999,1.07642857142857,0.008848570254242252,32.67882187938288,1.2499999999999967,False,PLANNED_REWARD_TOO_LOW|RSI_NOT_BELOW_32|CLOSE_NOT_NEAR_OR_BELOW_LOWER_BB|RSI_RECOVERY_NOT_CONFIRMED
2026-09-28T05:14:25.707102+00:00,SIE_OLD_MR_REGIME_EXHAUSTION_CONFIRM_V1,SOL,SOLUSDT,strategy-lab-v1.0.0:SIE_OLD_MR_REGIME_EXHAUSTION_CONFIRM_V1,1790557200000,2026-09-28T01:00:00+00:00,121.64,122.22,120.32,120.7,29.643765903307866,122.65599999999999,120.49387696927104,116.97045,1.173571428571428,0.009723044147236355,33.285714285714334,1.250000000000006,False,CLOSE_NOT_NEAR_OR_BELOW_LOWER_BB|RSI_RECOVERY_NOT_CONFIRMED
2026-09-28T05:14:25.707102+00:00,SIE_OLD_MR_REGIME_EXHAUSTION_CONFIRM_V1,SOL,SOLUSDT,strategy-lab-v1.0.0:SIE_OLD_MR_REGIME_EXHAUSTION_CONFIRM_V1,1790560800000,2026-09-28T02:00:00+00:00,120.7,121.42,119.85,120.02,29.2713567839196,122.5915,120.20707323450509,117.015,1.2099999999999997,0.010081653057823695,29.643765903307866,1.2499999999999971,False,PLANNED_REWARD_TOO_LOW|RSI_RECOVERY_NOT_CONFIRMED
2026-09-28T05:14:25.707102+00:00,SIE_OLD_MR_REGIME_EXHAUSTION_CONFIRM_V1,SOL,SOLUSDT,strategy-lab-v1.0.0:SIE_OLD_MR_REGIME_EXHAUSTION_CONFIRM_V1,1790564400000,2026-09-28T03:00:00+00:00,120.03,120.42,119.42,119.82,29.12499999999997,122.378,119.8108412592891,117.0584,1.1849999999999992,0.009889834752128186,29.2713567839196,1.25,False,RSI_RECOVERY_NOT_CONFIRMED
2026-09-28T05:14:25.707102+00:00,SIE_OLD_MR_REGIME_EXHAUSTION_CONFIRM_V1,SOL,SOLUSDT,strategy-lab-v1.0.0:SIE_OLD_MR_REGIME_EXHAUSTION_CONFIRM_V1,1790568000000,2026-09-28T04:00:00+00:00,119.83,120.2,119.17,119.93,36.74698795180733,122.171,119.51678147093949,117.1027,1.125714285714285,0.009386427797167389,29.12499999999997,1.2500000000000062,False,RSI_NOT_BELOW_32|CLOSE_NOT_NEAR_OR_BELOW_LOWER_BB
2026-09-28T05:14:25.707102+00:00,SIE_OLD_MR_REGIME_EXHAUSTION_CONFIRM_V1,SOL,SOLUSDT,strategy-lab-v1.0.0:SIE_OLD_MR_REGIME_EXHAUSTION_CONFIRM_V1,1790571600000,2026-09-28T05:00:00+00:00,119.93,120.14,119.54,119.57,34.293948126801155,121.92749999999998,119.25709272768962,117.14805,1.1242857142857139,0.009402740773485942,36.74698795180733,1.2500000000000062,False,RSI_NOT_BELOW_32|CLOSE_NOT_NEAR_OR_BELOW_LOWER_BB|RSI_RECOVERY_NOT_CONFIRMED
2026-09-28T05:14:25.707102+00:00,SIE_OLD_MR_REGIME_EXHAUSTION_CONFIRM_V1,XRP,XRPUSDT,strategy-lab-v1.0.0:SIE_OLD_MR_REGIME_EXHAUSTION_CONFIRM_V1,1790550000000,2026-09-27T23:00:00+00:00,1.5071,1.5198,1.5062,1.5164,37.187127532777055,1.52581,1.505347067658758,1.5095770000000002,0.013285714285714298,0.00876135207446208,32.95165394402039,1.2499999999999916,False,PLANNED_REWARD_TOO_LOW|RSI_NOT_BELOW_32|CLOSE_NOT_NEAR_OR_BELOW_LOWER_BB
2026-09-28T05:14:25.707102+00:00,SIE_OLD_MR_REGIME_EXHAUSTION_CONFIRM_V1,XRP,XRPUSDT,strategy-lab-v1.0.0:SIE_OLD_MR_REGIME_EXHAUSTION_CONFIRM_V1,1790553600000,2026-09-28T00:00:00+00:00,1.5164,1.5342,1.5105,1.5145,36.28938156359387,1.526185,1.5068720742764783,1.5099805000000002,0.014457142857142866,0.00954581898787908,37.187127532777055,1.2500000000000038,False,RSI_NOT_BELOW_32|CLOSE_NOT_NEAR_OR_BELOW_LOWER_BB|RSI_RECOVERY_NOT_CONFIRMED
2026-09-28T05:14:25.707102+00:00,SIE_OLD_MR_REGIME_EXHAUSTION_CONFIRM_V1,XRP,XRPUSDT,strategy-lab-v1.0.0:SIE_OLD_MR_REGIME_EXHAUSTION_CONFIRM_V1,1790557200000,2026-09-28T01:00:00+00:00,1.5145,1.521,1.4962,1.5047,32.736842105263065,1.525475,1.5041987338801601,1.5103674999999999,0.01572142857142857,0.01044821464174159,36.28938156359387,1.249999999999993,False,PLANNED_REWARD_TOO_LOW|RSI_NOT_BELOW_32|CLOSE_NOT_ABOVE_MA200|RSI_RECOVERY_NOT_CONFIRMED
2026-09-28T05:14:25.707102+00:00,SIE_OLD_MR_REGIME_EXHAUSTION_CONFIRM_V1,XRP,XRPUSDT,strategy-lab-v1.0.0:SIE_OLD_MR_REGIME_EXHAUSTION_CONFIRM_V1,1790560800000,2026-09-28T02:00:00+00:00,1.5047,1.5162,1.4931,1.4965,30.85317460317458,1.52423,1.4995102022661546,1.5107,0.01657857142857141,0.011078230156078457,32.736842105263065,1.2499999999999967,False,PLANNED_REWARD_TOO_LOW|CLOSE_NOT_ABOVE_MA200|RSI_RECOVERY_NOT_CONFIRMED
2026-09-28T05:14:25.707102+00:00,SIE_OLD_MR_REGIME_EXHAUSTION_CONFIRM_V1,XRP,XRPUSDT,strategy-lab-v1.0.0:SIE_OLD_MR_REGIME_EXHAUSTION_CONFIRM_V1,1790564400000,2026-09-28T03:00:00+00:00,1.4965,1.5034,1.4828,1.4923,30.28237585199608,1.5219099999999999,1.4944952667347977,1.5110255000000001,0.016871428571428555,0.011305654741961104,30.85317460317458,1.2500000000000067,False,CLOSE_NOT_ABOVE_MA200|RSI_RECOVERY_NOT_CONFIRMED
2026-09-28T05:14:25.707102+00:00,SIE_OLD_MR_REGIME_EXHAUSTION_CONFIRM_V1,XRP,XRPUSDT,strategy-lab-v1.0.0:SIE_OLD_MR_REGIME_EXHAUSTION_CONFIRM_V1,1790568000000,2026-09-28T04:00:00+00:00,1.4921,1.4997,1.4836,1.4959,38.512763596004454,1.5199799999999999,1.4909925820397514,1.511362,0.016449999999999982,0.010996724379971911,30.28237585199608,1.2499999999999967,False,PLANNED_REWARD_TOO_LOW|RSI_NOT_BELOW_32|CLOSE_NOT_NEAR_OR_BELOW_LOWER_BB|CLOSE_NOT_ABOVE_MA200
2026-09-28T05:14:25.707102+00:00,SIE_OLD_MR_REGIME_EXHAUSTION_CONFIRM_V1,XRP,XRPUSDT,strategy-lab-v1.0.0:SIE_OLD_MR_REGIME_EXHAUSTION_CONFIRM_V1,1790571600000,2026-09-28T05:00:00+00:00,1.496,1.4992,1.4886,1.4888,35.84710743801648,1.517525,1.4867617833281028,1.5117595,0.016378571428571416,0.011001189836493428,38.512763596004454,1.2500000000000033,False,RSI_NOT_BELOW_32|CLOSE_NOT_NEAR_OR_BELOW_LOWER_BB|CLOSE_NOT_ABOVE_MA200|RSI_RECOVERY_NOT_CONFIRMED
2026-09-28T05:14:25.707102+00:00,SIE_OLD_MR_REGIME_EXHAUSTION_CONFIRM_V1,DOGE,DOGEUSDT,strategy-lab-v1.0.0:SIE_OLD_MR_REGIME_EXHAUSTION_CONFIRM_V1,1790550000000,2026-09-27T23:00:00+00:00,0.09578,0.09714,0.09573,0.09684,42.570281124497996,0.097165,0.09571691851058192,0.09510400000000001,0.0010078571428571387,0.010407446745736666,34.30321592649315,1.2500000000000069,False,RSI_NOT_BELOW_32|CLOSE_NOT_NEAR_OR_BELOW_LOWER_BB
2026-09-28T05:14:25.707102+00:00,SIE_OLD_MR_REGIME_EXHAUSTION_CONFIRM_V1,DOGE,DOGEUSDT,strategy-lab-v1.0.0:SIE_OLD_MR_REGIME_EXHAUSTION_CONFIRM_V1,1790553600000,2026-09-28T00:00:00+00:00,0.09686,0.0978,0.09631,0.09653,42.28723404255322,0.09721450000000001,0.09593400829756876,0.09513845,0.0010764285714285674,0.011151233517337277,42.570281124497996,1.2499999999999936,False,PLANNED_REWARD_TOO_LOW|RSI_NOT_BELOW_32|CLOSE_NOT_NEAR_OR_BELOW_LOWER_BB|RSI_RECOVERY_NOT_CONFIRMED
2026-09-28T05:14:25.707102+00:00,SIE_OLD_MR_REGIME_EXHAUSTION_CONFIRM_V1,DOGE,DOGEUSDT,strategy-lab-v1.0.0:SIE_OLD_MR_REGIME_EXHAUSTION_CONFIRM_V1,1790557200000,2026-09-28T01:00:00+00:00,0.09657,0.09711,0.09528,0.09546,35.74821852731591,0.09717100000000001,0.09572487552403147,0.09516669999999999,0.0011657142857142819,0.012211547095267984,42.28723404255322,1.2499999999999971,False,PLANNED_REWARD_TOO_LOW|RSI_NOT_BELOW_32|RSI_RECOVERY_NOT_CONFIRMED
2026-09-28T05:14:25.707102+00:00,SIE_OLD_MR_REGIME_EXHAUSTION_CONFIRM_V1,DOGE,DOGEUSDT,strategy-lab-v1.0.0:SIE_OLD_MR_REGIME_EXHAUSTION_CONFIRM_V1,1790560800000,2026-09-28T02:00:00+00:00,0.09541,0.09604,0.09463,0.09472,30.58690744920996,0.09705949999999999,0.09526137347497586,0.09519145,0.0011935714285714247,0.01260104971042467,35.74821852731591,1.2499999999999971,False,PLANNED_REWARD_TOO_LOW|CLOSE_NOT_ABOVE_MA200|RSI_RECOVERY_NOT_CONFIRMED
2026-09-28T05:14:25.707102+00:00,SIE_OLD_MR_REGIME_EXHAUSTION_CONFIRM_V1,DOGE,DOGEUSDT,strategy-lab-v1.0.0:SIE_OLD_MR_REGIME_EXHAUSTION_CONFIRM_V1,1790564400000,2026-09-28T03:00:00+00:00,0.09473,0.0951,0.09322,0.09402,29.39262472885035,0.096856,0.09468737462894221,0.0952155,0.0012371428571428544,0.013158294587777647,30.58690744920996,1.2499999999999944,False,PLANNED_REWARD_TOO_LOW|CLOSE_NOT_ABOVE_MA200|RSI_RECOVERY_NOT_CONFIRMED
2026-09-28T05:14:25.707102+00:00,SIE_OLD_MR_REGIME_EXHAUSTION_CONFIRM_V1,DOGE,DOGEUSDT,strategy-lab-v1.0.0:SIE_OLD_MR_REGIME_EXHAUSTION_CONFIRM_V1,1790568000000,2026-09-28T04:00:00+00:00,0.09401,0.09452,0.0933,0.09438,36.0328638497653,0.09668299999999999,0.09431325655397137,0.0952424,0.0012078571428571405,0.012797808252353682,29.39262472885035,1.2500000000000029,False,RSI_NOT_BELOW_32|CLOSE_NOT_ABOVE_MA200
2026-09-28T05:14:25.707102+00:00,SIE_OLD_MR_REGIME_EXHAUSTION_CONFIRM_V1,DOGE,DOGEUSDT,strategy-lab-v1.0.0:SIE_OLD_MR_REGIME_EXHAUSTION_CONFIRM_V1,1790571600000,2026-09-28T05:00:00+00:00,0.09436,0.09467,0.09408,0.09408,33.75576036866359,0.0964895,0.0939399943616466,0.09527605,0.0011921428571428558,0.01267158649173954,36.0328638497653,1.2500000000000029,False,RSI_NOT_BELOW_32|CLOSE_NOT_NEAR_OR_BELOW_LOWER_BB|CLOSE_NOT_ABOVE_MA200|RSI_RECOVERY_NOT_CONFIRMED
2026-09-28T05:14:25.707102+00:00,SIE_OLD_MR_REGIME_EXHAUSTION_CONFIRM_V1,BNB,BNBUSDT,strategy-lab-v1.0.0:SIE_OLD_MR_REGIME_EXHAUSTION_CONFIRM_V1,1790550000000,2026-09-27T23:00:00+00:00,775.24,779.38,774.86,778.51,47.62415148267228,777.376,772.2154790960582,775.8937999999999,3.1978571428571416,0.004107663540426124,42.823712948517965,1.25,False,RSI_NOT_BELOW_32|CLOSE_NOT_NEAR_OR_BELOW_LOWER_BB
2026-09-28T05:14:25.707102+00:00,SIE_OLD_MR_REGIME_EXHAUSTION_CONFIRM_V1,BNB,BNBUSDT,strategy-lab-v1.0.0:SIE_OLD_MR_REGIME_EXHAUSTION_CONFIRM_V1,1790553600000,2026-09-28T00:00:00+00:00,778.45,784.3,777.85,778.43,49.20634920634908,777.7584999999999,773.567260207287,775.94515,3.4971428571428516,0.004492559198826936,47.62415148267228,1.2500000000000082,False,RSI_NOT_BELOW_32|CLOSE_NOT_NEAR_OR_BELOW_LOWER_BB|RSI_RECOVERY_NOT_CONFIRMED
2026-09-28T05:14:25.707102+00:00,SIE_OLD_MR_REGIME_EXHAUSTION_CONFIRM_V1,BNB,BNBUSDT,strategy-lab-v1.0.0:SIE_OLD_MR_REGIME_EXHAUSTION_CONFIRM_V1,1790557200000,2026-09-28T01:00:00+00:00,778.09,779.99,772.8,773.9,39.954038082731344,777.7975,773.7682475879488,776.0018000000001,3.8785714285714255,0.005011721706385096,49.20634920634908,1.25,False,RSI_NOT_BELOW_32|CLOSE_NOT_ABOVE_MA200|RSI_RECOVERY_NOT_CONFIRMED
2026-09-28T05:14:25.707102+00:00,SIE_OLD_MR_REGIME_EXHAUSTION_CONFIRM_V1,BNB,BNBUSDT,strategy-lab-v1.0.0:SIE_OLD_MR_REGIME_EXHAUSTION_CONFIRM_V1,1790560800000,2026-09-28T02:00:00+00:00,773.67,776.21,771.27,772.24,38.36696090794441,777.6755,773.1578967637673,776.0458,3.9864285714285757,0.005162162762131689,39.954038082731344,1.2499999999999858,False,PLANNED_REWARD_TOO_LOW|RSI_NOT_BELOW_32|CLOSE_NOT_ABOVE_MA200|RSI_RECOVERY_NOT_CONFIRMED
2026-09-28T05:14:25.707102+00:00,SIE_OLD_MR_REGIME_EXHAUSTION_CONFIRM_V1,BNB,BNBUSDT,strategy-lab-v1.0.0:SIE_OLD_MR_REGIME_EXHAUSTION_CONFIRM_V1,1790564400000,2026-09-28T03:00:00+00:00,772.42,772.73,767.81,770.28,33.57010500308823,777.27,771.7393942465567,776.08245,4.019285714285721,0.0052179541391256705,38.36696090794441,1.249999999999993,False,PLANNED_REWARD_TOO_LOW|RSI_NOT_BELOW_32|CLOSE_NOT_ABOVE_MA200|RSI_RECOVERY_NOT_CONFIRMED
2026-09-28T05:14:25.707102+00:00,SIE_OLD_MR_REGIME_EXHAUSTION_CONFIRM_V1,BNB,BNBUSDT,strategy-lab-v1.0.0:SIE_OLD_MR_REGIME_EXHAUSTION_CONFIRM_V1,1790568000000,2026-09-28T04:00:00+00:00,770.0,772.91,768.24,771.64,41.275734053324335,776.932,770.9141412445937,776.13185,4.012857142857139,0.005200426549760431,33.57010500308823,1.250000000000007,False,RSI_NOT_BELOW_32|CLOSE_NOT_NEAR_OR_BELOW_LOWER_BB|CLOSE_NOT_ABOVE_MA200
2026-09-28T05:14:25.707102+00:00,SIE_OLD_MR_REGIME_EXHAUSTION_CONFIRM_V1,BNB,BNBUSDT,strategy-lab-v1.0.0:SIE_OLD_MR_REGIME_EXHAUSTION_CONFIRM_V1,1790571600000,2026-09-28T05:00:00+00:00,771.68,772.36,769.16,769.16,40.91669454667098,776.398,769.6553370245858,776.1798000000001,4.028571428571435,0.005237624718616978,41.275734053324335,1.25,False,RSI_NOT_BELOW_32|CLOSE_NOT_ABOVE_MA200|RSI_RECOVERY_NOT_CONFIRMED
2026-09-28T05:14:25.707102+00:00,SIE_OLD_MR_REGIME_EXHAUSTION_CONFIRM_V1,PAXG,PAXGUSDT,strategy-lab-v1.0.0:SIE_OLD_MR_REGIME_EXHAUSTION_CONFIRM_V1,1790550000000,2026-09-27T23:00:00+00:00,4255.76,4262.97,4255.5,4257.61,14.147286821701144,4274.963,4262.431939230794,4309.99625,4.066428571428527,0.0009550965380644369,15.025575447567832,1.250000000000112,False,TREND_SUPPORT_NOT_CONFIRMED|CLOSE_NOT_ABOVE_MA200|RSI_RECOVERY_NOT_CONFIRMED
2026-09-28T05:14:25.707102+00:00,SIE_OLD_MR_REGIME_EXHAUSTION_CONFIRM_V1,PAXG,PAXGUSDT,strategy-lab-v1.0.0:SIE_OLD_MR_REGIME_EXHAUSTION_CONFIRM_V1,1790553600000,2026-09-28T00:00:00+00:00,4255.0,4255.62,4227.83,4231.36,7.169214549286863,4272.7305,4249.990307850384,4309.3154,6.037142857142824,0.0014267618111299498,14.147286821701144,1.2499999999999623,False,TREND_SUPPORT_NOT_CONFIRMED|PLANNED_REWARD_TOO_LOW|CLOSE_NOT_ABOVE_MA200|RSI_RECOVERY_NOT_CONFIRMED
2026-09-28T05:14:25.707102+00:00,SIE_OLD_MR_REGIME_EXHAUSTION_CONFIRM_V1,PAXG,PAXGUSDT,strategy-lab-v1.0.0:SIE_OLD_MR_REGIME_EXHAUSTION_CONFIRM_V1,1790557200000,2026-09-28T01:00:00+00:00,4229.59,4230.9,4210.4,4217.79,5.8764222958362495,4269.74,4236.872184739454,4308.58485,7.307857142857107,0.0017326270731489967,7.169214549286863,1.249999999999969,False,TREND_SUPPORT_NOT_CONFIRMED|PLANNED_REWARD_TOO_LOW|CLOSE_NOT_ABOVE_MA200|RSI_RECOVERY_NOT_CONFIRMED
2026-09-28T05:14:25.707102+00:00,SIE_OLD_MR_REGIME_EXHAUSTION_CONFIRM_V1,PAXG,PAXGUSDT,strategy-lab-v1.0.0:SIE_OLD_MR_REGIME_EXHAUSTION_CONFIRM_V1,1790560800000,2026-09-28T02:00:00+00:00,4219.69,4219.69,4200.57,4200.63,4.760793465576569,4265.8625,4221.577683696878,4307.7622,8.557857142857106,0.002037279442097282,5.8764222958362495,1.2499999999999734,False,TREND_SUPPORT_NOT_CONFIRMED|PLANNED_REWARD_TOO_LOW|CLOSE_NOT_ABOVE_MA200|RSI_RECOVERY_NOT_CONFIRMED
2026-09-28T05:14:25.707102+00:00,SIE_OLD_MR_REGIME_EXHAUSTION_CONFIRM_V1,PAXG,PAXGUSDT,strategy-lab-v1.0.0:SIE_OLD_MR_REGIME_EXHAUSTION_CONFIRM_V1,1790564400000,2026-09-28T03:00:00+00:00,4200.19,4206.68,4195.99,4201.82,6.105897346771812,4262.056500000001,4210.14968377129,4306.95315,9.269285714285681,0.002206016848481297,4.760793465576569,1.2500000000000244,False,TREND_SUPPORT_NOT_CONFIRMED|CLOSE_NOT_ABOVE_MA200
2026-09-28T05:14:25.707102+00:00,SIE_OLD_MR_REGIME_EXHAUSTION_CONFIRM_V1,PAXG,PAXGUSDT,strategy-lab-v1.0.0:SIE_OLD_MR_REGIME_EXHAUSTION_CONFIRM_V1,1790568000000,2026-09-28T04:00:00+00:00,4201.18,4204.51,4199.3,4199.3,5.97776769509845,4258.1230000000005,4200.07598763932,4306.1348499999995,9.477857142857115,0.002257008821198084,6.105897346771812,1.250000000000024,False,TREND_SUPPORT_NOT_CONFIRMED|CLOSE_NOT_ABOVE_MA200|RSI_RECOVERY_NOT_CONFIRMED
2026-09-28T05:14:25.707102+00:00,SIE_OLD_MR_REGIME_EXHAUSTION_CONFIRM_V1,PAXG,PAXGUSDT,strategy-lab-v1.0.0:SIE_OLD_MR_REGIME_EXHAUSTION_CONFIRM_V1,1790571600000,2026-09-28T05:00:00+00:00,4201.25,4201.93,4195.0,4195.0,5.815493268592775,4253.882500000001,4190.634055631773,4305.29025,9.802857142857127,0.0023367955048527117,5.97776769509845,1.2500000000000464,False,TREND_SUPPORT_NOT_CONFIRMED|CLOSE_NOT_NEAR_OR_BELOW_LOWER_BB|CLOSE_NOT_ABOVE_MA200|RSI_RECOVERY_NOT_CONFIRMED
2026-09-28T13:44:21.197080+00:00,SIE_OLD_MR_REGIME_EXHAUSTION_CONFIRM_V1,BTC,BTCUSDT,strategy-lab-v1.0.0:SIE_OLD_MR_REGIME_EXHAUSTION_CONFIRM_V1,1790575200000,2026-09-28T06:00:00+00:00,83155.42,83300.0,83013.17,83134.0,29.87259137784217,84214.343,83009.06678896461,84124.40425,429.16142857142614,0.0051622853293649545,29.753143424330048,1.2500000000000084,False,CLOSE_NOT_NEAR_OR_BELOW_LOWER_BB|CLOSE_NOT_ABOVE_MA200|RSI_RECOVERY_NOT_CONFIRMED
2026-09-28T13:44:21.197080+00:00,SIE_OLD_MR_REGIME_EXHAUSTION_CONFIRM_V1,BTC,BTCUSDT,strategy-lab-v1.0.0:SIE_OLD_MR_REGIME_EXHAUSTION_CONFIRM_V1,1790578800000,2026-09-28T07:00:00+00:00,83134.0,83252.5,82860.6,82915.33,24.625184398782807,84116.25850000001,82826.34871172228,84132.81135,439.5107142857118,0.005300717180836303,29.87259137784217,1.25,False,TREND_SUPPORT_NOT_CONFIRMED|CLOSE_NOT_NEAR_OR_BELOW_LOWER_BB|CLOSE_NOT_ABOVE_MA200|RSI_RECOVERY_NOT_CONFIRMED
2026-09-28T13:44:21.197080+00:00,SIE_OLD_MR_REGIME_EXHAUSTION_CONFIRM_V1,BTC,BTCUSDT,strategy-lab-v1.0.0:SIE_OLD_MR_REGIME_EXHAUSTION_CONFIRM_V1,1790582400000,2026-09-28T08:00:00+00:00,82915.34,83113.93,82726.4,82913.58,18.612534673313377,84022.74299999999,82670.3275986356,84141.061,447.50857142856904,0.005397289218829642,24.625184398782807,1.2499999999999838,False,TREND_SUPPORT_NOT_CONFIRMED|PLANNED_REWARD_TOO_LOW|CLOSE_NOT_NEAR_OR_BELOW_LOWER_BB|CLOSE_NOT_ABOVE_MA200|RSI_RECOVERY_NOT_CONFIRMED
2026-09-28T13:44:21.197080+00:00,SIE_OLD_MR_REGIME_EXHAUSTION_CONFIRM_V1,BTC,BTCUSDT,strategy-lab-v1.0.0:SIE_OLD_MR_REGIME_EXHAUSTION_CONFIRM_V1,1790586000000,2026-09-28T09:00:00+00:00,82913.59,82970.83,82550.0,82636.22,17.469768430396357,83903.61000000002,82504.22150767794,84148.88355,464.05428571428325,0.005615628179922596,18.612534673313377,1.25,False,TREND_SUPPORT_NOT_CONFIRMED|CLOSE_NOT_NEAR_OR_BELOW_LOWER_BB|CLOSE_NOT_ABOVE_MA200|RSI_RECOVERY_NOT_CONFIRMED
2026-09-28T13:44:21.197080+00:00,SIE_OLD_MR_REGIME_EXHAUSTION_CONFIRM_V1,BTC,BTCUSDT,strategy-lab-v1.0.0:SIE_OLD_MR_REGIME_EXHAUSTION_CONFIRM_V1,1790589600000,2026-09-28T10:00:00+00:00,82636.22,83010.45,82631.67,82909.17,25.309950985910362,83823.06850000001,82389.84302023266,84161.90220000001,470.9964285714263,0.0056808725569370225,17.469768430396357,1.2499999999999922,False,TREND_SUPPORT_NOT_CONFIRMED|PLANNED_REWARD_TOO_LOW|CLOSE_NOT_NEAR_OR_BELOW_LOWER_BB|CLOSE_NOT_ABOVE_MA200
2026-09-28T13:44:21.197080+00:00,SIE_OLD_MR_REGIME_EXHAUSTION_CONFIRM_V1,BTC,BTCUSDT,strategy-lab-v1.0.0:SIE_OLD_MR_REGIME_EXHAUSTION_CONFIRM_V1,1790593200000,2026-09-28T11:00:00+00:00,82909.17,83093.39,82909.17,83058.92,25.44944366162953,83753.5405,82313.71237926395,84174.90269999999,463.5978571428547,0.005581554120169811,25.309950985910362,1.25,False,TREND_SUPPORT_NOT_CONFIRMED|CLOSE_NOT_NEAR_OR_BELOW_LOWER_BB|CLOSE_NOT_ABOVE_MA200
2026-09-28T13:44:21.197080+00:00,SIE_OLD_MR_REGIME_EXHAUSTION_CONFIRM_V1,BTC,BTCUSDT,strategy-lab-v1.0.0:SIE_OLD_MR_REGIME_EXHAUSTION_CONFIRM_V1,1790596800000,2026-09-28T12:00:00+00:00,83058.92,83615.98,82979.16,83560.35,40.510574721682055,83711.036,82301.4120748273,84190.72475,464.2192857142831,0.005555497143253745,25.44944366162953,1.2499999999999922,False,TREND_SUPPORT_NOT_CONFIRMED|PLANNED_REWARD_TOO_LOW|RSI_NOT_BELOW_32|CLOSE_NOT_NEAR_OR_BELOW_LOWER_BB|CLOSE_NOT_ABOVE_MA200
2026-09-28T13:44:21.197080+00:00,SIE_OLD_MR_REGIME_EXHAUSTION_CONFIRM_V1,BTC,BTCUSDT,strategy-lab-v1.0.0:SIE_OLD_MR_REGIME_EXHAUSTION_CONFIRM_V1,1790600400000,2026-09-28T13:00:00+00:00,83560.35,83804.76,83279.29,83778.92,39.49144513009183,83671.9945,82316.33922956351,84207.33929999999,472.31428571428324,0.00563762681249989,40.510574721682055,1.2500000000000078,False,TREND_SUPPORT_NOT_CONFIRMED|RSI_NOT_BELOW_32|CLOSE_NOT_NEAR_OR_BELOW_LOWER_BB|CLOSE_NOT_ABOVE_MA200|RSI_RECOVERY_NOT_CONFIRMED
2026-09-28T13:44:21.197080+00:00,SIE_OLD_MR_REGIME_EXHAUSTION_CONFIRM_V1,SOL,SOLUSDT,strategy-lab-v1.0.0:SIE_OLD_MR_REGIME_EXHAUSTION_CONFIRM_V1,1790575200000,2026-09-28T06:00:00+00:00,119.12,119.46,118.17,118.7,29.935483870967772,121.6395,118.72072303010181,117.18610000000001,1.2714285714285711,0.010711276928631601,32.11875843454793,1.2499999999999944,False,PLANNED_REWARD_TOO_LOW|RSI_RECOVERY_NOT_CONFIRMED
2026-09-28T13:44:21.197080+00:00,SIE_OLD_MR_REGIME_EXHAUSTION_CONFIRM_V1,SOL,SOLUSDT,strategy-lab-v1.0.0:SIE_OLD_MR_REGIME_EXHAUSTION_CONFIRM_V1,1790578800000,2026-09-28T07:00:00+00:00,118.7,119.12,117.85,117.99,25.304136253041435,121.34400000000001,118.21162454357595,117.22089999999999,1.327857142857143,0.011253980361531852,29.935483870967772,1.2499999999999947,False,PLANNED_REWARD_TOO_LOW|RSI_RECOVERY_NOT_CONFIRMED
2026-09-28T13:44:21.197080+00:00,SIE_OLD_MR_REGIME_EXHAUSTION_CONFIRM_V1,SOL,SOLUSDT,strategy-lab-v1.0.0:SIE_OLD_MR_REGIME_EXHAUSTION_CONFIRM_V1,1790582400000,2026-09-28T08:00:00+00:00,118.01,118.56,117.95,118.31,16.005471956224497,121.09350000000002,117.83452915017524,117.25789999999999,1.2728571428571434,0.0107586606614584,25.304136253041435,1.2500000000000029,False,CLOSE_NOT_NEAR_OR_BELOW_LOWER_BB|RSI_RECOVERY_NOT_CONFIRMED
2026-09-28T13:44:21.197080+00:00,SIE_OLD_MR_REGIME_EXHAUSTION_CONFIRM_V1,SOL,SOLUSDT,strategy-lab-v1.0.0:SIE_OLD_MR_REGIME_EXHAUSTION_CONFIRM_V1,1790586000000,2026-09-28T09:00:00+00:00,118.3,118.65,117.53,117.72,15.334207077326482,120.82149999999999,117.39411455333551,117.2959,1.3128571428571436,0.01115237124411437,16.005471956224497,1.2499999999999973,False,PLANNED_REWARD_TOO_LOW|CLOSE_NOT_NEAR_OR_BELOW_LOWER_BB|RSI_RECOVERY_NOT_CONFIRMED
2026-09-28T13:44:21.197080+00:00,SIE_OLD_MR_REGIME_EXHAUSTION_CONFIRM_V1,SOL,SOLUSDT,strategy-lab-v1.0.0:SIE_OLD_MR_REGIME_EXHAUSTION_CONFIRM_V1,1790589600000,2026-09-28T10:00:00+00:00,117.72,118.73,117.72,118.42,23.34581772784034,120.65799999999999,117.10235322339135,117.34989999999999,1.3178571428571442,0.011128670350085662,15.334207077326482,1.2499999999999947,False,PLANNED_REWARD_TOO_LOW|CLOSE_NOT_NEAR_OR_BELOW_LOWER_BB
2026-09-28T13:44:21.197080+00:00,SIE_OLD_MR_REGIME_EXHAUSTION_CONFIRM_V1,SOL,SOLUSDT,strategy-lab-v1.0.0:SIE_OLD_MR_REGIME_EXHAUSTION_CONFIRM_V1,1790593200000,2026-09-28T11:00:00+00:00,118.42,118.8,118.33,118.69,24.384236453202092,120.505,116.88766672809827,117.39905,1.2742857142857156,0.010736251700107132,23.34581772784034,1.2500000000000029,False,CLOSE_NOT_NEAR_OR_BELOW_LOWER_BB
2026-09-28T13:44:21.197080+00:00,SIE_OLD_MR_REGIME_EXHAUSTION_CONFIRM_V1,SOL,SOLUSDT,strategy-lab-v1.0.0:SIE_OLD_MR_REGIME_EXHAUSTION_CONFIRM_V1,1790596800000,2026-09-28T12:00:00+00:00,118.67,120.21,118.44,120.0,41.27979924717695,120.4145,116.84200241427553,117.45415000000001,1.250000000000001,0.010416666666666676,24.384236453202092,1.25,False,RSI_NOT_BELOW_32|CLOSE_NOT_NEAR_OR_BELOW_LOWER_BB
2026-09-28T13:44:21.197080+00:00,SIE_OLD_MR_REGIME_EXHAUSTION_CONFIRM_V1,SOL,SOLUSDT,strategy-lab-v1.0.0:SIE_OLD_MR_REGIME_EXHAUSTION_CONFIRM_V1,1790600400000,2026-09-28T13:00:00+00:00,119.99,120.36,119.35,120.21,38.421052631578966,120.32250000000002,116.82932451056249,117.5116,1.2578571428571448,0.010463831152625778,41.27979924717695,1.2499999999999944,False,PLANNED_REWARD_TOO_LOW|RSI_NOT_BELOW_32|CLOSE_NOT_NEAR_OR_BELOW_LOWER_BB|RSI_RECOVERY_NOT_CONFIRMED
2026-09-28T13:44:21.197080+00:00,SIE_OLD_MR_REGIME_EXHAUSTION_CONFIRM_V1,XRP,XRPUSDT,strategy-lab-v1.0.0:SIE_OLD_MR_REGIME_EXHAUSTION_CONFIRM_V1,1790575200000,2026-09-28T06:00:00+00:00,1.4836,1.4905,1.4768,1.4794,31.250000000000014,1.514345,1.480063315385626,1.5120520000000002,0.01790714285714285,0.012104328009424665,34.08644400785853,1.250000000000003,False,CLOSE_NOT_ABOVE_MA200|RSI_RECOVERY_NOT_CONFIRMED
2026-09-28T13:44:21.197080+00:00,SIE_OLD_MR_REGIME_EXHAUSTION_CONFIRM_V1,XRP,XRPUSDT,strategy-lab-v1.0.0:SIE_OLD_MR_REGIME_EXHAUSTION_CONFIRM_V1,1790578800000,2026-09-28T07:00:00+00:00,1.4794,1.4879,1.4699,1.471,24.90601503759399,1.5110199999999998,1.4736095950302666,1.5123575,0.018649999999999993,0.012678450033990478,31.250000000000014,1.25,False,TREND_SUPPORT_NOT_CONFIRMED|CLOSE_NOT_ABOVE_MA200|RSI_RECOVERY_NOT_CONFIRMED
2026-09-28T13:44:21.197080+00:00,SIE_OLD_MR_REGIME_EXHAUSTION_CONFIRM_V1,XRP,XRPUSDT,strategy-lab-v1.0.0:SIE_OLD_MR_REGIME_EXHAUSTION_CONFIRM_V1,1790582400000,2026-09-28T08:00:00+00:00,1.471,1.4843,1.47,1.4805,21.435594886922203,1.50829,1.47034198819438,1.5127329999999999,0.01840714285714286,0.012433058329714869,24.90601503759399,1.25,False,TREND_SUPPORT_NOT_CONFIRMED|CLOSE_NOT_NEAR_OR_BELOW_LOWER_BB|CLOSE_NOT_ABOVE_MA200|RSI_RECOVERY_NOT_CONFIRMED
2026-09-28T13:44:21.197080+00:00,SIE_OLD_MR_REGIME_EXHAUSTION_CONFIRM_V1,XRP,XRPUSDT,strategy-lab-v1.0.0:SIE_OLD_MR_REGIME_EXHAUSTION_CONFIRM_V1,1790586000000,2026-09-28T09:00:00+00:00,1.4802,1.4863,1.4696,1.4786,22.68470343392289,1.50558,1.4672808302962126,1.5131264999999998,0.018821428571428576,0.01272922262371742,21.435594886922203,1.250000000000006,False,TREND_SUPPORT_NOT_CONFIRMED|CLOSE_NOT_NEAR_OR_BELOW_LOWER_BB|CLOSE_NOT_ABOVE_MA200|RSI_RECOVERY_NOT_CONFIRMED
2026-09-28T13:44:21.197080+00:00,SIE_OLD_MR_REGIME_EXHAUSTION_CONFIRM_V1,XRP,XRPUSDT,strategy-lab-v1.0.0:SIE_OLD_MR_REGIME_EXHAUSTION_CONFIRM_V1,1790589600000,2026-09-28T10:00:00+00:00,1.4788,1.4939,1.4786,1.4886,32.482124616956014,1.50418,1.4655488933629968,1.513718,0.018950000000000022,0.012730081956200472,22.68470343392289,1.2500000000000029,False,TREND_SUPPORT_NOT_CONFIRMED|RSI_NOT_BELOW_32|CLOSE_NOT_NEAR_OR_BELOW_LOWER_BB|CLOSE_NOT_ABOVE_MA200
2026-09-28T13:44:21.197080+00:00,SIE_OLD_MR_REGIME_EXHAUSTION_CONFIRM_V1,XRP,XRPUSDT,strategy-lab-v1.0.0:SIE_OLD_MR_REGIME_EXHAUSTION_CONFIRM_V1,1790593200000,2026-09-28T11:00:00+00:00,1.4886,1.4955,1.4845,1.4931,35.72834645669295,1.5030249999999998,1.4645193705414448,1.5142734999999998,0.018614285714285743,0.012466871418046843,32.482124616956014,1.2499999999999971,False,TREND_SUPPORT_NOT_CONFIRMED|PLANNED_REWARD_TOO_LOW|RSI_NOT_BELOW_32|CLOSE_NOT_NEAR_OR_BELOW_LOWER_BB|CLOSE_NOT_ABOVE_MA200
2026-09-28T13:44:21.197080+00:00,SIE_OLD_MR_REGIME_EXHAUSTION_CONFIRM_V1,XRP,XRPUSDT,strategy-lab-v1.0.0:SIE_OLD_MR_REGIME_EXHAUSTION_CONFIRM_V1,1790596800000,2026-09-28T12:00:00+00:00,1.4926,1.5267,1.4894,1.5235,56.71768707482995,1.50328,1.4643057726183117,1.5149875,0.0197714285714286,0.012977636082329241,35.72834645669295,1.25,False,TREND_SUPPORT_NOT_CONFIRMED|RSI_NOT_BELOW_32|CLOSE_NOT_NEAR_OR_BELOW_LOWER_BB
2026-09-28T13:44:21.197080+00:00,SIE_OLD_MR_REGIME_EXHAUSTION_CONFIRM_V1,XRP,XRPUSDT,strategy-lab-v1.0.0:SIE_OLD_MR_REGIME_EXHAUSTION_CONFIRM_V1,1790600400000,2026-09-28T13:00:00+00:00,1.5236,1.5322,1.5145,1.5275,54.91585473870687,1.503435,1.4641030142886287,1.515715,0.02006428571428574,0.013135375263034854,56.71768707482995,1.25,False,TREND_SUPPORT_NOT_CONFIRMED|RSI_NOT_BELOW_32|CLOSE_NOT_NEAR_OR_BELOW_LOWER_BB|RSI_RECOVERY_NOT_CONFIRMED
2026-09-28T13:44:21.197080+00:00,SIE_OLD_MR_REGIME_EXHAUSTION_CONFIRM_V1,DOGE,DOGEUSDT,strategy-lab-v1.0.0:SIE_OLD_MR_REGIME_EXHAUSTION_CONFIRM_V1,1790575200000,2026-09-28T06:00:00+00:00,0.09329,0.09383,0.09283,0.09296,30.745015739769173,0.096215,0.09317364832681224,0.09529815,0.0013092857142857131,0.014084398819768858,31.038135593220346,1.2499999999999947,False,PLANNED_REWARD_TOO_LOW|CLOSE_NOT_ABOVE_MA200|RSI_RECOVERY_NOT_CONFIRMED
2026-09-28T13:44:21.197080+00:00,SIE_OLD_MR_REGIME_EXHAUSTION_CONFIRM_V1,DOGE,DOGEUSDT,strategy-lab-v1.0.0:SIE_OLD_MR_REGIME_EXHAUSTION_CONFIRM_V1,1790578800000,2026-09-28T07:00:00+00:00,0.0929,0.09338,0.0923,0.0925,26.83937823834195,0.095947,0.09260311543261404,0.09532225,0.0013514285714285718,0.014610038610038614,30.745015739769173,1.2499999999999973,False,PLANNED_REWARD_TOO_LOW|CLOSE_NOT_ABOVE_MA200|RSI_RECOVERY_NOT_CONFIRMED
2026-09-28T13:44:21.197080+00:00,SIE_OLD_MR_REGIME_EXHAUSTION_CONFIRM_V1,DOGE,DOGEUSDT,strategy-lab-v1.0.0:SIE_OLD_MR_REGIME_EXHAUSTION_CONFIRM_V1,1790582400000,2026-09-28T08:00:00+00:00,0.0925,0.09319,0.09244,0.09298,24.3301178992497,0.09568800000000001,0.09226829474954318,0.0953495,0.0013364285714285717,0.014373290723043362,26.83937823834195,1.25,False,CLOSE_NOT_NEAR_OR_BELOW_LOWER_BB|CLOSE_NOT_ABOVE_MA200|RSI_RECOVERY_NOT_CONFIRMED
2026-09-28T13:44:21.197080+00:00,SIE_OLD_MR_REGIME_EXHAUSTION_CONFIRM_V1,DOGE,DOGEUSDT,strategy-lab-v1.0.0:SIE_OLD_MR_REGIME_EXHAUSTION_CONFIRM_V1,1790586000000,2026-09-28T09:00:00+00:00,0.09301,0.09317,0.09212,0.09232,24.27807486631015,0.095413,0.09184207799021007,0.09537515,0.0013635714285714304,0.014770054468927972,24.3301178992497,1.249999999999995,False,PLANNED_REWARD_TOO_LOW|CLOSE_NOT_NEAR_OR_BELOW_LOWER_BB|CLOSE_NOT_ABOVE_MA200|RSI_RECOVERY_NOT_CONFIRMED
2026-09-28T13:44:21.197080+00:00,SIE_OLD_MR_REGIME_EXHAUSTION_CONFIRM_V1,DOGE,DOGEUSDT,strategy-lab-v1.0.0:SIE_OLD_MR_REGIME_EXHAUSTION_CONFIRM_V1,1790589600000,2026-09-28T10:00:00+00:00,0.09236,0.09338,0.09236,0.09314,30.93093093093094,0.09523200000000001,0.09158633627442107,0.09541369999999999,0.0013807142857142887,0.014824074358109177,24.27807486631015,1.25,False,TREND_SUPPORT_NOT_CONFIRMED|CLOSE_NOT_NEAR_OR_BELOW_LOWER_BB|CLOSE_NOT_ABOVE_MA200
2026-09-28T13:44:21.197080+00:00,SIE_OLD_MR_REGIME_EXHAUSTION_CONFIRM_V1,DOGE,DOGEUSDT,strategy-lab-v1.0.0:SIE_OLD_MR_REGIME_EXHAUSTION_CONFIRM_V1,1790593200000,2026-09-28T11:00:00+00:00,0.0932,0.09336,0.09294,0.09313,28.170478170478134,0.0950435,0.09137253677490469,0.09545055000000001,0.0013364285714285748,0.014350140356797754,30.93093093093094,1.25,False,TREND_SUPPORT_NOT_CONFIRMED|CLOSE_NOT_NEAR_OR_BELOW_LOWER_BB|CLOSE_NOT_ABOVE_MA200|RSI_RECOVERY_NOT_CONFIRMED
2026-09-28T13:44:21.197080+00:00,SIE_OLD_MR_REGIME_EXHAUSTION_CONFIRM_V1,DOGE,DOGEUSDT,strategy-lab-v1.0.0:SIE_OLD_MR_REGIME_EXHAUSTION_CONFIRM_V1,1790596800000,2026-09-28T12:00:00+00:00,0.09313,0.09474,0.09288,0.09449,43.11440677966103,0.09493650000000001,0.09133260613363793,0.09549590000000001,0.0013300000000000037,0.01407556355169863,28.170478170478134,1.25,False,TREND_SUPPORT_NOT_CONFIRMED|RSI_NOT_BELOW_32|CLOSE_NOT_NEAR_OR_BELOW_LOWER_BB|CLOSE_NOT_ABOVE_MA200
2026-09-28T13:44:21.197080+00:00,SIE_OLD_MR_REGIME_EXHAUSTION_CONFIRM_V1,DOGE,DOGEUSDT,strategy-lab-v1.0.0:SIE_OLD_MR_REGIME_EXHAUSTION_CONFIRM_V1,1790600400000,2026-09-28T13:00:00+00:00,0.09444,0.0946,0.0937,0.09436,35.44600938967136,0.094806,0.09131897031845121,0.09554095,0.0012935714285714317,0.013708896021316572,43.11440677966103,1.2500000000000027,False,TREND_SUPPORT_NOT_CONFIRMED|RSI_NOT_BELOW_32|CLOSE_NOT_NEAR_OR_BELOW_LOWER_BB|CLOSE_NOT_ABOVE_MA200|RSI_RECOVERY_NOT_CONFIRMED
2026-09-28T13:44:21.197080+00:00,SIE_OLD_MR_REGIME_EXHAUSTION_CONFIRM_V1,BNB,BNBUSDT,strategy-lab-v1.0.0:SIE_OLD_MR_REGIME_EXHAUSTION_CONFIRM_V1,1790575200000,2026-09-28T06:00:00+00:00,765.75,766.9,761.65,763.5,31.932282545242202,775.4485000000001,766.1178166916857,776.1721000000001,4.799285714285718,0.006285901393956408,36.48568019093065,1.250000000000006,False,TREND_SUPPORT_NOT_CONFIRMED|CLOSE_NOT_ABOVE_MA200|RSI_RECOVERY_NOT_CONFIRMED
2026-09-28T13:44:21.197080+00:00,SIE_OLD_MR_REGIME_EXHAUSTION_CONFIRM_V1,BNB,BNBUSDT,strategy-lab-v1.0.0:SIE_OLD_MR_REGIME_EXHAUSTION_CONFIRM_V1,1790578800000,2026-09-28T07:00:00+00:00,763.73,765.26,759.45,760.1,25.467224546722264,774.4525,763.2262292478732,776.1637999999999,5.036428571428571,0.006626007856109158,31.932282545242202,1.25,False,TREND_SUPPORT_NOT_CONFIRMED|CLOSE_NOT_ABOVE_MA200|RSI_RECOVERY_NOT_CONFIRMED
2026-09-28T13:44:21.197080+00:00,SIE_OLD_MR_REGIME_EXHAUSTION_CONFIRM_V1,BNB,BNBUSDT,strategy-lab-v1.0.0:SIE_OLD_MR_REGIME_EXHAUSTION_CONFIRM_V1,1790582400000,2026-09-28T08:00:00+00:00,760.12,763.8,759.44,761.8,26.16744957170478,773.5615,761.3332470176621,776.1568000000001,5.210714285714273,0.0068400030004125405,25.467224546722264,1.2500000000000056,False,TREND_SUPPORT_NOT_CONFIRMED|CLOSE_NOT_ABOVE_MA200
2026-09-28T13:44:21.197080+00:00,SIE_OLD_MR_REGIME_EXHAUSTION_CONFIRM_V1,BNB,BNBUSDT,strategy-lab-v1.0.0:SIE_OLD_MR_REGIME_EXHAUSTION_CONFIRM_V1,1790586000000,2026-09-28T09:00:00+00:00,762.08,762.88,758.0,759.6,25.253333333333245,772.4955,759.3372349547875,776.1526000000001,5.446428571428555,0.0071701271345820895,26.16744957170478,1.2499999999999947,False,TREND_SUPPORT_NOT_CONFIRMED|PLANNED_REWARD_TOO_LOW|CLOSE_NOT_ABOVE_MA200|RSI_RECOVERY_NOT_CONFIRMED
2026-09-28T13:44:21.197080+00:00,SIE_OLD_MR_REGIME_EXHAUSTION_CONFIRM_V1,BNB,BNBUSDT,strategy-lab-v1.0.0:SIE_OLD_MR_REGIME_EXHAUSTION_CONFIRM_V1,1790589600000,2026-09-28T10:00:00+00:00,759.88,762.51,759.58,761.2,28.85066458170445,771.7149999999999,757.8406387534394,776.21805,5.511428571428553,0.007240447413857794,25.253333333333245,1.249999999999995,False,TREND_SUPPORT_NOT_CONFIRMED|PLANNED_REWARD_TOO_LOW|CLOSE_NOT_NEAR_OR_BELOW_LOWER_BB|CLOSE_NOT_ABOVE_MA200
2026-09-28T13:44:21.197080+00:00,SIE_OLD_MR_REGIME_EXHAUSTION_CONFIRM_V1,BNB,BNBUSDT,strategy-lab-v1.0.0:SIE_OLD_MR_REGIME_EXHAUSTION_CONFIRM_V1,1790593200000,2026-09-28T11:00:00+00:00,761.66,763.81,761.66,763.57,28.38405036726128,771.164,756.9197528805464,776.28565,5.445714285714262,0.007131912314148357,28.85066458170445,1.2500000000000104,False,TREND_SUPPORT_NOT_CONFIRMED|CLOSE_NOT_NEAR_OR_BELOW_LOWER_BB|CLOSE_NOT_ABOVE_MA200|RSI_RECOVERY_NOT_CONFIRMED
2026-09-28T13:44:21.197080+00:00,SIE_OLD_MR_REGIME_EXHAUSTION_CONFIRM_V1,BNB,BNBUSDT,strategy-lab-v1.0.0:SIE_OLD_MR_REGIME_EXHAUSTION_CONFIRM_V1,1790596800000,2026-09-28T12:00:00+00:00,763.19,770.11,763.19,768.9,42.36621196222445,770.815,756.7086758863246,776.38555,5.496428571428551,0.00714843096817343,28.38405036726128,1.250000000000005,False,TREND_SUPPORT_NOT_CONFIRMED|RSI_NOT_BELOW_32|CLOSE_NOT_NEAR_OR_BELOW_LOWER_BB|CLOSE_NOT_ABOVE_MA200
2026-09-28T13:44:21.197080+00:00,SIE_OLD_MR_REGIME_EXHAUSTION_CONFIRM_V1,BNB,BNBUSDT,strategy-lab-v1.0.0:SIE_OLD_MR_REGIME_EXHAUSTION_CONFIRM_V1,1790600400000,2026-09-28T13:00:00+00:00,768.6,768.6,764.52,767.21,34.314269850083235,770.2909999999999,756.4694170226394,776.46625,5.476428571428552,0.007138108955082118,42.36621196222445,1.250000000000005,False,TREND_SUPPORT_NOT_CONFIRMED|RSI_NOT_BELOW_32|CLOSE_NOT_NEAR_OR_BELOW_LOWER_BB|CLOSE_NOT_ABOVE_MA200|RSI_RECOVERY_NOT_CONFIRMED
2026-09-28T13:44:21.197080+00:00,SIE_OLD_MR_REGIME_EXHAUSTION_CONFIRM_V1,PAXG,PAXGUSDT,strategy-lab-v1.0.0:SIE_OLD_MR_REGIME_EXHAUSTION_CONFIRM_V1,1790575200000,2026-09-28T06:00:00+00:00,4183.9,4186.11,4164.8,4164.8,3.9644281914883095,4247.578,4172.958405629614,4304.2294,12.025714285714262,0.0028874650128972008,5.197238658775916,1.2500000000000189,False,TREND_SUPPORT_NOT_CONFIRMED|CLOSE_NOT_ABOVE_MA200|RSI_RECOVERY_NOT_CONFIRMED
2026-09-28T13:44:21.197080+00:00,SIE_OLD_MR_REGIME_EXHAUSTION_CONFIRM_V1,PAXG,PAXGUSDT,strategy-lab-v1.0.0:SIE_OLD_MR_REGIME_EXHAUSTION_CONFIRM_V1,1790578800000,2026-09-28T07:00:00+00:00,4166.79,4173.18,4155.09,4158.92,3.818138157367102,4241.571,4159.123607100038,4303.19535,13.08642857142851,0.003146593002853748,3.9644281914883095,1.2499999999999654,False,TREND_SUPPORT_NOT_CONFIRMED|PLANNED_REWARD_TOO_LOW|CLOSE_NOT_ABOVE_MA200|RSI_RECOVERY_NOT_CONFIRMED
2026-09-28T13:44:21.197080+00:00,SIE_OLD_MR_REGIME_EXHAUSTION_CONFIRM_V1,PAXG,PAXGUSDT,strategy-lab-v1.0.0:SIE_OLD_MR_REGIME_EXHAUSTION_CONFIRM_V1,1790582400000,2026-09-28T08:00:00+00:00,4161.89,4162.78,4150.34,4150.34,2.9987944544896976,4235.1795,4145.564271277419,4302.12805,13.723571428571372,0.0033066137782859647,3.818138157367102,1.2499999999999833,False,TREND_SUPPORT_NOT_CONFIRMED|PLANNED_REWARD_TOO_LOW|CLOSE_NOT_NEAR_OR_BELOW_LOWER_BB|CLOSE_NOT_ABOVE_MA200|RSI_RECOVERY_NOT_CONFIRMED
2026-09-28T13:44:21.197080+00:00,SIE_OLD_MR_REGIME_EXHAUSTION_CONFIRM_V1,PAXG,PAXGUSDT,strategy-lab-v1.0.0:SIE_OLD_MR_REGIME_EXHAUSTION_CONFIRM_V1,1790586000000,2026-09-28T09:00:00+00:00,4150.33,4164.08,4148.42,4163.11,10.733601442240271,4229.4555,4136.833121607949,4301.1294,14.644285714285681,0.003517631221439184,2.9987944544896976,1.2500000000000155,False,TREND_SUPPORT_NOT_CONFIRMED|CLOSE_NOT_NEAR_OR_BELOW_LOWER_BB|CLOSE_NOT_ABOVE_MA200
2026-09-28T13:44:21.197080+00:00,SIE_OLD_MR_REGIME_EXHAUSTION_CONFIRM_V1,PAXG,PAXGUSDT,strategy-lab-v1.0.0:SIE_OLD_MR_REGIME_EXHAUSTION_CONFIRM_V1,1790589600000,2026-09-28T10:00:00+00:00,4163.0,4166.62,4159.05,4164.56,11.687953054884062,4223.8375,4129.793006726868,4300.15535,15.027857142857101,0.003608510177031211,10.733601442240271,1.25,False,TREND_SUPPORT_NOT_CONFIRMED|CLOSE_NOT_NEAR_OR_BELOW_LOWER_BB|CLOSE_NOT_ABOVE_MA200
2026-09-28T13:44:21.197080+00:00,SIE_OLD_MR_REGIME_EXHAUSTION_CONFIRM_V1,PAXG,PAXGUSDT,strategy-lab-v1.0.0:SIE_OLD_MR_REGIME_EXHAUSTION_CONFIRM_V1,1790593200000,2026-09-28T11:00:00+00:00,4165.39,4165.39,4155.01,4155.61,11.10455201364259,4217.864,4122.430905656371,4299.1276,15.50857142857142,0.0037319602726366098,11.687953054884062,1.2499999999999853,False,TREND_SUPPORT_NOT_CONFIRMED|PLANNED_REWARD_TOO_LOW|CLOSE_NOT_NEAR_OR_BELOW_LOWER_BB|CLOSE_NOT_ABOVE_MA200|RSI_RECOVERY_NOT_CONFIRMED
2026-09-28T13:44:21.197080+00:00,SIE_OLD_MR_REGIME_EXHAUSTION_CONFIRM_V1,PAXG,PAXGUSDT,strategy-lab-v1.0.0:SIE_OLD_MR_REGIME_EXHAUSTION_CONFIRM_V1,1790596800000,2026-09-28T12:00:00+00:00,4156.59,4178.47,4153.6,4156.37,13.094004441154453,4211.903499999999,4116.743422598813,4298.1109,15.847142857142833,0.0038127363197075414,11.10455201364259,1.25,False,TREND_SUPPORT_NOT_CONFIRMED|CLOSE_NOT_NEAR_OR_BELOW_LOWER_BB|CLOSE_NOT_ABOVE_MA200
2026-09-28T13:44:21.197080+00:00,SIE_OLD_MR_REGIME_EXHAUSTION_CONFIRM_V1,PAXG,PAXGUSDT,strategy-lab-v1.0.0:SIE_OLD_MR_REGIME_EXHAUSTION_CONFIRM_V1,1790600400000,2026-09-28T13:00:00+00:00,4159.09,4160.09,4146.0,4155.56,12.032145248902566,4205.966,4112.315434299628,4297.08175,16.31999999999997,0.003927268526985525,13.094004441154453,1.25,False,TREND_SUPPORT_NOT_CONFIRMED|CLOSE_NOT_NEAR_OR_BELOW_LOWER_BB|CLOSE_NOT_ABOVE_MA200|RSI_RECOVERY_NOT_CONFIRMED
2026-09-28T20:31:18.577305+00:00,SIE_OLD_MR_REGIME_EXHAUSTION_CONFIRM_V1,BTC,BTCUSDT,strategy-lab-v1.0.0:SIE_OLD_MR_REGIME_EXHAUSTION_CONFIRM_V1,1790604000000,2026-09-28T14:00:00+00:00,83629.9,83629.9,82510.37,82999.78,33.45805359728021,83574.596,82296.16297189936,84220.23059999998,489.63857142856847,0.005899275533363685,36.58439079748261,1.2500000000000149,False,TREND_SUPPORT_NOT_CONFIRMED|RSI_NOT_BELOW_32|CLOSE_NOT_NEAR_OR_BELOW_LOWER_BB|CLOSE_NOT_ABOVE_MA200|RSI_RECOVERY_NOT_CONFIRMED
2026-09-28T20:31:18.577305+00:00,SIE_OLD_MR_REGIME_EXHAUSTION_CONFIRM_V1,BTC,BTCUSDT,strategy-lab-v1.0.0:SIE_OLD_MR_REGIME_EXHAUSTION_CONFIRM_V1,1790607600000,2026-09-28T15:00:00+00:00,82999.79,83375.83,82771.71,83343.57,44.94250532695836,83505.884,82337.64061605191,84235.52565,488.8614285714253,0.005865616610512668,33.45805359728021,1.2499999999999851,False,TREND_SUPPORT_NOT_CONFIRMED|PLANNED_REWARD_TOO_LOW|RSI_NOT_BELOW_32|CLOSE_NOT_NEAR_OR_BELOW_LOWER_BB|CLOSE_NOT_ABOVE_MA200
2026-09-28T20:31:18.577305+00:00,SIE_OLD_MR_REGIME_EXHAUSTION_CONFIRM_V1,BTC,BTCUSDT,strategy-lab-v1.0.0:SIE_OLD_MR_REGIME_EXHAUSTION_CONFIRM_V1,1790611200000,2026-09-28T16:00:00+00:00,83343.56,84171.35,83224.21,83698.22,54.28293930923389,83464.18500000001,82389.67529844193,84252.87574999999,527.0228571428545,0.00629670328882567,44.94250532695836,1.2499999999999931,False,TREND_SUPPORT_NOT_CONFIRMED|PLANNED_REWARD_TOO_LOW|RSI_NOT_BELOW_32|CLOSE_NOT_NEAR_OR_BELOW_LOWER_BB|CLOSE_NOT_ABOVE_MA200
2026-09-28T20:31:18.577305+00:00,SIE_OLD_MR_REGIME_EXHAUSTION_CONFIRM_V1,BTC,BTCUSDT,strategy-lab-v1.0.0:SIE_OLD_MR_REGIME_EXHAUSTION_CONFIRM_V1,1790614800000,2026-09-28T17:00:00+00:00,83698.22,84354.65,83507.47,83846.95,57.579595998919174,83422.74250000001,82482.8484618673,84269.96045,563.5764285714259,0.006721489911933898,54.28293930923389,1.25,False,TREND_SUPPORT_NOT_CONFIRMED|RSI_NOT_BELOW_32|CLOSE_NOT_NEAR_OR_BELOW_LOWER_BB|CLOSE_NOT_ABOVE_MA200
2026-09-28T20:31:18.577305+00:00,SIE_OLD_MR_REGIME_EXHAUSTION_CONFIRM_V1,BTC,BTCUSDT,strategy-lab-v1.0.0:SIE_OLD_MR_REGIME_EXHAUSTION_CONFIRM_V1,1790618400000,2026-09-28T18:00:00+00:00,83846.96,84032.6,83767.28,84017.43,57.93885587373634,83414.22,82499.47750254927,84288.63255000001,560.9528571428558,0.006676624804434697,57.579595998919174,1.2499999999999936,False,TREND_SUPPORT_NOT_CONFIRMED|PLANNED_REWARD_TOO_LOW|RSI_NOT_BELOW_32|CLOSE_NOT_NEAR_OR_BELOW_LOWER_BB|CLOSE_NOT_ABOVE_MA200
2026-09-28T20:31:18.577305+00:00,SIE_OLD_MR_REGIME_EXHAUSTION_CONFIRM_V1,BTC,BTCUSDT,strategy-lab-v1.0.0:SIE_OLD_MR_REGIME_EXHAUSTION_CONFIRM_V1,1790622000000,2026-09-28T19:00:00+00:00,84017.42,84024.04,83071.01,83355.13,52.54477721116881,83358.8695,82580.68559783977,84303.1933,567.7642857142845,0.006811389841444485,57.93885587373634,1.2499999999999871,False,TREND_SUPPORT_NOT_CONFIRMED|PLANNED_REWARD_TOO_LOW|RSI_NOT_BELOW_32|CLOSE_NOT_NEAR_OR_BELOW_LOWER_BB|CLOSE_NOT_ABOVE_MA200|RSI_RECOVERY_NOT_CONFIRMED
2026-09-28T20:31:18.577305+00:00,SIE_OLD_MR_REGIME_EXHAUSTION_CONFIRM_V1,BTC,BTCUSDT,strategy-lab-v1.0.0:SIE_OLD_MR_REGIME_EXHAUSTION_CONFIRM_V1,1790625600000,2026-09-28T20:00:00+00:00,83353.9,83592.07,83225.21,83492.96,54.55607002152645,83327.425,82628.29456651688,84318.4024,573.4807142857129,0.006868611608520201,52.54477721116881,1.2499999999999873,False,TREND_SUPPORT_NOT_CONFIRMED|PLANNED_REWARD_TOO_LOW|RSI_NOT_BELOW_32|CLOSE_NOT_NEAR_OR_BELOW_LOWER_BB|CLOSE_NOT_ABOVE_MA200
2026-09-28T20:31:18.577305+00:00,SIE_OLD_MR_REGIME_EXHAUSTION_CONFIRM_V1,SOL,SOLUSDT,strategy-lab-v1.0.0:SIE_OLD_MR_REGIME_EXHAUSTION_CONFIRM_V1,1790604000000,2026-09-28T14:00:00+00:00,119.82,119.82,117.29,118.04,30.011074197120806,120.04100000000001,116.69049615729116,117.5578,1.3300000000000014,0.011267366994239253,35.79920739762224,1.2499999999999973,False,PLANNED_REWARD_TOO_LOW|CLOSE_NOT_NEAR_OR_BELOW_LOWER_BB|RSI_RECOVERY_NOT_CONFIRMED
2026-09-28T20:31:18.577305+00:00,SIE_OLD_MR_REGIME_EXHAUSTION_CONFIRM_V1,SOL,SOLUSDT,strategy-lab-v1.0.0:SIE_OLD_MR_REGIME_EXHAUSTION_CONFIRM_V1,1790607600000,2026-09-28T15:00:00+00:00,118.04,118.81,117.41,118.68,38.41743119266063,119.82449999999999,116.7187216756493,117.60905000000001,1.2942857142857156,0.010905676729741453,30.011074197120806,1.2499999999999973,False,PLANNED_REWARD_TOO_LOW|RSI_NOT_BELOW_32|CLOSE_NOT_NEAR_OR_BELOW_LOWER_BB
2026-09-28T20:31:18.577305+00:00,SIE_OLD_MR_REGIME_EXHAUSTION_CONFIRM_V1,SOL,SOLUSDT,strategy-lab-v1.0.0:SIE_OLD_MR_REGIME_EXHAUSTION_CONFIRM_V1,1790611200000,2026-09-28T16:00:00+00:00,118.66,120.36,118.23,119.26,45.591647331786604,119.65300000000002,116.83347450800558,117.66519999999998,1.3342857142857147,0.011188040535684342,38.41743119266063,1.2500000000000027,False,RSI_NOT_BELOW_32|CLOSE_NOT_NEAR_OR_BELOW_LOWER_BB
2026-09-28T20:31:18.577305+00:00,SIE_OLD_MR_REGIME_EXHAUSTION_CONFIRM_V1,SOL,SOLUSDT,strategy-lab-v1.0.0:SIE_OLD_MR_REGIME_EXHAUSTION_CONFIRM_V1,1790614800000,2026-09-28T17:00:00+00:00,119.26,120.71,118.55,119.7,49.32279909706552,119.49549999999999,117.08577408197397,117.72245,1.4171428571428575,0.011839121613557706,45.591647331786604,1.249999999999995,False,PLANNED_REWARD_TOO_LOW|RSI_NOT_BELOW_32|CLOSE_NOT_NEAR_OR_BELOW_LOWER_BB
2026-09-28T20:31:18.577305+00:00,SIE_OLD_MR_REGIME_EXHAUSTION_CONFIRM_V1,SOL,SOLUSDT,strategy-lab-v1.0.0:SIE_OLD_MR_REGIME_EXHAUSTION_CONFIRM_V1,1790618400000,2026-09-28T18:00:00+00:00,119.69,120.12,119.31,119.95,50.111111111111086,119.42349999999999,117.16307282797999,117.7824,1.4014285714285717,0.01168343952837492,49.32279909706552,1.249999999999995,False,PLANNED_REWARD_TOO_LOW|RSI_NOT_BELOW_32|CLOSE_NOT_NEAR_OR_BELOW_LOWER_BB
2026-09-28T20:31:18.577305+00:00,SIE_OLD_MR_REGIME_EXHAUSTION_CONFIRM_V1,SOL,SOLUSDT,strategy-lab-v1.0.0:SIE_OLD_MR_REGIME_EXHAUSTION_CONFIRM_V1,1790622000000,2026-09-28T19:00:00+00:00,119.95,119.98,117.97,118.32,46.0204081632653,119.24100000000001,117.26036474836829,117.8319,1.3992857142857145,0.011826282237032746,50.111111111111086,1.2500000000000024,False,RSI_NOT_BELOW_32|CLOSE_NOT_NEAR_OR_BELOW_LOWER_BB|RSI_RECOVERY_NOT_CONFIRMED
2026-09-28T20:31:18.577305+00:00,SIE_OLD_MR_REGIME_EXHAUSTION_CONFIRM_V1,SOL,SOLUSDT,strategy-lab-v1.0.0:SIE_OLD_MR_REGIME_EXHAUSTION_CONFIRM_V1,1790625600000,2026-09-28T20:00:00+00:00,118.32,119.02,118.09,118.81,50.55611729019211,119.099,117.45013493577972,117.8842,1.3735714285714289,0.011561075907511395,46.0204081632653,1.2500000000000027,False,RSI_NOT_BELOW_32|CLOSE_NOT_NEAR_OR_BELOW_LOWER_BB
2026-09-28T20:31:18.577305+00:00,SIE_OLD_MR_REGIME_EXHAUSTION_CONFIRM_V1,XRP,XRPUSDT,strategy-lab-v1.0.0:SIE_OLD_MR_REGIME_EXHAUSTION_CONFIRM_V1,1790604000000,2026-09-28T14:00:00+00:00,1.5204,1.5204,1.4732,1.4853,39.94490358126726,1.5004250000000001,1.4647552999732327,1.516205,0.02175714285714287,0.014648315395639178,51.878354203935594,1.2500000000000024,False,TREND_SUPPORT_NOT_CONFIRMED|RSI_NOT_BELOW_32|CLOSE_NOT_NEAR_OR_BELOW_LOWER_BB|CLOSE_NOT_ABOVE_MA200|RSI_RECOVERY_NOT_CONFIRMED
2026-09-28T20:31:18.577305+00:00,SIE_OLD_MR_REGIME_EXHAUSTION_CONFIRM_V1,XRP,XRPUSDT,strategy-lab-v1.0.0:SIE_OLD_MR_REGIME_EXHAUSTION_CONFIRM_V1,1790607600000,2026-09-28T15:00:00+00:00,1.4853,1.4979,1.4746,1.4943,46.39889196675901,1.4985849999999998,1.4657506110152847,1.5167785,0.021650000000000027,0.014488389212340245,39.94490358126726,1.2500000000000027,False,TREND_SUPPORT_NOT_CONFIRMED|RSI_NOT_BELOW_32|CLOSE_NOT_NEAR_OR_BELOW_LOWER_BB|CLOSE_NOT_ABOVE_MA200
2026-09-28T20:31:18.577305+00:00,SIE_OLD_MR_REGIME_EXHAUSTION_CONFIRM_V1,XRP,XRPUSDT,strategy-lab-v1.0.0:SIE_OLD_MR_REGIME_EXHAUSTION_CONFIRM_V1,1790611200000,2026-09-28T16:00:00+00:00,1.4944,1.5212,1.4898,1.4998,51.16443189837689,1.49743,1.4665299611650795,1.5173944999999998,0.022242857142857182,0.014830548835082799,46.39889196675901,1.2500000000000024,False,TREND_SUPPORT_NOT_CONFIRMED|RSI_NOT_BELOW_32|CLOSE_NOT_NEAR_OR_BELOW_LOWER_BB|CLOSE_NOT_ABOVE_MA200
2026-09-28T20:31:18.577305+00:00,SIE_OLD_MR_REGIME_EXHAUSTION_CONFIRM_V1,XRP,XRPUSDT,strategy-lab-v1.0.0:SIE_OLD_MR_REGIME_EXHAUSTION_CONFIRM_V1,1790614800000,2026-09-28T17:00:00+00:00,1.4994,1.5195,1.4894,1.5063,54.861111111111114,1.49664,1.4675482554665484,1.518014,0.0229214285714286,0.01521704080955228,51.16443189837689,1.2499999999999976,False,TREND_SUPPORT_NOT_CONFIRMED|PLANNED_REWARD_TOO_LOW|RSI_NOT_BELOW_32|CLOSE_NOT_NEAR_OR_BELOW_LOWER_BB|CLOSE_NOT_ABOVE_MA200
2026-09-28T20:31:18.577305+00:00,SIE_OLD_MR_REGIME_EXHAUSTION_CONFIRM_V1,XRP,XRPUSDT,strategy-lab-v1.0.0:SIE_OLD_MR_REGIME_EXHAUSTION_CONFIRM_V1,1790618400000,2026-09-28T18:00:00+00:00,1.5064,1.5165,1.5032,1.5118,55.448937628512695,1.496845,1.4673888987644392,1.5186939999999998,0.02272142857142859,0.015029387863096037,54.861111111111114,1.2500000000000024,False,TREND_SUPPORT_NOT_CONFIRMED|RSI_NOT_BELOW_32|CLOSE_NOT_NEAR_OR_BELOW_LOWER_BB|CLOSE_NOT_ABOVE_MA200
2026-09-28T20:31:18.577305+00:00,SIE_OLD_MR_REGIME_EXHAUSTION_CONFIRM_V1,XRP,XRPUSDT,strategy-lab-v1.0.0:SIE_OLD_MR_REGIME_EXHAUSTION_CONFIRM_V1,1790622000000,2026-09-28T19:00:00+00:00,1.512,1.5121,1.479,1.4836,49.93827160493828,1.495205,1.466647866040171,1.519212,0.023042857142857143,0.015531718214382005,55.448937628512695,1.2500000000000024,False,TREND_SUPPORT_NOT_CONFIRMED|RSI_NOT_BELOW_32|CLOSE_NOT_NEAR_OR_BELOW_LOWER_BB|CLOSE_NOT_ABOVE_MA200|RSI_RECOVERY_NOT_CONFIRMED
2026-09-28T20:31:18.577305+00:00,SIE_OLD_MR_REGIME_EXHAUSTION_CONFIRM_V1,XRP,XRPUSDT,strategy-lab-v1.0.0:SIE_OLD_MR_REGIME_EXHAUSTION_CONFIRM_V1,1790625600000,2026-09-28T20:00:00+00:00,1.4838,1.4945,1.4751,1.4926,53.961584633853505,1.4941099999999998,1.4669509941271843,1.519778,0.023449999999999988,0.015710840144713915,49.93827160493828,1.2500000000000047,False,TREND_SUPPORT_NOT_CONFIRMED|RSI_NOT_BELOW_32|CLOSE_NOT_NEAR_OR_BELOW_LOWER_BB|CLOSE_NOT_ABOVE_MA200
2026-09-28T20:31:18.577305+00:00,SIE_OLD_MR_REGIME_EXHAUSTION_CONFIRM_V1,DOGE,DOGEUSDT,strategy-lab-v1.0.0:SIE_OLD_MR_REGIME_EXHAUSTION_CONFIRM_V1,1790604000000,2026-09-28T14:00:00+00:00,0.09387,0.09391,0.0915,0.09228,29.348882410106867,0.0945075,0.09112316033028567,0.09557490000000002,0.0013592857142857176,0.014730014242367985,33.55555555555557,1.2500000000000024,False,TREND_SUPPORT_NOT_CONFIRMED|CLOSE_NOT_NEAR_OR_BELOW_LOWER_BB|CLOSE_NOT_ABOVE_MA200|RSI_RECOVERY_NOT_CONFIRMED
2026-09-28T20:31:18.577305+00:00,SIE_OLD_MR_REGIME_EXHAUSTION_CONFIRM_V1,DOGE,DOGEUSDT,strategy-lab-v1.0.0:SIE_OLD_MR_REGIME_EXHAUSTION_CONFIRM_V1,1790607600000,2026-09-28T15:00:00+00:00,0.0923,0.09346,0.09194,0.09331,39.51219512195122,0.0943165,0.09111976244430323,0.09561705,0.0013371428571428612,0.014330113140530074,29.348882410106867,1.2500000000000027,False,TREND_SUPPORT_NOT_CONFIRMED|RSI_NOT_BELOW_32|CLOSE_NOT_NEAR_OR_BELOW_LOWER_BB|CLOSE_NOT_ABOVE_MA200
2026-09-28T20:31:18.577305+00:00,SIE_OLD_MR_REGIME_EXHAUSTION_CONFIRM_V1,DOGE,DOGEUSDT,strategy-lab-v1.0.0:SIE_OLD_MR_REGIME_EXHAUSTION_CONFIRM_V1,1790611200000,2026-09-28T16:00:00+00:00,0.09331,0.09509,0.09292,0.09437,48.344370860927135,0.09418750000000001,0.09122674418433364,0.09566515,0.0013914285714285751,0.014744395161900766,39.51219512195122,1.2499999999999951,False,TREND_SUPPORT_NOT_CONFIRMED|PLANNED_REWARD_TOO_LOW|RSI_NOT_BELOW_32|CLOSE_NOT_NEAR_OR_BELOW_LOWER_BB|CLOSE_NOT_ABOVE_MA200
2026-09-28T20:31:18.577305+00:00,SIE_OLD_MR_REGIME_EXHAUSTION_CONFIRM_V1,DOGE,DOGEUSDT,strategy-lab-v1.0.0:SIE_OLD_MR_REGIME_EXHAUSTION_CONFIRM_V1,1790614800000,2026-09-28T17:00:00+00:00,0.09434,0.09543,0.09363,0.09457,52.730883813306825,0.0940495,0.09145255968493647,0.0957133,0.0013857142857142887,0.014652789317059201,48.344370860927135,1.250000000000005,False,TREND_SUPPORT_NOT_CONFIRMED|RSI_NOT_BELOW_32|CLOSE_NOT_NEAR_OR_BELOW_LOWER_BB|CLOSE_NOT_ABOVE_MA200
2026-09-28T20:31:18.577305+00:00,SIE_OLD_MR_REGIME_EXHAUSTION_CONFIRM_V1,DOGE,DOGEUSDT,strategy-lab-v1.0.0:SIE_OLD_MR_REGIME_EXHAUSTION_CONFIRM_V1,1790618400000,2026-09-28T18:00:00+00:00,0.09453,0.09516,0.09436,0.09488,52.495009980039924,0.094004,0.09150042335847249,0.0957644,0.0013557142857142876,0.014288725608287178,52.730883813306825,1.25,False,TREND_SUPPORT_NOT_CONFIRMED|RSI_NOT_BELOW_32|CLOSE_NOT_NEAR_OR_BELOW_LOWER_BB|CLOSE_NOT_ABOVE_MA200|RSI_RECOVERY_NOT_CONFIRMED
2026-09-28T20:31:18.577305+00:00,SIE_OLD_MR_REGIME_EXHAUSTION_CONFIRM_V1,DOGE,DOGEUSDT,strategy-lab-v1.0.0:SIE_OLD_MR_REGIME_EXHAUSTION_CONFIRM_V1,1790622000000,2026-09-28T19:00:00+00:00,0.09488,0.09488,0.09298,0.09329,49.85781990521326,0.09382650000000001,0.0916735366932987,0.09580530000000001,0.0013371428571428592,0.014333185305422437,52.495009980039924,1.2500000000000027,False,TREND_SUPPORT_NOT_CONFIRMED|RSI_NOT_BELOW_32|CLOSE_NOT_NEAR_OR_BELOW_LOWER_BB|CLOSE_NOT_ABOVE_MA200|RSI_RECOVERY_NOT_CONFIRMED
2026-09-28T20:31:18.577305+00:00,SIE_OLD_MR_REGIME_EXHAUSTION_CONFIRM_V1,DOGE,DOGEUSDT,strategy-lab-v1.0.0:SIE_OLD_MR_REGIME_EXHAUSTION_CONFIRM_V1,1790625600000,2026-09-28T20:00:00+00:00,0.09332,0.09411,0.09304,0.09409,55.141037306642374,0.0937045,0.09193593589316014,0.0958502,0.0013421428571428592,0.014264458041692627,49.85781990521326,1.2499999999999973,False,TREND_SUPPORT_NOT_CONFIRMED|PLANNED_REWARD_TOO_LOW|RSI_NOT_BELOW_32|CLOSE_NOT_NEAR_OR_BELOW_LOWER_BB|CLOSE_NOT_ABOVE_MA200
2026-09-28T20:31:18.577305+00:00,SIE_OLD_MR_REGIME_EXHAUSTION_CONFIRM_V1,BNB,BNBUSDT,strategy-lab-v1.0.0:SIE_OLD_MR_REGIME_EXHAUSTION_CONFIRM_V1,1790604000000,2026-09-28T14:00:00+00:00,766.34,766.34,756.11,758.7,27.8065241844769,769.2425000000001,755.1355529525322,776.4985,5.764285714285701,0.007597582330678398,33.733624454148426,1.2499999999999902,False,TREND_SUPPORT_NOT_CONFIRMED|PLANNED_REWARD_TOO_LOW|CLOSE_NOT_NEAR_OR_BELOW_LOWER_BB|CLOSE_NOT_ABOVE_MA200|RSI_RECOVERY_NOT_CONFIRMED
2026-09-28T20:31:18.577305+00:00,SIE_OLD_MR_REGIME_EXHAUSTION_CONFIRM_V1,BNB,BNBUSDT,strategy-lab-v1.0.0:SIE_OLD_MR_REGIME_EXHAUSTION_CONFIRM_V1,1790607600000,2026-09-28T15:00:00+00:00,758.9,763.35,756.91,762.85,37.46312684365778,768.4770000000001,754.7318028751837,776.57505,5.710714285714273,0.007486025150048204,27.8065241844769,1.2500000000000049,False,TREND_SUPPORT_NOT_CONFIRMED|RSI_NOT_BELOW_32|CLOSE_NOT_NEAR_OR_BELOW_LOWER_BB|CLOSE_NOT_ABOVE_MA200
2026-09-28T20:31:18.577305+00:00,SIE_OLD_MR_REGIME_EXHAUSTION_CONFIRM_V1,BNB,BNBUSDT,strategy-lab-v1.0.0:SIE_OLD_MR_REGIME_EXHAUSTION_CONFIRM_V1,1790611200000,2026-09-28T16:00:00+00:00,762.6,770.56,761.57,766.77,44.09669760414411,767.944,754.8159530774733,776.6630499999999,5.999999999999976,0.007825032278258117,37.46312684365778,1.25,False,TREND_SUPPORT_NOT_CONFIRMED|RSI_NOT_BELOW_32|CLOSE_NOT_NEAR_OR_BELOW_LOWER_BB|CLOSE_NOT_ABOVE_MA200
2026-09-28T20:31:18.577305+00:00,SIE_OLD_MR_REGIME_EXHAUSTION_CONFIRM_V1,BNB,BNBUSDT,strategy-lab-v1.0.0:SIE_OLD_MR_REGIME_EXHAUSTION_CONFIRM_V1,1790614800000,2026-09-28T17:00:00+00:00,766.41,773.0,765.26,769.23,48.87892376681618,767.403,755.4784621053869,776.75685,6.201428571428543,0.00806186520472231,44.09669760414411,1.25,False,TREND_SUPPORT_NOT_CONFIRMED|RSI_NOT_BELOW_32|CLOSE_NOT_NEAR_OR_BELOW_LOWER_BB|CLOSE_NOT_ABOVE_MA200
2026-09-28T20:31:18.577305+00:00,SIE_OLD_MR_REGIME_EXHAUSTION_CONFIRM_V1,BNB,BNBUSDT,strategy-lab-v1.0.0:SIE_OLD_MR_REGIME_EXHAUSTION_CONFIRM_V1,1790618400000,2026-09-28T18:00:00+00:00,769.12,770.67,767.64,770.16,48.40517241379307,767.175,755.6511473456112,776.8640500000001,6.084285714285686,0.007900028194512422,48.87892376681618,1.25,False,TREND_SUPPORT_NOT_CONFIRMED|RSI_NOT_BELOW_32|CLOSE_NOT_NEAR_OR_BELOW_LOWER_BB|CLOSE_NOT_ABOVE_MA200|RSI_RECOVERY_NOT_CONFIRMED
2026-09-28T20:31:18.577305+00:00,SIE_OLD_MR_REGIME_EXHAUSTION_CONFIRM_V1,BNB,BNBUSDT,strategy-lab-v1.0.0:SIE_OLD_MR_REGIME_EXHAUSTION_CONFIRM_V1,1790622000000,2026-09-28T19:00:00+00:00,770.13,770.13,761.43,762.4,46.74297606659727,766.3695,755.9259594605055,776.91375,5.896428571428544,0.007734035377004911,48.40517241379307,1.2500000000000049,False,TREND_SUPPORT_NOT_CONFIRMED|RSI_NOT_BELOW_32|CLOSE_NOT_NEAR_OR_BELOW_LOWER_BB|CLOSE_NOT_ABOVE_MA200|RSI_RECOVERY_NOT_CONFIRMED
2026-09-28T20:31:18.577305+00:00,SIE_OLD_MR_REGIME_EXHAUSTION_CONFIRM_V1,BNB,BNBUSDT,strategy-lab-v1.0.0:SIE_OLD_MR_REGIME_EXHAUSTION_CONFIRM_V1,1790625600000,2026-09-28T20:00:00+00:00,762.59,764.98,761.05,764.97,51.51265692529331,765.6965,756.8332945414729,776.97735,5.802142857142834,0.007584797909908668,46.74297606659727,1.25,False,TREND_SUPPORT_NOT_CONFIRMED|RSI_NOT_BELOW_32|CLOSE_NOT_NEAR_OR_BELOW_LOWER_BB|CLOSE_NOT_ABOVE_MA200
2026-09-28T20:31:18.577305+00:00,SIE_OLD_MR_REGIME_EXHAUSTION_CONFIRM_V1,PAXG,PAXGUSDT,strategy-lab-v1.0.0:SIE_OLD_MR_REGIME_EXHAUSTION_CONFIRM_V1,1790604000000,2026-09-28T14:00:00+00:00,4165.88,4165.88,4122.47,4128.13,17.042334461401197,4199.183999999999,4106.235268238885,4295.973550000001,17.966428571428555,0.00435219544235006,18.521859819570054,1.2499999999999873,False,TREND_SUPPORT_NOT_CONFIRMED|PLANNED_REWARD_TOO_LOW|CLOSE_NOT_NEAR_OR_BELOW_LOWER_BB|CLOSE_NOT_ABOVE_MA200|RSI_RECOVERY_NOT_CONFIRMED
2026-09-28T20:31:18.577305+00:00,SIE_OLD_MR_REGIME_EXHAUSTION_CONFIRM_V1,PAXG,PAXGUSDT,strategy-lab-v1.0.0:SIE_OLD_MR_REGIME_EXHAUSTION_CONFIRM_V1,1790607600000,2026-09-28T15:00:00+00:00,4127.0,4135.83,4125.76,4134.26,22.00174297781082,4192.0785,4102.139611575695,4294.845550000001,17.188571428571386,0.0041575932400408746,17.042334461401197,1.2499999999999867,False,TREND_SUPPORT_NOT_CONFIRMED|PLANNED_REWARD_TOO_LOW|CLOSE_NOT_NEAR_OR_BELOW_LOWER_BB|CLOSE_NOT_ABOVE_MA200
2026-09-28T20:31:18.577305+00:00,SIE_OLD_MR_REGIME_EXHAUSTION_CONFIRM_V1,PAXG,PAXGUSDT,strategy-lab-v1.0.0:SIE_OLD_MR_REGIME_EXHAUSTION_CONFIRM_V1,1790611200000,2026-09-28T16:00:00+00:00,4133.38,4155.02,4127.37,4138.25,27.066176470588346,4185.2135,4101.032183955409,4293.73095,17.797857142857147,0.0043008172881911794,22.00174297781082,1.25,False,TREND_SUPPORT_NOT_CONFIRMED|CLOSE_NOT_NEAR_OR_BELOW_LOWER_BB|CLOSE_NOT_ABOVE_MA200
2026-09-28T20:31:18.577305+00:00,SIE_OLD_MR_REGIME_EXHAUSTION_CONFIRM_V1,PAXG,PAXGUSDT,strategy-lab-v1.0.0:SIE_OLD_MR_REGIME_EXHAUSTION_CONFIRM_V1,1790614800000,2026-09-28T17:00:00+00:00,4138.25,4154.15,4134.97,4144.43,29.647492729981295,4178.7245,4103.4473530097,4292.6435,18.40428571428564,0.004440727847806728,27.066176470588346,1.2499999999999876,False,TREND_SUPPORT_NOT_CONFIRMED|PLANNED_REWARD_TOO_LOW|CLOSE_NOT_NEAR_OR_BELOW_LOWER_BB|CLOSE_NOT_ABOVE_MA200
2026-09-28T20:31:18.577305+00:00,SIE_OLD_MR_REGIME_EXHAUSTION_CONFIRM_V1,PAXG,PAXGUSDT,strategy-lab-v1.0.0:SIE_OLD_MR_REGIME_EXHAUSTION_CONFIRM_V1,1790618400000,2026-09-28T18:00:00+00:00,4144.96,4148.55,4141.73,4147.04,31.47859370569904,4173.272,4105.807733725184,4291.5767,18.51928571428568,0.0044656636334073655,29.647492729981295,1.2500000000000122,False,TREND_SUPPORT_NOT_CONFIRMED|CLOSE_NOT_NEAR_OR_BELOW_LOWER_BB|CLOSE_NOT_ABOVE_MA200
2026-09-28T20:31:18.577305+00:00,SIE_OLD_MR_REGIME_EXHAUSTION_CONFIRM_V1,PAXG,PAXGUSDT,strategy-lab-v1.0.0:SIE_OLD_MR_REGIME_EXHAUSTION_CONFIRM_V1,1790622000000,2026-09-28T19:00:00+00:00,4147.26,4147.26,4131.69,4132.55,31.610790803616098,4167.019,4109.537665673115,4290.44535,18.32357142857141,0.004433962427211143,31.47859370569904,1.2499999999999751,False,TREND_SUPPORT_NOT_CONFIRMED|PLANNED_REWARD_TOO_LOW|CLOSE_NOT_NEAR_OR_BELOW_LOWER_BB|CLOSE_NOT_ABOVE_MA200|RSI_RECOVERY_NOT_CONFIRMED
2026-09-28T20:31:18.577305+00:00,SIE_OLD_MR_REGIME_EXHAUSTION_CONFIRM_V1,PAXG,PAXGUSDT,strategy-lab-v1.0.0:SIE_OLD_MR_REGIME_EXHAUSTION_CONFIRM_V1,1790625600000,2026-09-28T20:00:00+00:00,4131.39,4133.53,4127.56,4128.73,35.559292177115864,4161.8875,4110.273245428234,4289.29045,17.227857142857115,0.004172677104789395,31.610790803616098,1.250000000000013,False,TREND_SUPPORT_NOT_CONFIRMED|RSI_NOT_BELOW_32|CLOSE_NOT_NEAR_OR_BELOW_LOWER_BB|CLOSE_NOT_ABOVE_MA200|RSI_RECOVERY_NOT_CONFIRMED
2026-09-29T01:49:54.769953+00:00,SIE_OLD_MR_REGIME_EXHAUSTION_CONFIRM_V1,BTC,BTCUSDT,strategy-lab-v1.0.0:SIE_OLD_MR_REGIME_EXHAUSTION_CONFIRM_V1,1790629200000,2026-09-28T21:00:00+00:00,83501.48,83630.74,83156.13,83181.03,53.28052231545364,83303.0855,82619.76248480128,84331.7399,579.3885714285706,0.006965393088166504,54.654143489670396,1.2500000000000127,False,TREND_SUPPORT_NOT_CONFIRMED|RSI_NOT_BELOW_32|CLOSE_NOT_NEAR_OR_BELOW_LOWER_BB|CLOSE_NOT_ABOVE_MA200|RSI_RECOVERY_NOT_CONFIRMED
2026-09-29T01:49:54.769953+00:00,SIE_OLD_MR_REGIME_EXHAUSTION_CONFIRM_V1,BTC,BTCUSDT,strategy-lab-v1.0.0:SIE_OLD_MR_REGIME_EXHAUSTION_CONFIRM_V1,1790632800000,2026-09-28T22:00:00+00:00,83181.04,83514.26,83047.4,83513.29,56.845738864016674,83308.303,82620.24950992435,84346.10840000001,585.0549999999993,0.0070055316944165336,53.28052231545364,1.25,False,TREND_SUPPORT_NOT_CONFIRMED|RSI_NOT_BELOW_32|CLOSE_NOT_NEAR_OR_BELOW_LOWER_BB|CLOSE_NOT_ABOVE_MA200
2026-09-29T01:49:54.769953+00:00,SIE_OLD_MR_REGIME_EXHAUSTION_CONFIRM_V1,BTC,BTCUSDT,strategy-lab-v1.0.0:SIE_OLD_MR_REGIME_EXHAUSTION_CONFIRM_V1,1790636400000,2026-09-28T23:00:00+00:00,83513.3,83622.0,83404.84,83456.74,59.86353669795371,83314.88200000001,82623.79998667215,84359.0211,570.5071428571422,0.006835962474176947,56.845738864016674,1.2499999999999936,False,TREND_SUPPORT_NOT_CONFIRMED|PLANNED_REWARD_TOO_LOW|RSI_NOT_BELOW_32|CLOSE_NOT_NEAR_OR_BELOW_LOWER_BB|CLOSE_NOT_ABOVE_MA200|RSI_RECOVERY_NOT_CONFIRMED
2026-09-29T01:49:54.769953+00:00,SIE_OLD_MR_REGIME_EXHAUSTION_CONFIRM_V1,BTC,BTCUSDT,strategy-lab-v1.0.0:SIE_OLD_MR_REGIME_EXHAUSTION_CONFIRM_V1,1790640000000,2026-09-29T00:00:00+00:00,83456.74,83589.73,83132.94,83146.48,52.827360740777806,83298.894,82607.76312783665,84368.19355000001,576.0792857142848,0.006928486758721293,59.86353669795371,1.2499999999999873,False,TREND_SUPPORT_NOT_CONFIRMED|PLANNED_REWARD_TOO_LOW|RSI_NOT_BELOW_32|CLOSE_NOT_NEAR_OR_BELOW_LOWER_BB|CLOSE_NOT_ABOVE_MA200|RSI_RECOVERY_NOT_CONFIRMED
2026-09-29T01:49:54.769953+00:00,SIE_OLD_MR_REGIME_EXHAUSTION_CONFIRM_V1,BTC,BTCUSDT,strategy-lab-v1.0.0:SIE_OLD_MR_REGIME_EXHAUSTION_CONFIRM_V1,1790643600000,2026-09-29T01:00:00+00:00,83146.47,83205.98,82736.0,82965.0,48.88941443572037,83289.1285,82585.04302356104,84377.3719,596.4907142857129,0.007189666899122677,52.827360740777806,1.249999999999994,False,TREND_SUPPORT_NOT_CONFIRMED|PLANNED_REWARD_TOO_LOW|RSI_NOT_BELOW_32|CLOSE_NOT_NEAR_OR_BELOW_LOWER_BB|CLOSE_NOT_ABOVE_MA200|RSI_RECOVERY_NOT_CONFIRMED
2026-09-29T01:49:54.769953+00:00,SIE_OLD_MR_REGIME_EXHAUSTION_CONFIRM_V1,SOL,SOLUSDT,strategy-lab-v1.0.0:SIE_OLD_MR_REGIME_EXHAUSTION_CONFIRM_V1,1790629200000,2026-09-28T21:00:00+00:00,118.79,119.11,117.63,117.67,48.443579766537,118.94649999999999,117.35782413626751,117.93144999999998,1.3885714285714283,0.011800556034430427,50.45592705167174,1.25,False,RSI_NOT_BELOW_32|CLOSE_NOT_NEAR_OR_BELOW_LOWER_BB|CLOSE_NOT_ABOVE_MA200|RSI_RECOVERY_NOT_CONFIRMED
2026-09-29T01:49:54.769953+00:00,SIE_OLD_MR_REGIME_EXHAUSTION_CONFIRM_V1,SOL,SOLUSDT,strategy-lab-v1.0.0:SIE_OLD_MR_REGIME_EXHAUSTION_CONFIRM_V1,1790632800000,2026-09-28T22:00:00+00:00,117.68,118.57,117.2,118.54,51.06186518928903,118.87249999999999,117.35442391494821,117.98360000000001,1.442857142857142,0.012171900985803457,48.443579766537,1.2499999999999976,False,PLANNED_REWARD_TOO_LOW|RSI_NOT_BELOW_32|CLOSE_NOT_NEAR_OR_BELOW_LOWER_BB
2026-09-29T01:49:54.769953+00:00,SIE_OLD_MR_REGIME_EXHAUSTION_CONFIRM_V1,SOL,SOLUSDT,strategy-lab-v1.0.0:SIE_OLD_MR_REGIME_EXHAUSTION_CONFIRM_V1,1790636400000,2026-09-28T23:00:00+00:00,118.55,118.96,118.47,118.81,55.185537583254046,118.82199999999997,117.36749527329535,118.03375,1.3978571428571414,0.011765483905876116,51.06186518928903,1.2500000000000024,False,RSI_NOT_BELOW_32|CLOSE_NOT_NEAR_OR_BELOW_LOWER_BB
2026-09-29T01:49:54.769953+00:00,SIE_OLD_MR_REGIME_EXHAUSTION_CONFIRM_V1,SOL,SOLUSDT,strategy-lab-v1.0.0:SIE_OLD_MR_REGIME_EXHAUSTION_CONFIRM_V1,1790640000000,2026-09-29T00:00:00+00:00,118.82,119.07,117.98,118.04,48.204158790170155,118.7275,117.32870230197287,118.0724,1.403571428571426,0.011890642397250305,55.185537583254046,1.2499999999999976,False,PLANNED_REWARD_TOO_LOW|RSI_NOT_BELOW_32|CLOSE_NOT_NEAR_OR_BELOW_LOWER_BB|CLOSE_NOT_ABOVE_MA200|RSI_RECOVERY_NOT_CONFIRMED
2026-09-29T01:49:54.769953+00:00,SIE_OLD_MR_REGIME_EXHAUSTION_CONFIRM_V1,SOL,SOLUSDT,strategy-lab-v1.0.0:SIE_OLD_MR_REGIME_EXHAUSTION_CONFIRM_V1,1790643600000,2026-09-29T01:00:00+00:00,118.02,118.39,116.31,117.07,42.819148936170215,118.626,117.06486707804686,118.10830000000001,1.5185714285714258,0.012971482263358895,48.204158790170155,1.25,False,RSI_NOT_BELOW_32|CLOSE_NOT_ABOVE_MA200|RSI_RECOVERY_NOT_CONFIRMED
2026-09-29T01:49:54.769953+00:00,SIE_OLD_MR_REGIME_EXHAUSTION_CONFIRM_V1,XRP,XRPUSDT,strategy-lab-v1.0.0:SIE_OLD_MR_REGIME_EXHAUSTION_CONFIRM_V1,1790629200000,2026-09-28T21:00:00+00:00,1.4944,1.5001,1.4835,1.4851,54.164205552274076,1.49322,1.4662420386240935,1.5203274999999998,0.02340714285714285,0.01576132439373971,54.45368171021374,1.2499999999999976,False,TREND_SUPPORT_NOT_CONFIRMED|PLANNED_REWARD_TOO_LOW|RSI_NOT_BELOW_32|CLOSE_NOT_NEAR_OR_BELOW_LOWER_BB|CLOSE_NOT_ABOVE_MA200|RSI_RECOVERY_NOT_CONFIRMED
2026-09-29T01:49:54.769953+00:00,SIE_OLD_MR_REGIME_EXHAUSTION_CONFIRM_V1,XRP,XRPUSDT,strategy-lab-v1.0.0:SIE_OLD_MR_REGIME_EXHAUSTION_CONFIRM_V1,1790632800000,2026-09-28T22:00:00+00:00,1.4854,1.4934,1.4775,1.4924,53.56074207061641,1.493015,1.4660775706497464,1.5208960000000002,0.023521428571428565,0.015760807137113753,54.164205552274076,1.2500000000000024,False,TREND_SUPPORT_NOT_CONFIRMED|RSI_NOT_BELOW_32|CLOSE_NOT_NEAR_OR_BELOW_LOWER_BB|CLOSE_NOT_ABOVE_MA200|RSI_RECOVERY_NOT_CONFIRMED
2026-09-29T01:49:54.769953+00:00,SIE_OLD_MR_REGIME_EXHAUSTION_CONFIRM_V1,XRP,XRPUSDT,strategy-lab-v1.0.0:SIE_OLD_MR_REGIME_EXHAUSTION_CONFIRM_V1,1790636400000,2026-09-28T23:00:00+00:00,1.4924,1.5001,1.4911,1.4961,55.18058022498523,1.4932050000000001,1.4662368354350932,1.5214215000000002,0.022971428571428563,0.015354206651579817,53.56074207061641,1.2499999999999951,False,TREND_SUPPORT_NOT_CONFIRMED|PLANNED_REWARD_TOO_LOW|RSI_NOT_BELOW_32|CLOSE_NOT_NEAR_OR_BELOW_LOWER_BB|CLOSE_NOT_ABOVE_MA200
2026-09-29T01:49:54.769953+00:00,SIE_OLD_MR_REGIME_EXHAUSTION_CONFIRM_V1,XRP,XRPUSDT,strategy-lab-v1.0.0:SIE_OLD_MR_REGIME_EXHAUSTION_CONFIRM_V1,1790640000000,2026-09-29T00:00:00+00:00,1.4961,1.503,1.4876,1.4876,49.70131421744328,1.49279,1.4657451557593706,1.5218085,0.022978571428571404,0.015446740675296722,55.18058022498523,1.2499999999999976,False,TREND_SUPPORT_NOT_CONFIRMED|PLANNED_REWARD_TOO_LOW|RSI_NOT_BELOW_32|CLOSE_NOT_NEAR_OR_BELOW_LOWER_BB|CLOSE_NOT_ABOVE_MA200|RSI_RECOVERY_NOT_CONFIRMED
2026-09-29T01:49:54.769953+00:00,SIE_OLD_MR_REGIME_EXHAUSTION_CONFIRM_V1,XRP,XRPUSDT,strategy-lab-v1.0.0:SIE_OLD_MR_REGIME_EXHAUSTION_CONFIRM_V1,1790643600000,2026-09-29T01:00:00+00:00,1.4875,1.4947,1.4653,1.4737,44.51357466063345,1.4922849999999999,1.4642292501436887,1.5221640000000003,0.0242928571428571,0.01648426215841562,49.70131421744328,1.25,False,TREND_SUPPORT_NOT_CONFIRMED|RSI_NOT_BELOW_32|CLOSE_NOT_NEAR_OR_BELOW_LOWER_BB|CLOSE_NOT_ABOVE_MA200|RSI_RECOVERY_NOT_CONFIRMED
2026-09-29T01:49:54.769953+00:00,SIE_OLD_MR_REGIME_EXHAUSTION_CONFIRM_V1,DOGE,DOGEUSDT,strategy-lab-v1.0.0:SIE_OLD_MR_REGIME_EXHAUSTION_CONFIRM_V1,1790629200000,2026-09-28T21:00:00+00:00,0.09395,0.09427,0.09309,0.09318,53.06859205776174,0.09358150000000001,0.09200520973485263,0.09589065,0.0013492857142857156,0.01448042191764022,54.39407955596666,1.25,False,TREND_SUPPORT_NOT_CONFIRMED|RSI_NOT_BELOW_32|CLOSE_NOT_NEAR_OR_BELOW_LOWER_BB|CLOSE_NOT_ABOVE_MA200|RSI_RECOVERY_NOT_CONFIRMED
2026-09-29T01:49:54.769953+00:00,SIE_OLD_MR_REGIME_EXHAUSTION_CONFIRM_V1,DOGE,DOGEUSDT,strategy-lab-v1.0.0:SIE_OLD_MR_REGIME_EXHAUSTION_CONFIRM_V1,1790632800000,2026-09-28T22:00:00+00:00,0.09312,0.09353,0.09245,0.09347,52.24977043158864,0.093519,0.09203161437414556,0.09593259999999999,0.001372857142857144,0.014687676718274784,53.06859205776174,1.249999999999995,False,TREND_SUPPORT_NOT_CONFIRMED|PLANNED_REWARD_TOO_LOW|RSI_NOT_BELOW_32|CLOSE_NOT_NEAR_OR_BELOW_LOWER_BB|CLOSE_NOT_ABOVE_MA200|RSI_RECOVERY_NOT_CONFIRMED
2026-09-29T01:49:54.769953+00:00,SIE_OLD_MR_REGIME_EXHAUSTION_CONFIRM_V1,DOGE,DOGEUSDT,strategy-lab-v1.0.0:SIE_OLD_MR_REGIME_EXHAUSTION_CONFIRM_V1,1790636400000,2026-09-28T23:00:00+00:00,0.09349,0.09397,0.09336,0.09386,57.25047080979284,0.093511,0.09203278621302653,0.09597290000000001,0.0013414285714285718,0.014291802380445043,52.24977043158864,1.250000000000005,False,TREND_SUPPORT_NOT_CONFIRMED|RSI_NOT_BELOW_32|CLOSE_NOT_NEAR_OR_BELOW_LOWER_BB|CLOSE_NOT_ABOVE_MA200
2026-09-29T01:49:54.769953+00:00,SIE_OLD_MR_REGIME_EXHAUSTION_CONFIRM_V1,DOGE,DOGEUSDT,strategy-lab-v1.0.0:SIE_OLD_MR_REGIME_EXHAUSTION_CONFIRM_V1,1790640000000,2026-09-29T00:00:00+00:00,0.09385,0.0945,0.09353,0.09357,52.130822596630324,0.0934705,0.09204634446074227,0.0960035,0.0013349999999999998,0.01426739339531901,57.25047080979284,1.250000000000005,False,TREND_SUPPORT_NOT_CONFIRMED|RSI_NOT_BELOW_32|CLOSE_NOT_NEAR_OR_BELOW_LOWER_BB|CLOSE_NOT_ABOVE_MA200|RSI_RECOVERY_NOT_CONFIRMED
2026-09-29T01:49:54.769953+00:00,SIE_OLD_MR_REGIME_EXHAUSTION_CONFIRM_V1,DOGE,DOGEUSDT,strategy-lab-v1.0.0:SIE_OLD_MR_REGIME_EXHAUSTION_CONFIRM_V1,1790643600000,2026-09-29T01:00:00+00:00,0.09356,0.094,0.09199,0.0927,48.0365296803653,0.0934395,0.09197711188462211,0.09603199999999999,0.001448571428571428,0.015626444752658338,52.130822596630324,1.2499999999999976,False,TREND_SUPPORT_NOT_CONFIRMED|PLANNED_REWARD_TOO_LOW|RSI_NOT_BELOW_32|CLOSE_NOT_NEAR_OR_BELOW_LOWER_BB|CLOSE_NOT_ABOVE_MA200|RSI_RECOVERY_NOT_CONFIRMED
2026-09-29T01:49:54.769953+00:00,SIE_OLD_MR_REGIME_EXHAUSTION_CONFIRM_V1,BNB,BNBUSDT,strategy-lab-v1.0.0:SIE_OLD_MR_REGIME_EXHAUSTION_CONFIRM_V1,1790629200000,2026-09-28T21:00:00+00:00,765.83,765.97,760.98,761.3,51.20967741935477,765.085,756.876047569875,777.02685,5.769285714285696,0.007578202698391825,51.8790849673203,1.2499999999999951,False,TREND_SUPPORT_NOT_CONFIRMED|PLANNED_REWARD_TOO_LOW|RSI_NOT_BELOW_32|CLOSE_NOT_NEAR_OR_BELOW_LOWER_BB|CLOSE_NOT_ABOVE_MA200|RSI_RECOVERY_NOT_CONFIRMED
2026-09-29T01:49:54.769953+00:00,SIE_OLD_MR_REGIME_EXHAUSTION_CONFIRM_V1,BNB,BNBUSDT,strategy-lab-v1.0.0:SIE_OLD_MR_REGIME_EXHAUSTION_CONFIRM_V1,1790632800000,2026-09-28T22:00:00+00:00,760.78,762.29,759.09,762.04,50.2467105263158,764.575,756.9617155576549,777.07155,5.686428571428556,0.007462112974946928,51.20967741935477,1.250000000000005,False,TREND_SUPPORT_NOT_CONFIRMED|RSI_NOT_BELOW_32|CLOSE_NOT_NEAR_OR_BELOW_LOWER_BB|CLOSE_NOT_ABOVE_MA200|RSI_RECOVERY_NOT_CONFIRMED
2026-09-29T01:49:54.769953+00:00,SIE_OLD_MR_REGIME_EXHAUSTION_CONFIRM_V1,BNB,BNBUSDT,strategy-lab-v1.0.0:SIE_OLD_MR_REGIME_EXHAUSTION_CONFIRM_V1,1790636400000,2026-09-28T23:00:00+00:00,761.99,764.03,760.23,763.66,54.223886808156415,764.2439999999999,757.0898476393037,777.1034500000001,5.609285714285696,0.007345265843812294,50.2467105263158,1.250000000000005,False,TREND_SUPPORT_NOT_CONFIRMED|RSI_NOT_BELOW_32|CLOSE_NOT_NEAR_OR_BELOW_LOWER_BB|CLOSE_NOT_ABOVE_MA200
2026-09-29T01:49:54.769953+00:00,SIE_OLD_MR_REGIME_EXHAUSTION_CONFIRM_V1,BNB,BNBUSDT,strategy-lab-v1.0.0:SIE_OLD_MR_REGIME_EXHAUSTION_CONFIRM_V1,1790640000000,2026-09-29T00:00:00+00:00,763.39,765.0,760.38,760.38,49.1757137112987,763.681,757.2033495000074,777.0867,5.729999999999985,0.0075357058312948595,54.223886808156415,1.25,False,TREND_SUPPORT_NOT_CONFIRMED|RSI_NOT_BELOW_32|CLOSE_NOT_NEAR_OR_BELOW_LOWER_BB|CLOSE_NOT_ABOVE_MA200|RSI_RECOVERY_NOT_CONFIRMED
2026-09-29T01:49:54.769953+00:00,SIE_OLD_MR_REGIME_EXHAUSTION_CONFIRM_V1,BNB,BNBUSDT,strategy-lab-v1.0.0:SIE_OLD_MR_REGIME_EXHAUSTION_CONFIRM_V1,1790643600000,2026-09-29T01:00:00+00:00,760.22,761.19,753.78,757.27,43.75990491283669,763.268,756.2812909034329,777.0536999999999,6.072857142857141,0.008019408061665114,49.1757137112987,1.25,False,TREND_SUPPORT_NOT_CONFIRMED|RSI_NOT_BELOW_32|CLOSE_NOT_NEAR_OR_BELOW_LOWER_BB|CLOSE_NOT_ABOVE_MA200|RSI_RECOVERY_NOT_CONFIRMED
2026-09-29T01:49:54.769953+00:00,SIE_OLD_MR_REGIME_EXHAUSTION_CONFIRM_V1,PAXG,PAXGUSDT,strategy-lab-v1.0.0:SIE_OLD_MR_REGIME_EXHAUSTION_CONFIRM_V1,1790629200000,2026-09-28T21:00:00+00:00,4125.82,4132.35,4125.53,4128.57,37.82591255515443,4157.2815,4110.203816422757,4288.124150000001,16.81857142857143,0.004073703831731431,34.75232803818777,1.2500000000000135,False,TREND_SUPPORT_NOT_CONFIRMED|RSI_NOT_BELOW_32|CLOSE_NOT_NEAR_OR_BELOW_LOWER_BB|CLOSE_NOT_ABOVE_MA200
2026-09-29T01:49:54.769953+00:00,SIE_OLD_MR_REGIME_EXHAUSTION_CONFIRM_V1,PAXG,PAXGUSDT,strategy-lab-v1.0.0:SIE_OLD_MR_REGIME_EXHAUSTION_CONFIRM_V1,1790632800000,2026-09-28T22:00:00+00:00,4128.23,4135.27,4125.82,4132.36,42.49958284665433,4153.868,4110.071903096293,4286.987,16.605000000000082,0.004018284950972346,37.82591255515443,1.2499999999999862,False,TREND_SUPPORT_NOT_CONFIRMED|PLANNED_REWARD_TOO_LOW|RSI_NOT_BELOW_32|CLOSE_NOT_NEAR_OR_BELOW_LOWER_BB|CLOSE_NOT_ABOVE_MA200
2026-09-29T01:49:54.769953+00:00,SIE_OLD_MR_REGIME_EXHAUSTION_CONFIRM_V1,PAXG,PAXGUSDT,strategy-lab-v1.0.0:SIE_OLD_MR_REGIME_EXHAUSTION_CONFIRM_V1,1790636400000,2026-09-28T23:00:00+00:00,4133.14,4138.51,4132.42,4137.27,38.46428571428633,4150.6404999999995,4112.278397098843,4285.87335,15.925714285714418,0.0038493292160565826,42.49958284665433,1.2499999999999858,False,TREND_SUPPORT_NOT_CONFIRMED|PLANNED_REWARD_TOO_LOW|RSI_NOT_BELOW_32|CLOSE_NOT_NEAR_OR_BELOW_LOWER_BB|CLOSE_NOT_ABOVE_MA200|RSI_RECOVERY_NOT_CONFIRMED
2026-09-29T01:49:54.769953+00:00,SIE_OLD_MR_REGIME_EXHAUSTION_CONFIRM_V1,PAXG,PAXGUSDT,strategy-lab-v1.0.0:SIE_OLD_MR_REGIME_EXHAUSTION_CONFIRM_V1,1790640000000,2026-09-29T00:00:00+00:00,4137.06,4137.06,4125.82,4128.42,34.86599664991641,4147.0965,4114.745117788433,4284.70245,16.202857142857347,0.003924711425401812,38.46428571428633,1.249999999999986,False,TREND_SUPPORT_NOT_CONFIRMED|PLANNED_REWARD_TOO_LOW|RSI_NOT_BELOW_32|CLOSE_NOT_NEAR_OR_BELOW_LOWER_BB|CLOSE_NOT_ABOVE_MA200|RSI_RECOVERY_NOT_CONFIRMED
2026-09-29T01:49:54.769953+00:00,SIE_OLD_MR_REGIME_EXHAUSTION_CONFIRM_V1,PAXG,PAXGUSDT,strategy-lab-v1.0.0:SIE_OLD_MR_REGIME_EXHAUSTION_CONFIRM_V1,1790643600000,2026-09-29T01:00:00+00:00,4125.83,4143.17,4125.82,4143.17,45.031948881789354,4145.044,4117.52648674028,4283.61925,16.700714285714508,0.004030902493915169,34.86599664991641,1.25,False,TREND_SUPPORT_NOT_CONFIRMED|RSI_NOT_BELOW_32|CLOSE_NOT_NEAR_OR_BELOW_LOWER_BB|CLOSE_NOT_ABOVE_MA200
2026-09-29T08:21:52.124462+00:00,SIE_OLD_MR_REGIME_EXHAUSTION_CONFIRM_V1,BTC,BTCUSDT,strategy-lab-v1.0.0:SIE_OLD_MR_REGIME_EXHAUSTION_CONFIRM_V1,1790647200000,2026-09-29T02:00:00+00:00,83030.19,83130.16,82853.82,82930.04,41.6225182286749,83282.1895,82568.80411513403,84387.24639999999,570.7421428571417,0.006882212318445062,49.654834479081025,1.2500000000000127,False,TREND_SUPPORT_NOT_CONFIRMED|RSI_NOT_BELOW_32|CLOSE_NOT_NEAR_OR_BELOW_LOWER_BB|CLOSE_NOT_ABOVE_MA200|RSI_RECOVERY_NOT_CONFIRMED
2026-09-29T08:21:52.124462+00:00,SIE_OLD_MR_REGIME_EXHAUSTION_CONFIRM_V1,BTC,BTCUSDT,strategy-lab-v1.0.0:SIE_OLD_MR_REGIME_EXHAUSTION_CONFIRM_V1,1790650800000,2026-09-29T03:00:00+00:00,82930.05,83184.98,82830.52,83038.38,42.218316529499745,83288.342,82585.67655312976,84396.62610000001,558.5271428571411,0.0067261324565476965,41.6225182286749,1.25,False,TREND_SUPPORT_NOT_CONFIRMED|RSI_NOT_BELOW_32|CLOSE_NOT_NEAR_OR_BELOW_LOWER_BB|CLOSE_NOT_ABOVE_MA200
2026-09-29T08:21:52.124462+00:00,SIE_OLD_MR_REGIME_EXHAUSTION_CONFIRM_V1,BTC,BTCUSDT,strategy-lab-v1.0.0:SIE_OLD_MR_REGIME_EXHAUSTION_CONFIRM_V1,1790654400000,2026-09-29T04:00:00+00:00,83038.38,83267.08,82986.3,83170.56,52.58539775582994,83301.191,82617.25858258046,84407.11154999999,498.6164285714268,0.005995107265977611,42.218316529499745,1.2499999999999853,False,TREND_SUPPORT_NOT_CONFIRMED|PLANNED_REWARD_TOO_LOW|RSI_NOT_BELOW_32|CLOSE_NOT_NEAR_OR_BELOW_LOWER_BB|CLOSE_NOT_ABOVE_MA200
2026-09-29T08:21:52.124462+00:00,SIE_OLD_MR_REGIME_EXHAUSTION_CONFIRM_V1,BTC,BTCUSDT,strategy-lab-v1.0.0:SIE_OLD_MR_REGIME_EXHAUSTION_CONFIRM_V1,1790658000000,2026-09-29T05:00:00+00:00,83170.56,83409.71,82926.48,83398.44,50.86087603196861,83339.302,82726.5965685361,84419.50235000001,489.9814285714279,0.005875186976775919,52.58539775582994,1.2499999999999851,False,TREND_SUPPORT_NOT_CONFIRMED|PLANNED_REWARD_TOO_LOW|RSI_NOT_BELOW_32|CLOSE_NOT_NEAR_OR_BELOW_LOWER_BB|CLOSE_NOT_ABOVE_MA200|RSI_RECOVERY_NOT_CONFIRMED
2026-09-29T08:21:52.124462+00:00,SIE_OLD_MR_REGIME_EXHAUSTION_CONFIRM_V1,BTC,BTCUSDT,strategy-lab-v1.0.0:SIE_OLD_MR_REGIME_EXHAUSTION_CONFIRM_V1,1790661600000,2026-09-29T06:00:00+00:00,83398.45,83987.96,83377.06,83976.01,54.07341801107981,83392.644,82753.81446259792,84433.3999,465.9642857142857,0.005548778582291368,50.86087603196861,1.2500000000000155,False,TREND_SUPPORT_NOT_CONFIRMED|RSI_NOT_BELOW_32|CLOSE_NOT_NEAR_OR_BELOW_LOWER_BB|CLOSE_NOT_ABOVE_MA200
2026-09-29T08:21:52.124462+00:00,SIE_OLD_MR_REGIME_EXHAUSTION_CONFIRM_V1,BTC,BTCUSDT,strategy-lab-v1.0.0:SIE_OLD_MR_REGIME_EXHAUSTION_CONFIRM_V1,1790665200000,2026-09-29T07:00:00+00:00,83976.0,84168.0,83833.33,83956.54,51.67030937074188,83437.525,82773.17015555213,84447.3844,429.3564285714289,0.005114031957146268,54.07341801107981,1.2499999999999831,False,TREND_SUPPORT_NOT_CONFIRMED|PLANNED_REWARD_TOO_LOW|RSI_NOT_BELOW_32|CLOSE_NOT_NEAR_OR_BELOW_LOWER_BB|CLOSE_NOT_ABOVE_MA200|RSI_RECOVERY_NOT_CONFIRMED
2026-09-29T08:21:52.124462+00:00,SIE_OLD_MR_REGIME_EXHAUSTION_CONFIRM_V1,BTC,BTCUSDT,strategy-lab-v1.0.0:SIE_OLD_MR_REGIME_EXHAUSTION_CONFIRM_V1,1790668800000,2026-09-29T08:00:00+00:00,83956.55,84083.83,83942.27,84077.05,50.92275023525349,83463.36000000002,82743.99999315967,84459.81689999999,420.51642857142826,0.005001560218530839,51.67030937074188,1.25,False,TREND_SUPPORT_NOT_CONFIRMED|RSI_NOT_BELOW_32|CLOSE_NOT_NEAR_OR_BELOW_LOWER_BB|CLOSE_NOT_ABOVE_MA200|RSI_RECOVERY_NOT_CONFIRMED
2026-09-29T08:21:52.124462+00:00,SIE_OLD_MR_REGIME_EXHAUSTION_CONFIRM_V1,SOL,SOLUSDT,strategy-lab-v1.0.0:SIE_OLD_MR_REGIME_EXHAUSTION_CONFIRM_V1,1790647200000,2026-09-29T02:00:00+00:00,117.09,117.3,116.39,116.9,34.71400394477324,118.53699999999999,116.80847345984898,118.14605000000002,1.4571428571428544,0.012464866185995332,42.89520426287748,1.25,False,RSI_NOT_BELOW_32|CLOSE_NOT_ABOVE_MA200|RSI_RECOVERY_NOT_CONFIRMED
2026-09-29T08:21:52.124462+00:00,SIE_OLD_MR_REGIME_EXHAUSTION_CONFIRM_V1,SOL,SOLUSDT,strategy-lab-v1.0.0:SIE_OLD_MR_REGIME_EXHAUSTION_CONFIRM_V1,1790650800000,2026-09-29T03:00:00+00:00,116.91,118.0,116.85,117.81,40.754369825207036,118.52800000000002,116.78635020741645,118.18305000000001,1.4671428571428546,0.01245346623497882,34.71400394477324,1.2499999999999976,False,PLANNED_REWARD_TOO_LOW|RSI_NOT_BELOW_32|CLOSE_NOT_NEAR_OR_BELOW_LOWER_BB|CLOSE_NOT_ABOVE_MA200
2026-09-29T08:21:52.124462+00:00,SIE_OLD_MR_REGIME_EXHAUSTION_CONFIRM_V1,SOL,SOLUSDT,strategy-lab-v1.0.0:SIE_OLD_MR_REGIME_EXHAUSTION_CONFIRM_V1,1790654400000,2026-09-29T04:00:00+00:00,117.8,118.09,117.2,117.65,47.89189189189189,118.49499999999998,116.71352308462713,118.2208,1.3499999999999983,0.01147471313217168,40.754369825207036,1.2500000000000053,False,RSI_NOT_BELOW_32|CLOSE_NOT_NEAR_OR_BELOW_LOWER_BB|CLOSE_NOT_ABOVE_MA200|RSI_RECOVERY_NOT_CONFIRMED
2026-09-29T08:21:52.124462+00:00,SIE_OLD_MR_REGIME_EXHAUSTION_CONFIRM_V1,SOL,SOLUSDT,strategy-lab-v1.0.0:SIE_OLD_MR_REGIME_EXHAUSTION_CONFIRM_V1,1790658000000,2026-09-29T05:00:00+00:00,117.65,118.22,117.05,118.21,47.43729552889852,118.5195,116.76810655476663,118.26244999999999,1.3335714285714266,0.011281375759846262,47.89189189189189,1.2499999999999973,False,PLANNED_REWARD_TOO_LOW|RSI_NOT_BELOW_32|CLOSE_NOT_NEAR_OR_BELOW_LOWER_BB|CLOSE_NOT_ABOVE_MA200|RSI_RECOVERY_NOT_CONFIRMED
2026-09-29T08:21:52.124462+00:00,SIE_OLD_MR_REGIME_EXHAUSTION_CONFIRM_V1,SOL,SOLUSDT,strategy-lab-v1.0.0:SIE_OLD_MR_REGIME_EXHAUSTION_CONFIRM_V1,1790661600000,2026-09-29T06:00:00+00:00,118.22,119.25,118.17,119.2,49.68684759916491,118.55850000000001,116.7831321507906,118.30335000000001,1.258571428571427,0.010558485139022038,47.43729552889852,1.25,False,RSI_NOT_BELOW_32|CLOSE_NOT_NEAR_OR_BELOW_LOWER_BB
2026-09-29T08:21:52.124462+00:00,SIE_OLD_MR_REGIME_EXHAUSTION_CONFIRM_V1,SOL,SOLUSDT,strategy-lab-v1.0.0:SIE_OLD_MR_REGIME_EXHAUSTION_CONFIRM_V1,1790665200000,2026-09-29T07:00:00+00:00,119.2,119.87,118.94,119.49,48.886532343584264,118.59849999999999,116.77761807082214,118.34505000000001,1.1707142857142847,0.009797592147579587,49.68684759916491,1.249999999999997,False,PLANNED_REWARD_TOO_LOW|RSI_NOT_BELOW_32|CLOSE_NOT_NEAR_OR_BELOW_LOWER_BB|RSI_RECOVERY_NOT_CONFIRMED
2026-09-29T08:21:52.124462+00:00,SIE_OLD_MR_REGIME_EXHAUSTION_CONFIRM_V1,SOL,SOLUSDT,strategy-lab-v1.0.0:SIE_OLD_MR_REGIME_EXHAUSTION_CONFIRM_V1,1790668800000,2026-09-29T08:00:00+00:00,119.5,119.56,119.15,119.44,47.237269772481014,118.5705,116.82085460735428,118.38085000000001,1.1421428571428558,0.009562482059133086,48.886532343584264,1.25,False,RSI_NOT_BELOW_32|CLOSE_NOT_NEAR_OR_BELOW_LOWER_BB|RSI_RECOVERY_NOT_CONFIRMED
2026-09-29T08:21:52.124462+00:00,SIE_OLD_MR_REGIME_EXHAUSTION_CONFIRM_V1,XRP,XRPUSDT,strategy-lab-v1.0.0:SIE_OLD_MR_REGIME_EXHAUSTION_CONFIRM_V1,1790647200000,2026-09-29T02:00:00+00:00,1.477,1.4811,1.4668,1.4754,33.37940566689697,1.49225,1.464168297772401,1.5225394999999997,0.022649999999999965,0.015351769011793389,45.36023054755042,1.2500000000000049,False,TREND_SUPPORT_NOT_CONFIRMED|RSI_NOT_BELOW_32|CLOSE_NOT_NEAR_OR_BELOW_LOWER_BB|CLOSE_NOT_ABOVE_MA200|RSI_RECOVERY_NOT_CONFIRMED
2026-09-29T08:21:52.124462+00:00,SIE_OLD_MR_REGIME_EXHAUSTION_CONFIRM_V1,XRP,XRPUSDT,strategy-lab-v1.0.0:SIE_OLD_MR_REGIME_EXHAUSTION_CONFIRM_V1,1790650800000,2026-09-29T03:00:00+00:00,1.4755,1.4916,1.4739,1.4887,39.716312056737536,1.493135,1.4667218006481697,1.5229385000000002,0.022649999999999965,0.01521461677974069,33.37940566689697,1.2500000000000049,False,TREND_SUPPORT_NOT_CONFIRMED|RSI_NOT_BELOW_32|CLOSE_NOT_NEAR_OR_BELOW_LOWER_BB|CLOSE_NOT_ABOVE_MA200
2026-09-29T08:21:52.124462+00:00,SIE_OLD_MR_REGIME_EXHAUSTION_CONFIRM_V1,XRP,XRPUSDT,strategy-lab-v1.0.0:SIE_OLD_MR_REGIME_EXHAUSTION_CONFIRM_V1,1790654400000,2026-09-29T04:00:00+00:00,1.4884,1.4917,1.4788,1.4852,49.95944849959449,1.49337,1.4673296390194084,1.5233355,0.02018571428571427,0.013591243122619357,39.716312056737536,1.2499999999999944,False,TREND_SUPPORT_NOT_CONFIRMED|PLANNED_REWARD_TOO_LOW|RSI_NOT_BELOW_32|CLOSE_NOT_NEAR_OR_BELOW_LOWER_BB|CLOSE_NOT_ABOVE_MA200|RSI_RECOVERY_NOT_CONFIRMED
2026-09-29T08:21:52.124462+00:00,SIE_OLD_MR_REGIME_EXHAUSTION_CONFIRM_V1,XRP,XRPUSDT,strategy-lab-v1.0.0:SIE_OLD_MR_REGIME_EXHAUSTION_CONFIRM_V1,1790658000000,2026-09-29T05:00:00+00:00,1.4846,1.4936,1.4738,1.4935,49.67373572593804,1.494115,1.4689703564352263,1.5237939999999996,0.01993571428571426,0.013348318905734357,49.95944849959449,1.2500000000000029,False,TREND_SUPPORT_NOT_CONFIRMED|RSI_NOT_BELOW_32|CLOSE_NOT_NEAR_OR_BELOW_LOWER_BB|CLOSE_NOT_ABOVE_MA200|RSI_RECOVERY_NOT_CONFIRMED
2026-09-29T08:21:52.124462+00:00,SIE_OLD_MR_REGIME_EXHAUSTION_CONFIRM_V1,XRP,XRPUSDT,strategy-lab-v1.0.0:SIE_OLD_MR_REGIME_EXHAUSTION_CONFIRM_V1,1790661600000,2026-09-29T06:00:00+00:00,1.4935,1.5083,1.4932,1.5052,52.0962732919255,1.494945,1.4694893542608027,1.524272,0.018771428571428533,0.012471052731483212,49.67373572593804,1.2499999999999971,False,TREND_SUPPORT_NOT_CONFIRMED|PLANNED_REWARD_TOO_LOW|RSI_NOT_BELOW_32|CLOSE_NOT_NEAR_OR_BELOW_LOWER_BB|CLOSE_NOT_ABOVE_MA200
2026-09-29T08:21:52.124462+00:00,SIE_OLD_MR_REGIME_EXHAUSTION_CONFIRM_V1,XRP,XRPUSDT,strategy-lab-v1.0.0:SIE_OLD_MR_REGIME_EXHAUSTION_CONFIRM_V1,1790665200000,2026-09-29T07:00:00+00:00,1.5051,1.5113,1.5019,1.5071,50.32206119162645,1.4956450000000001,1.4696662028762013,1.5247575,0.01729285714285711,0.011474259931562012,52.0962732919255,1.250000000000003,False,TREND_SUPPORT_NOT_CONFIRMED|RSI_NOT_BELOW_32|CLOSE_NOT_NEAR_OR_BELOW_LOWER_BB|CLOSE_NOT_ABOVE_MA200|RSI_RECOVERY_NOT_CONFIRMED
2026-09-29T08:21:52.124462+00:00,SIE_OLD_MR_REGIME_EXHAUSTION_CONFIRM_V1,XRP,XRPUSDT,strategy-lab-v1.0.0:SIE_OLD_MR_REGIME_EXHAUSTION_CONFIRM_V1,1790668800000,2026-09-29T08:00:00+00:00,1.5073,1.5089,1.5033,1.5077,48.281642917015915,1.494855,1.4714822402143113,1.5251690000000002,0.016742857142857108,0.011104899610570476,50.32206119162645,1.2499999999999967,False,TREND_SUPPORT_NOT_CONFIRMED|PLANNED_REWARD_TOO_LOW|RSI_NOT_BELOW_32|CLOSE_NOT_NEAR_OR_BELOW_LOWER_BB|CLOSE_NOT_ABOVE_MA200|RSI_RECOVERY_NOT_CONFIRMED
2026-09-29T08:21:52.124462+00:00,SIE_OLD_MR_REGIME_EXHAUSTION_CONFIRM_V1,DOGE,DOGEUSDT,strategy-lab-v1.0.0:SIE_OLD_MR_REGIME_EXHAUSTION_CONFIRM_V1,1790647200000,2026-09-29T02:00:00+00:00,0.09274,0.09286,0.09175,0.09225,38.8446215139442,0.0934035,0.09186292510730504,0.0960599,0.0013949999999999993,0.015121951219512188,47.992700729926966,1.2499999999999976,False,TREND_SUPPORT_NOT_CONFIRMED|PLANNED_REWARD_TOO_LOW|RSI_NOT_BELOW_32|CLOSE_NOT_NEAR_OR_BELOW_LOWER_BB|CLOSE_NOT_ABOVE_MA200|RSI_RECOVERY_NOT_CONFIRMED
2026-09-29T08:21:52.124462+00:00,SIE_OLD_MR_REGIME_EXHAUSTION_CONFIRM_V1,DOGE,DOGEUSDT,strategy-lab-v1.0.0:SIE_OLD_MR_REGIME_EXHAUSTION_CONFIRM_V1,1790650800000,2026-09-29T03:00:00+00:00,0.09225,0.09338,0.09213,0.09312,46.310679611650436,0.0934345,0.0919437488470566,0.09608865,0.0014199999999999996,0.015249140893470787,38.8446215139442,1.2500000000000049,False,TREND_SUPPORT_NOT_CONFIRMED|RSI_NOT_BELOW_32|CLOSE_NOT_NEAR_OR_BELOW_LOWER_BB|CLOSE_NOT_ABOVE_MA200
2026-09-29T08:21:52.124462+00:00,SIE_OLD_MR_REGIME_EXHAUSTION_CONFIRM_V1,DOGE,DOGEUSDT,strategy-lab-v1.0.0:SIE_OLD_MR_REGIME_EXHAUSTION_CONFIRM_V1,1790654400000,2026-09-29T04:00:00+00:00,0.0931,0.09344,0.09265,0.09305,54.38996579247431,0.093438,0.0919512101695256,0.09611735000000002,0.0013042857142857142,0.014017041529131804,46.310679611650436,1.2499999999999973,False,TREND_SUPPORT_NOT_CONFIRMED|PLANNED_REWARD_TOO_LOW|RSI_NOT_BELOW_32|CLOSE_NOT_NEAR_OR_BELOW_LOWER_BB|CLOSE_NOT_ABOVE_MA200|RSI_RECOVERY_NOT_CONFIRMED
2026-09-29T08:21:52.124462+00:00,SIE_OLD_MR_REGIME_EXHAUSTION_CONFIRM_V1,DOGE,DOGEUSDT,strategy-lab-v1.0.0:SIE_OLD_MR_REGIME_EXHAUSTION_CONFIRM_V1,1790658000000,2026-09-29T05:00:00+00:00,0.09309,0.09388,0.0926,0.09379,52.830188679245246,0.0935115,0.09211016813352364,0.09615169999999999,0.0012871428571428567,0.01372366837768266,54.38996579247431,1.2500000000000027,False,TREND_SUPPORT_NOT_CONFIRMED|RSI_NOT_BELOW_32|CLOSE_NOT_NEAR_OR_BELOW_LOWER_BB|CLOSE_NOT_ABOVE_MA200|RSI_RECOVERY_NOT_CONFIRMED
2026-09-29T08:21:52.124462+00:00,SIE_OLD_MR_REGIME_EXHAUSTION_CONFIRM_V1,DOGE,DOGEUSDT,strategy-lab-v1.0.0:SIE_OLD_MR_REGIME_EXHAUSTION_CONFIRM_V1,1790661600000,2026-09-29T06:00:00+00:00,0.09381,0.09483,0.09379,0.09465,51.69082125603867,0.093587,0.09211303799234781,0.0961877,0.0012064285714285716,0.012746207833371069,52.830188679245246,1.2499999999999971,False,TREND_SUPPORT_NOT_CONFIRMED|PLANNED_REWARD_TOO_LOW|RSI_NOT_BELOW_32|CLOSE_NOT_NEAR_OR_BELOW_LOWER_BB|CLOSE_NOT_ABOVE_MA200|RSI_RECOVERY_NOT_CONFIRMED
2026-09-29T08:21:52.124462+00:00,SIE_OLD_MR_REGIME_EXHAUSTION_CONFIRM_V1,DOGE,DOGEUSDT,strategy-lab-v1.0.0:SIE_OLD_MR_REGIME_EXHAUSTION_CONFIRM_V1,1790665200000,2026-09-29T07:00:00+00:00,0.09466,0.09523,0.09443,0.09504,52.77449822904368,0.0936825,0.09209613465746315,0.0962264,0.0011350000000000002,0.011942340067340068,51.69082125603867,1.25,False,TREND_SUPPORT_NOT_CONFIRMED|RSI_NOT_BELOW_32|CLOSE_NOT_NEAR_OR_BELOW_LOWER_BB|CLOSE_NOT_ABOVE_MA200
2026-09-29T08:21:52.124462+00:00,SIE_OLD_MR_REGIME_EXHAUSTION_CONFIRM_V1,DOGE,DOGEUSDT,strategy-lab-v1.0.0:SIE_OLD_MR_REGIME_EXHAUSTION_CONFIRM_V1,1790668800000,2026-09-29T08:00:00+00:00,0.09505,0.09512,0.09462,0.09492,50.241545893719795,0.093704,0.09206370246601353,0.09625715,0.001113571428571429,0.01173168382397207,52.77449822904368,1.25,False,TREND_SUPPORT_NOT_CONFIRMED|RSI_NOT_BELOW_32|CLOSE_NOT_NEAR_OR_BELOW_LOWER_BB|CLOSE_NOT_ABOVE_MA200|RSI_RECOVERY_NOT_CONFIRMED
2026-09-29T08:21:52.124462+00:00,SIE_OLD_MR_REGIME_EXHAUSTION_CONFIRM_V1,BNB,BNBUSDT,strategy-lab-v1.0.0:SIE_OLD_MR_REGIME_EXHAUSTION_CONFIRM_V1,1790647200000,2026-09-29T02:00:00+00:00,757.96,757.96,753.7,756.05,36.14405865861546,762.925,755.3482764337051,777.0066,5.8828571428571435,0.0077810424480618265,44.277410302665814,1.25,False,TREND_SUPPORT_NOT_CONFIRMED|RSI_NOT_BELOW_32|CLOSE_NOT_NEAR_OR_BELOW_LOWER_BB|CLOSE_NOT_ABOVE_MA200|RSI_RECOVERY_NOT_CONFIRMED
2026-09-29T08:21:52.124462+00:00,SIE_OLD_MR_REGIME_EXHAUSTION_CONFIRM_V1,BNB,BNBUSDT,strategy-lab-v1.0.0:SIE_OLD_MR_REGIME_EXHAUSTION_CONFIRM_V1,1790650800000,2026-09-29T03:00:00+00:00,756.04,759.55,755.52,758.47,41.26506024096388,762.8435,755.1134643597168,776.95145,5.857857142857142,0.007723254898489251,36.14405865861546,1.2499999999999951,False,TREND_SUPPORT_NOT_CONFIRMED|PLANNED_REWARD_TOO_LOW|RSI_NOT_BELOW_32|CLOSE_NOT_NEAR_OR_BELOW_LOWER_BB|CLOSE_NOT_ABOVE_MA200
2026-09-29T08:21:52.124462+00:00,SIE_OLD_MR_REGIME_EXHAUSTION_CONFIRM_V1,BNB,BNBUSDT,strategy-lab-v1.0.0:SIE_OLD_MR_REGIME_EXHAUSTION_CONFIRM_V1,1790654400000,2026-09-29T04:00:00+00:00,758.62,759.84,756.14,756.85,47.6995772195971,762.596,754.4427763430624,776.8956999999999,5.37357142857143,0.007099916005247314,41.26506024096388,1.2499999999999947,False,TREND_SUPPORT_NOT_CONFIRMED|PLANNED_REWARD_TOO_LOW|RSI_NOT_BELOW_32|CLOSE_NOT_NEAR_OR_BELOW_LOWER_BB|CLOSE_NOT_ABOVE_MA200|RSI_RECOVERY_NOT_CONFIRMED
2026-09-29T08:21:52.124462+00:00,SIE_OLD_MR_REGIME_EXHAUSTION_CONFIRM_V1,BNB,BNBUSDT,strategy-lab-v1.0.0:SIE_OLD_MR_REGIME_EXHAUSTION_CONFIRM_V1,1790658000000,2026-09-29T05:00:00+00:00,756.88,759.47,754.82,759.47,45.63081695966911,762.5895,754.4265312385721,776.86405,5.245714285714281,0.006907072413280684,47.6995772195971,1.25,False,TREND_SUPPORT_NOT_CONFIRMED|RSI_NOT_BELOW_32|CLOSE_NOT_NEAR_OR_BELOW_LOWER_BB|CLOSE_NOT_ABOVE_MA200|RSI_RECOVERY_NOT_CONFIRMED
2026-09-29T08:21:52.124462+00:00,SIE_OLD_MR_REGIME_EXHAUSTION_CONFIRM_V1,BNB,BNBUSDT,strategy-lab-v1.0.0:SIE_OLD_MR_REGIME_EXHAUSTION_CONFIRM_V1,1790661600000,2026-09-29T06:00:00+00:00,759.34,766.08,759.2,766.0,49.06757084039722,762.8295,754.5624679449003,776.8232499999999,5.095000000000003,0.006651436031331597,45.63081695966911,1.250000000000011,False,TREND_SUPPORT_NOT_CONFIRMED|RSI_NOT_BELOW_32|CLOSE_NOT_NEAR_OR_BELOW_LOWER_BB|CLOSE_NOT_ABOVE_MA200
2026-09-29T08:21:52.124462+00:00,SIE_OLD_MR_REGIME_EXHAUSTION_CONFIRM_V1,BNB,BNBUSDT,strategy-lab-v1.0.0:SIE_OLD_MR_REGIME_EXHAUSTION_CONFIRM_V1,1790665200000,2026-09-29T07:00:00+00:00,765.36,769.0,762.7,765.73,45.524296675191835,762.9375,754.5786678447257,776.7900999999999,4.9921428571428565,0.0065194557574378125,49.06757084039722,1.25,False,TREND_SUPPORT_NOT_CONFIRMED|RSI_NOT_BELOW_32|CLOSE_NOT_NEAR_OR_BELOW_LOWER_BB|CLOSE_NOT_ABOVE_MA200|RSI_RECOVERY_NOT_CONFIRMED
2026-09-29T08:21:52.124462+00:00,SIE_OLD_MR_REGIME_EXHAUSTION_CONFIRM_V1,BNB,BNBUSDT,strategy-lab-v1.0.0:SIE_OLD_MR_REGIME_EXHAUSTION_CONFIRM_V1,1790668800000,2026-09-29T08:00:00+00:00,765.72,766.05,763.89,765.15,43.535483870967795,762.75,754.7751520390639,776.7186999999999,4.929999999999999,0.006443181075606089,45.524296675191835,1.2499999999999942,False,TREND_SUPPORT_NOT_CONFIRMED|PLANNED_REWARD_TOO_LOW|RSI_NOT_BELOW_32|CLOSE_NOT_NEAR_OR_BELOW_LOWER_BB|CLOSE_NOT_ABOVE_MA200|RSI_RECOVERY_NOT_CONFIRMED
2026-09-29T08:21:52.124462+00:00,SIE_OLD_MR_REGIME_EXHAUSTION_CONFIRM_V1,PAXG,PAXGUSDT,strategy-lab-v1.0.0:SIE_OLD_MR_REGIME_EXHAUSTION_CONFIRM_V1,1790647200000,2026-09-29T02:00:00+00:00,4143.88,4146.84,4137.23,4145.66,45.78113921058854,4144.157499999999,4118.168527819496,4282.55555,15.7385714285717,0.0037963970582661627,45.64410394123702,1.2500000000000289,False,TREND_SUPPORT_NOT_CONFIRMED|RSI_NOT_BELOW_32|CLOSE_NOT_NEAR_OR_BELOW_LOWER_BB|CLOSE_NOT_ABOVE_MA200
2026-09-29T08:21:52.124462+00:00,SIE_OLD_MR_REGIME_EXHAUSTION_CONFIRM_V1,PAXG,PAXGUSDT,strategy-lab-v1.0.0:SIE_OLD_MR_REGIME_EXHAUSTION_CONFIRM_V1,1790650800000,2026-09-29T03:00:00+00:00,4145.94,4149.06,4141.26,4141.96,39.622013154608204,4143.3095,4118.211098078784,4281.4437,14.688571428571711,0.0035462851955527603,45.78113921058854,1.2499999999999845,False,TREND_SUPPORT_NOT_CONFIRMED|PLANNED_REWARD_TOO_LOW|RSI_NOT_BELOW_32|CLOSE_NOT_NEAR_OR_BELOW_LOWER_BB|CLOSE_NOT_ABOVE_MA200|RSI_RECOVERY_NOT_CONFIRMED
2026-09-29T08:21:52.124462+00:00,SIE_OLD_MR_REGIME_EXHAUSTION_CONFIRM_V1,PAXG,PAXGUSDT,strategy-lab-v1.0.0:SIE_OLD_MR_REGIME_EXHAUSTION_CONFIRM_V1,1790654400000,2026-09-29T04:00:00+00:00,4141.76,4141.76,4135.68,4137.62,55.537402263974634,4142.6735,4117.6754942595635,4280.317099999999,11.964285714285975,0.002891586398530067,39.622013154608204,1.25,False,TREND_SUPPORT_NOT_CONFIRMED|RSI_NOT_BELOW_32|CLOSE_NOT_NEAR_OR_BELOW_LOWER_BB|CLOSE_NOT_ABOVE_MA200|RSI_RECOVERY_NOT_CONFIRMED
2026-09-29T08:21:52.124462+00:00,SIE_OLD_MR_REGIME_EXHAUSTION_CONFIRM_V1,PAXG,PAXGUSDT,strategy-lab-v1.0.0:SIE_OLD_MR_REGIME_EXHAUSTION_CONFIRM_V1,1790658000000,2026-09-29T05:00:00+00:00,4139.25,4152.68,4133.66,4149.68,58.41519318925995,4142.002,4118.563042173363,4279.248250000001,12.60357142857174,0.0030372393602812117,55.537402263974634,1.25,False,TREND_SUPPORT_NOT_CONFIRMED|RSI_NOT_BELOW_32|CLOSE_NOT_NEAR_OR_BELOW_LOWER_BB|CLOSE_NOT_ABOVE_MA200
2026-09-29T08:21:52.124462+00:00,SIE_OLD_MR_REGIME_EXHAUSTION_CONFIRM_V1,PAXG,PAXGUSDT,strategy-lab-v1.0.0:SIE_OLD_MR_REGIME_EXHAUSTION_CONFIRM_V1,1790661600000,2026-09-29T06:00:00+00:00,4151.5,4155.53,4150.32,4150.8,57.07042253521129,4141.314,4119.838440496255,4278.1732,11.046428571428805,0.002661276999958756,58.41519318925995,1.2500000000000207,False,TREND_SUPPORT_NOT_CONFIRMED|RSI_NOT_BELOW_32|CLOSE_NOT_NEAR_OR_BELOW_LOWER_BB|CLOSE_NOT_ABOVE_MA200|RSI_RECOVERY_NOT_CONFIRMED
2026-09-29T08:21:52.124462+00:00,SIE_OLD_MR_REGIME_EXHAUSTION_CONFIRM_V1,PAXG,PAXGUSDT,strategy-lab-v1.0.0:SIE_OLD_MR_REGIME_EXHAUSTION_CONFIRM_V1,1790665200000,2026-09-29T07:00:00+00:00,4150.79,4157.85,4150.55,4153.08,55.09723040659965,4141.1875,4120.022711435054,4277.1241,10.197857142857433,0.002455492584505339,57.07042253521129,1.2500000000000446,False,TREND_SUPPORT_NOT_CONFIRMED|RSI_NOT_BELOW_32|CLOSE_NOT_NEAR_OR_BELOW_LOWER_BB|CLOSE_NOT_ABOVE_MA200|RSI_RECOVERY_NOT_CONFIRMED
2026-09-29T08:21:52.124462+00:00,SIE_OLD_MR_REGIME_EXHAUSTION_CONFIRM_V1,PAXG,PAXGUSDT,strategy-lab-v1.0.0:SIE_OLD_MR_REGIME_EXHAUSTION_CONFIRM_V1,1790668800000,2026-09-29T08:00:00+00:00,4150.97,4155.91,4148.86,4155.91,55.21335370871037,4141.164500000001,4120.0648578466635,4276.10725,10.214285714285975,0.002457773559650227,55.09723040659965,1.25,False,TREND_SUPPORT_NOT_CONFIRMED|RSI_NOT_BELOW_32|CLOSE_NOT_NEAR_OR_BELOW_LOWER_BB|CLOSE_NOT_ABOVE_MA200
2026-09-29T16:28:51.542181+00:00,SIE_OLD_MR_REGIME_EXHAUSTION_CONFIRM_V1,BTC,BTCUSDT,strategy-lab-v1.0.0:SIE_OLD_MR_REGIME_EXHAUSTION_CONFIRM_V1,1790672400000,2026-09-29T09:00:00+00:00,83845.92,84330.62,83729.65,84221.33,64.76252479736043,83481.375,82720.136143989,84474.9006,426.980714285715,0.005069745565472726,47.33735527079775,1.249999999999983,False,TREND_SUPPORT_NOT_CONFIRMED|PLANNED_REWARD_TOO_LOW|RSI_NOT_BELOW_32|CLOSE_NOT_NEAR_OR_BELOW_LOWER_BB|CLOSE_NOT_ABOVE_MA200
2026-09-29T16:28:51.542181+00:00,SIE_OLD_MR_REGIME_EXHAUSTION_CONFIRM_V1,BTC,BTCUSDT,strategy-lab-v1.0.0:SIE_OLD_MR_REGIME_EXHAUSTION_CONFIRM_V1,1790676000000,2026-09-29T10:00:00+00:00,84221.33,84312.98,83945.39,84000.91,58.30210948019364,83531.4315,82771.78779564123,84488.40585,427.0328571428576,0.005083669416710576,64.76252479736043,1.25,False,TREND_SUPPORT_NOT_CONFIRMED|RSI_NOT_BELOW_32|CLOSE_NOT_NEAR_OR_BELOW_LOWER_BB|CLOSE_NOT_ABOVE_MA200|RSI_RECOVERY_NOT_CONFIRMED
2026-09-29T16:28:51.542181+00:00,SIE_OLD_MR_REGIME_EXHAUSTION_CONFIRM_V1,BTC,BTCUSDT,strategy-lab-v1.0.0:SIE_OLD_MR_REGIME_EXHAUSTION_CONFIRM_V1,1790679600000,2026-09-29T11:00:00+00:00,84000.92,84482.83,83900.01,84324.03,68.98343143377231,83580.4545,82752.18544512718,84502.9685,434.7621428571438,0.005155851100298975,58.30210948019364,1.2499999999999916,False,TREND_SUPPORT_NOT_CONFIRMED|PLANNED_REWARD_TOO_LOW|RSI_NOT_BELOW_32|CLOSE_NOT_NEAR_OR_BELOW_LOWER_BB|CLOSE_NOT_ABOVE_MA200
2026-09-29T16:28:51.542181+00:00,SIE_OLD_MR_REGIME_EXHAUSTION_CONFIRM_V1,BTC,BTCUSDT,strategy-lab-v1.0.0:SIE_OLD_MR_REGIME_EXHAUSTION_CONFIRM_V1,1790683200000,2026-09-29T12:00:00+00:00,84324.03,84467.56,84090.0,84303.91,64.64990105174239,83610.739,82725.15170729706,84517.63484999999,428.3835714285721,0.005081419965320376,68.98343143377231,1.2500000000000169,False,TREND_SUPPORT_NOT_CONFIRMED|RSI_NOT_BELOW_32|CLOSE_NOT_NEAR_OR_BELOW_LOWER_BB|CLOSE_NOT_ABOVE_MA200|RSI_RECOVERY_NOT_CONFIRMED
2026-09-29T16:28:51.542181+00:00,SIE_OLD_MR_REGIME_EXHAUSTION_CONFIRM_V1,BTC,BTCUSDT,strategy-lab-v1.0.0:SIE_OLD_MR_REGIME_EXHAUSTION_CONFIRM_V1,1790686800000,2026-09-29T13:00:00+00:00,84308.87,84557.01,83987.12,84193.56,63.38611573370911,83628.06950000001,82711.64143169354,84530.89295,453.5785714285718,0.005387330948217082,64.64990105174239,1.249999999999984,False,TREND_SUPPORT_NOT_CONFIRMED|PLANNED_REWARD_TOO_LOW|RSI_NOT_BELOW_32|CLOSE_NOT_NEAR_OR_BELOW_LOWER_BB|CLOSE_NOT_ABOVE_MA200|RSI_RECOVERY_NOT_CONFIRMED
2026-09-29T16:28:51.542181+00:00,SIE_OLD_MR_REGIME_EXHAUSTION_CONFIRM_V1,BTC,BTCUSDT,strategy-lab-v1.0.0:SIE_OLD_MR_REGIME_EXHAUSTION_CONFIRM_V1,1790690400000,2026-09-29T14:00:00+00:00,84189.68,84297.8,83625.19,83717.42,59.78286944065583,83613.06899999999,82712.94860418788,84541.37234999999,468.9942857142866,0.005602111074544421,63.38611573370911,1.25,False,TREND_SUPPORT_NOT_CONFIRMED|RSI_NOT_BELOW_32|CLOSE_NOT_NEAR_OR_BELOW_LOWER_BB|CLOSE_NOT_ABOVE_MA200|RSI_RECOVERY_NOT_CONFIRMED
2026-09-29T16:28:51.542181+00:00,SIE_OLD_MR_REGIME_EXHAUSTION_CONFIRM_V1,BTC,BTCUSDT,strategy-lab-v1.0.0:SIE_OLD_MR_REGIME_EXHAUSTION_CONFIRM_V1,1790694000000,2026-09-29T15:00:00+00:00,83717.42,83727.86,82874.53,83054.99,50.35809236791303,83598.062,82671.61728213231,84548.12289999999,496.3764285714299,0.00597647930089968,59.78286944065583,1.2499999999999927,False,TREND_SUPPORT_NOT_CONFIRMED|PLANNED_REWARD_TOO_LOW|RSI_NOT_BELOW_32|CLOSE_NOT_NEAR_OR_BELOW_LOWER_BB|CLOSE_NOT_ABOVE_MA200|RSI_RECOVERY_NOT_CONFIRMED
2026-09-29T16:28:51.542181+00:00,SIE_OLD_MR_REGIME_EXHAUSTION_CONFIRM_V1,BTC,BTCUSDT,strategy-lab-v1.0.0:SIE_OLD_MR_REGIME_EXHAUSTION_CONFIRM_V1,1790697600000,2026-09-29T16:00:00+00:00,83054.99,83269.3,82933.82,83269.3,54.74043975452457,83586.45300000001,82649.69688781022,84545.83439999999,500.6007142857156,0.0060118280601099755,50.35809236791303,1.2499999999999856,False,TREND_SUPPORT_NOT_CONFIRMED|PLANNED_REWARD_TOO_LOW|RSI_NOT_BELOW_32|CLOSE_NOT_NEAR_OR_BELOW_LOWER_BB|CLOSE_NOT_ABOVE_MA200
2026-09-29T16:28:51.542181+00:00,SIE_OLD_MR_REGIME_EXHAUSTION_CONFIRM_V1,SOL,SOLUSDT,strategy-lab-v1.0.0:SIE_OLD_MR_REGIME_EXHAUSTION_CONFIRM_V1,1790672400000,2026-09-29T09:00:00+00:00,119.13,120.06,118.83,119.88,59.0277777777778,118.55850000000001,116.82499170754612,118.4241,1.1349999999999991,0.009467801134467794,45.75026232948583,1.249999999999997,False,PLANNED_REWARD_TOO_LOW|RSI_NOT_BELOW_32|CLOSE_NOT_NEAR_OR_BELOW_LOWER_BB
2026-09-29T16:28:51.542181+00:00,SIE_OLD_MR_REGIME_EXHAUSTION_CONFIRM_V1,SOL,SOLUSDT,strategy-lab-v1.0.0:SIE_OLD_MR_REGIME_EXHAUSTION_CONFIRM_V1,1790676000000,2026-09-29T10:00:00+00:00,119.87,119.98,119.16,119.39,53.464203233256335,118.62600000000002,116.87347724693619,118.4651,1.1271428571428572,0.009440848120804566,59.0277777777778,1.250000000000003,False,RSI_NOT_BELOW_32|CLOSE_NOT_NEAR_OR_BELOW_LOWER_BB|RSI_RECOVERY_NOT_CONFIRMED
2026-09-29T16:28:51.542181+00:00,SIE_OLD_MR_REGIME_EXHAUSTION_CONFIRM_V1,SOL,SOLUSDT,strategy-lab-v1.0.0:SIE_OLD_MR_REGIME_EXHAUSTION_CONFIRM_V1,1790679600000,2026-09-29T11:00:00+00:00,119.38,120.38,119.17,120.12,64.81257557436524,118.69800000000001,116.82812727705695,118.508,1.1078571428571422,0.009222919937205646,53.464203233256335,1.25,False,RSI_NOT_BELOW_32|CLOSE_NOT_NEAR_OR_BELOW_LOWER_BB
2026-09-29T16:28:51.542181+00:00,SIE_OLD_MR_REGIME_EXHAUSTION_CONFIRM_V1,SOL,SOLUSDT,strategy-lab-v1.0.0:SIE_OLD_MR_REGIME_EXHAUSTION_CONFIRM_V1,1790683200000,2026-09-29T12:00:00+00:00,120.12,121.01,119.91,120.83,64.11837237977808,118.77650000000001,116.69859456422905,118.5549,1.0885714285714292,0.009009115522398652,64.81257557436524,1.2499999999999967,False,PLANNED_REWARD_TOO_LOW|RSI_NOT_BELOW_32|CLOSE_NOT_NEAR_OR_BELOW_LOWER_BB|RSI_RECOVERY_NOT_CONFIRMED
2026-09-29T16:28:51.542181+00:00,SIE_OLD_MR_REGIME_EXHAUSTION_CONFIRM_V1,SOL,SOLUSDT,strategy-lab-v1.0.0:SIE_OLD_MR_REGIME_EXHAUSTION_CONFIRM_V1,1790686800000,2026-09-29T13:00:00+00:00,120.83,121.65,120.64,120.98,63.579474342928734,118.84049999999999,116.58177934440609,118.6011,1.125714285714287,0.00930496185910305,64.11837237977808,1.2499999999999938,False,PLANNED_REWARD_TOO_LOW|RSI_NOT_BELOW_32|CLOSE_NOT_NEAR_OR_BELOW_LOWER_BB|RSI_RECOVERY_NOT_CONFIRMED
2026-09-29T16:28:51.542181+00:00,SIE_OLD_MR_REGIME_EXHAUSTION_CONFIRM_V1,SOL,SOLUSDT,strategy-lab-v1.0.0:SIE_OLD_MR_REGIME_EXHAUSTION_CONFIRM_V1,1790690400000,2026-09-29T14:00:00+00:00,120.96,121.28,120.15,120.19,63.42072409488138,118.8525,116.56792673568859,118.64119999999998,1.1285714285714303,0.009389894571690077,63.579474342928734,1.25,False,RSI_NOT_BELOW_32|CLOSE_NOT_NEAR_OR_BELOW_LOWER_BB|RSI_RECOVERY_NOT_CONFIRMED
2026-09-29T16:28:51.542181+00:00,SIE_OLD_MR_REGIME_EXHAUSTION_CONFIRM_V1,SOL,SOLUSDT,strategy-lab-v1.0.0:SIE_OLD_MR_REGIME_EXHAUSTION_CONFIRM_V1,1790694000000,2026-09-29T15:00:00+00:00,120.18,120.26,117.92,118.21,56.19469026548669,118.84700000000001,116.55680262859147,118.6717,1.1471428571428592,0.009704279309219688,63.42072409488138,1.25,False,RSI_NOT_BELOW_32|CLOSE_NOT_NEAR_OR_BELOW_LOWER_BB|CLOSE_NOT_ABOVE_MA200|RSI_RECOVERY_NOT_CONFIRMED
2026-09-29T16:28:51.542181+00:00,SIE_OLD_MR_REGIME_EXHAUSTION_CONFIRM_V1,SOL,SOLUSDT,strategy-lab-v1.0.0:SIE_OLD_MR_REGIME_EXHAUSTION_CONFIRM_V1,1790697600000,2026-09-29T16:00:00+00:00,118.2,118.57,118.06,118.52,58.84279475982529,118.8335,116.53893882190809,118.6877,1.1185714285714303,0.009437828455715747,56.19469026548669,1.250000000000003,False,RSI_NOT_BELOW_32|CLOSE_NOT_NEAR_OR_BELOW_LOWER_BB|CLOSE_NOT_ABOVE_MA200
2026-09-29T16:28:51.542181+00:00,SIE_OLD_MR_REGIME_EXHAUSTION_CONFIRM_V1,XRP,XRPUSDT,strategy-lab-v1.0.0:SIE_OLD_MR_REGIME_EXHAUSTION_CONFIRM_V1,1790672400000,2026-09-29T09:00:00+00:00,1.5002,1.5143,1.4974,1.5106,62.56983240223465,1.49399,1.473170211336333,1.5256475,0.016349999999999976,0.010823513835562012,45.4545454545454,1.25,False,TREND_SUPPORT_NOT_CONFIRMED|RSI_NOT_BELOW_32|CLOSE_NOT_NEAR_OR_BELOW_LOWER_BB|CLOSE_NOT_ABOVE_MA200
2026-09-29T16:28:51.542181+00:00,SIE_OLD_MR_REGIME_EXHAUSTION_CONFIRM_V1,XRP,XRPUSDT,strategy-lab-v1.0.0:SIE_OLD_MR_REGIME_EXHAUSTION_CONFIRM_V1,1790676000000,2026-09-29T10:00:00+00:00,1.5102,1.5119,1.5021,1.5076,56.62650602409647,1.495105,1.4738815719074474,1.5261085,0.015607142857142835,0.010352310199749824,62.56983240223465,1.2500000000000036,False,TREND_SUPPORT_NOT_CONFIRMED|RSI_NOT_BELOW_32|CLOSE_NOT_NEAR_OR_BELOW_LOWER_BB|CLOSE_NOT_ABOVE_MA200|RSI_RECOVERY_NOT_CONFIRMED
2026-09-29T16:28:51.542181+00:00,SIE_OLD_MR_REGIME_EXHAUSTION_CONFIRM_V1,XRP,XRPUSDT,strategy-lab-v1.0.0:SIE_OLD_MR_REGIME_EXHAUSTION_CONFIRM_V1,1790679600000,2026-09-29T11:00:00+00:00,1.5075,1.52,1.5044,1.517,65.99799398194583,1.49624,1.4729799570077842,1.52658,0.015535714285714273,0.010241077314248039,56.62650602409647,1.2499999999999964,False,TREND_SUPPORT_NOT_CONFIRMED|PLANNED_REWARD_TOO_LOW|RSI_NOT_BELOW_32|CLOSE_NOT_NEAR_OR_BELOW_LOWER_BB|CLOSE_NOT_ABOVE_MA200
2026-09-29T16:28:51.542181+00:00,SIE_OLD_MR_REGIME_EXHAUSTION_CONFIRM_V1,XRP,XRPUSDT,strategy-lab-v1.0.0:SIE_OLD_MR_REGIME_EXHAUSTION_CONFIRM_V1,1790683200000,2026-09-29T12:00:00+00:00,1.5167,1.5558,1.5119,1.547,72.30392156862752,1.4986,1.4664825281194223,1.5272234999999998,0.017535714285714273,0.011335303352110066,65.99799398194583,1.2500000000000064,False,TREND_SUPPORT_NOT_CONFIRMED|RSI_NOT_BELOW_32|CLOSE_NOT_NEAR_OR_BELOW_LOWER_BB
2026-09-29T16:28:51.542181+00:00,SIE_OLD_MR_REGIME_EXHAUSTION_CONFIRM_V1,XRP,XRPUSDT,strategy-lab-v1.0.0:SIE_OLD_MR_REGIME_EXHAUSTION_CONFIRM_V1,1790686800000,2026-09-29T13:00:00+00:00,1.5471,1.5562,1.539,1.5484,71.77352206494595,1.500705,1.4620015389144632,1.5278165,0.018121428571428573,0.011703325091338526,72.30392156862752,1.250000000000003,False,TREND_SUPPORT_NOT_CONFIRMED|RSI_NOT_BELOW_32|CLOSE_NOT_NEAR_OR_BELOW_LOWER_BB|RSI_RECOVERY_NOT_CONFIRMED
2026-09-29T16:28:51.542181+00:00,SIE_OLD_MR_REGIME_EXHAUSTION_CONFIRM_V1,XRP,XRPUSDT,strategy-lab-v1.0.0:SIE_OLD_MR_REGIME_EXHAUSTION_CONFIRM_V1,1790690400000,2026-09-29T14:00:00+00:00,1.5481,1.5606,1.5413,1.5451,75.02175805047867,1.50237,1.45928366341867,1.528362,0.01840000000000002,0.011908614329169648,71.77352206494595,1.249999999999997,False,TREND_SUPPORT_NOT_CONFIRMED|PLANNED_REWARD_TOO_LOW|RSI_NOT_BELOW_32|CLOSE_NOT_NEAR_OR_BELOW_LOWER_BB|RSI_RECOVERY_NOT_CONFIRMED
2026-09-29T16:28:51.542181+00:00,SIE_OLD_MR_REGIME_EXHAUSTION_CONFIRM_V1,XRP,XRPUSDT,strategy-lab-v1.0.0:SIE_OLD_MR_REGIME_EXHAUSTION_CONFIRM_V1,1790694000000,2026-09-29T15:00:00+00:00,1.5453,1.5453,1.5074,1.5176,65.40212443095602,1.50407,1.4613991621830598,1.5287585000000001,0.019007142857142872,0.012524474734543272,75.02175805047867,1.2500000000000058,False,TREND_SUPPORT_NOT_CONFIRMED|RSI_NOT_BELOW_32|CLOSE_NOT_NEAR_OR_BELOW_LOWER_BB|CLOSE_NOT_ABOVE_MA200|RSI_RECOVERY_NOT_CONFIRMED
2026-09-29T16:28:51.542181+00:00,SIE_OLD_MR_REGIME_EXHAUSTION_CONFIRM_V1,XRP,XRPUSDT,strategy-lab-v1.0.0:SIE_OLD_MR_REGIME_EXHAUSTION_CONFIRM_V1,1790697600000,2026-09-29T16:00:00+00:00,1.5177,1.5239,1.5153,1.5153,65.05660377358497,1.505115,1.4624189451471263,1.5289575000000002,0.018600000000000012,0.012274797069887159,65.40212443095602,1.2500000000000029,False,TREND_SUPPORT_NOT_CONFIRMED|RSI_NOT_BELOW_32|CLOSE_NOT_NEAR_OR_BELOW_LOWER_BB|CLOSE_NOT_ABOVE_MA200|RSI_RECOVERY_NOT_CONFIRMED
2026-09-29T16:28:51.542181+00:00,SIE_OLD_MR_REGIME_EXHAUSTION_CONFIRM_V1,DOGE,DOGEUSDT,strategy-lab-v1.0.0:SIE_OLD_MR_REGIME_EXHAUSTION_CONFIRM_V1,1790672400000,2026-09-29T09:00:00+00:00,0.09495,0.09588,0.09471,0.09554,65.43209876543213,0.0937875,0.09196114981452021,0.09629755,0.0011014285714285716,0.011528454798289425,50.3022974607013,1.250000000000003,False,TREND_SUPPORT_NOT_CONFIRMED|RSI_NOT_BELOW_32|CLOSE_NOT_NEAR_OR_BELOW_LOWER_BB|CLOSE_NOT_ABOVE_MA200
2026-09-29T16:28:51.542181+00:00,SIE_OLD_MR_REGIME_EXHAUSTION_CONFIRM_V1,DOGE,DOGEUSDT,strategy-lab-v1.0.0:SIE_OLD_MR_REGIME_EXHAUSTION_CONFIRM_V1,1790676000000,2026-09-29T10:00:00+00:00,0.09549,0.09557,0.0948,0.09498,57.399723374827126,0.09392249999999999,0.09216393382268336,0.09633190000000001,0.0010800000000000007,0.011370814908401776,65.43209876543213,1.2500000000000064,False,TREND_SUPPORT_NOT_CONFIRMED|RSI_NOT_BELOW_32|CLOSE_NOT_NEAR_OR_BELOW_LOWER_BB|CLOSE_NOT_ABOVE_MA200|RSI_RECOVERY_NOT_CONFIRMED
2026-09-29T16:28:51.542181+00:00,SIE_OLD_MR_REGIME_EXHAUSTION_CONFIRM_V1,DOGE,DOGEUSDT,strategy-lab-v1.0.0:SIE_OLD_MR_REGIME_EXHAUSTION_CONFIRM_V1,1790679600000,2026-09-29T11:00:00+00:00,0.09496,0.096,0.0948,0.09571,67.49654218533887,0.0940425,0.0921454088055652,0.0963683,0.0010814285714285724,0.011299013388659204,57.399723374827126,1.25,False,TREND_SUPPORT_NOT_CONFIRMED|RSI_NOT_BELOW_32|CLOSE_NOT_NEAR_OR_BELOW_LOWER_BB|CLOSE_NOT_ABOVE_MA200
2026-09-29T16:28:51.542181+00:00,SIE_OLD_MR_REGIME_EXHAUSTION_CONFIRM_V1,DOGE,DOGEUSDT,strategy-lab-v1.0.0:SIE_OLD_MR_REGIME_EXHAUSTION_CONFIRM_V1,1790683200000,2026-09-29T12:00:00+00:00,0.09568,0.09633,0.09552,0.0959,67.04067321178118,0.09411900000000001,0.09205886505296328,0.09640644999999999,0.0010621428571428587,0.011075525100551186,67.49654218533887,1.2499999999999967,False,TREND_SUPPORT_NOT_CONFIRMED|PLANNED_REWARD_TOO_LOW|RSI_NOT_BELOW_32|CLOSE_NOT_NEAR_OR_BELOW_LOWER_BB|CLOSE_NOT_ABOVE_MA200|RSI_RECOVERY_NOT_CONFIRMED
2026-09-29T16:28:51.542181+00:00,SIE_OLD_MR_REGIME_EXHAUSTION_CONFIRM_V1,DOGE,DOGEUSDT,strategy-lab-v1.0.0:SIE_OLD_MR_REGIME_EXHAUSTION_CONFIRM_V1,1790686800000,2026-09-29T13:00:00+00:00,0.09588,0.09631,0.09552,0.09581,64.27525622254763,0.094181,0.09199925849377108,0.09644359999999999,0.0010750000000000026,0.011220123160421694,67.04067321178118,1.2499999999999967,False,TREND_SUPPORT_NOT_CONFIRMED|PLANNED_REWARD_TOO_LOW|RSI_NOT_BELOW_32|CLOSE_NOT_NEAR_OR_BELOW_LOWER_BB|CLOSE_NOT_ABOVE_MA200|RSI_RECOVERY_NOT_CONFIRMED
2026-09-29T16:28:51.542181+00:00,SIE_OLD_MR_REGIME_EXHAUSTION_CONFIRM_V1,DOGE,DOGEUSDT,strategy-lab-v1.0.0:SIE_OLD_MR_REGIME_EXHAUSTION_CONFIRM_V1,1790690400000,2026-09-29T14:00:00+00:00,0.09585,0.09604,0.09511,0.0955,64.08759124087591,0.09421199999999999,0.09197450497207209,0.0964762,0.0010721428571428598,0.011226626776365024,64.27525622254763,1.25,False,TREND_SUPPORT_NOT_CONFIRMED|RSI_NOT_BELOW_32|CLOSE_NOT_NEAR_OR_BELOW_LOWER_BB|CLOSE_NOT_ABOVE_MA200|RSI_RECOVERY_NOT_CONFIRMED
2026-09-29T16:28:51.542181+00:00,SIE_OLD_MR_REGIME_EXHAUSTION_CONFIRM_V1,DOGE,DOGEUSDT,strategy-lab-v1.0.0:SIE_OLD_MR_REGIME_EXHAUSTION_CONFIRM_V1,1790694000000,2026-09-29T15:00:00+00:00,0.09548,0.09548,0.09324,0.0937,56.49935649935657,0.09423250000000001,0.092021817978541,0.09649614999999999,0.0010900000000000026,0.011632870864461074,64.08759124087591,1.2499999999999936,False,TREND_SUPPORT_NOT_CONFIRMED|PLANNED_REWARD_TOO_LOW|RSI_NOT_BELOW_32|CLOSE_NOT_NEAR_OR_BELOW_LOWER_BB|CLOSE_NOT_ABOVE_MA200|RSI_RECOVERY_NOT_CONFIRMED
2026-09-29T16:28:51.542181+00:00,SIE_OLD_MR_REGIME_EXHAUSTION_CONFIRM_V1,DOGE,DOGEUSDT,strategy-lab-v1.0.0:SIE_OLD_MR_REGIME_EXHAUSTION_CONFIRM_V1,1790697600000,2026-09-29T16:00:00+00:00,0.09372,0.09428,0.09365,0.09428,62.83185840707967,0.094251,0.09204523573335634,0.09650840000000001,0.0010557142857142887,0.01119764834232381,56.49935649935657,1.2499999999999967,False,TREND_SUPPORT_NOT_CONFIRMED|PLANNED_REWARD_TOO_LOW|RSI_NOT_BELOW_32|CLOSE_NOT_NEAR_OR_BELOW_LOWER_BB|CLOSE_NOT_ABOVE_MA200
2026-09-29T16:28:51.542181+00:00,SIE_OLD_MR_REGIME_EXHAUSTION_CONFIRM_V1,BNB,BNBUSDT,strategy-lab-v1.0.0:SIE_OLD_MR_REGIME_EXHAUSTION_CONFIRM_V1,1790672400000,2026-09-29T09:00:00+00:00,763.48,765.46,762.8,764.26,52.791116446578634,762.553,754.8120256427221,776.6604999999998,4.670000000000008,0.0061104859602753095,41.798810703667044,1.250000000000006,False,TREND_SUPPORT_NOT_CONFIRMED|RSI_NOT_BELOW_32|CLOSE_NOT_NEAR_OR_BELOW_LOWER_BB|CLOSE_NOT_ABOVE_MA200
2026-09-29T16:28:51.542181+00:00,SIE_OLD_MR_REGIME_EXHAUSTION_CONFIRM_V1,BNB,BNBUSDT,strategy-lab-v1.0.0:SIE_OLD_MR_REGIME_EXHAUSTION_CONFIRM_V1,1790676000000,2026-09-29T10:00:00+00:00,764.3,765.1,762.94,764.08,47.938481675392694,762.822,755.2635303136128,776.5922999999999,4.517857142857143,0.005912806437620593,52.791116446578634,1.2500000000000127,False,TREND_SUPPORT_NOT_CONFIRMED|RSI_NOT_BELOW_32|CLOSE_NOT_NEAR_OR_BELOW_LOWER_BB|CLOSE_NOT_ABOVE_MA200|RSI_RECOVERY_NOT_CONFIRMED
2026-09-29T16:28:51.542181+00:00,SIE_OLD_MR_REGIME_EXHAUSTION_CONFIRM_V1,BNB,BNBUSDT,strategy-lab-v1.0.0:SIE_OLD_MR_REGIME_EXHAUSTION_CONFIRM_V1,1790679600000,2026-09-29T11:00:00+00:00,764.19,767.0,763.0,766.32,58.72739916550778,762.9955,755.2846570499695,776.5390000000001,4.447142857142857,0.0058032451941001885,47.938481675392694,1.25,False,TREND_SUPPORT_NOT_CONFIRMED|RSI_NOT_BELOW_32|CLOSE_NOT_NEAR_OR_BELOW_LOWER_BB|CLOSE_NOT_ABOVE_MA200
2026-09-29T16:28:51.542181+00:00,SIE_OLD_MR_REGIME_EXHAUSTION_CONFIRM_V1,BNB,BNBUSDT,strategy-lab-v1.0.0:SIE_OLD_MR_REGIME_EXHAUSTION_CONFIRM_V1,1790683200000,2026-09-29T12:00:00+00:00,766.08,767.31,764.4,765.69,56.36998254799316,762.9415,755.32256759447,776.5011,4.426428571428573,0.005780966933652748,58.72739916550778,1.2499999999999936,False,TREND_SUPPORT_NOT_CONFIRMED|PLANNED_REWARD_TOO_LOW|RSI_NOT_BELOW_32|CLOSE_NOT_NEAR_OR_BELOW_LOWER_BB|CLOSE_NOT_ABOVE_MA200|RSI_RECOVERY_NOT_CONFIRMED
2026-09-29T16:28:51.542181+00:00,SIE_OLD_MR_REGIME_EXHAUSTION_CONFIRM_V1,BNB,BNBUSDT,strategy-lab-v1.0.0:SIE_OLD_MR_REGIME_EXHAUSTION_CONFIRM_V1,1790686800000,2026-09-29T13:00:00+00:00,765.69,766.94,763.44,765.13,52.664008698803954,762.7365,755.6000519339076,776.4612,4.405000000000006,0.0057571915883575416,56.36998254799316,1.2500000000000129,False,TREND_SUPPORT_NOT_CONFIRMED|RSI_NOT_BELOW_32|CLOSE_NOT_NEAR_OR_BELOW_LOWER_BB|CLOSE_NOT_ABOVE_MA200|RSI_RECOVERY_NOT_CONFIRMED
2026-09-29T16:28:51.542181+00:00,SIE_OLD_MR_REGIME_EXHAUSTION_CONFIRM_V1,BNB,BNBUSDT,strategy-lab-v1.0.0:SIE_OLD_MR_REGIME_EXHAUSTION_CONFIRM_V1,1790690400000,2026-09-29T14:00:00+00:00,765.07,765.94,761.72,763.73,56.51497471800857,762.415,756.1149063498997,776.42045,4.376428571428578,0.005730334766774355,52.664008698803954,1.2500000000000064,False,TREND_SUPPORT_NOT_CONFIRMED|RSI_NOT_BELOW_32|CLOSE_NOT_NEAR_OR_BELOW_LOWER_BB|CLOSE_NOT_ABOVE_MA200|RSI_RECOVERY_NOT_CONFIRMED
2026-09-29T16:28:51.542181+00:00,SIE_OLD_MR_REGIME_EXHAUSTION_CONFIRM_V1,BNB,BNBUSDT,strategy-lab-v1.0.0:SIE_OLD_MR_REGIME_EXHAUSTION_CONFIRM_V1,1790694000000,2026-09-29T15:00:00+00:00,763.42,763.42,752.96,753.5,43.476959904248965,761.97,754.567670636885,776.3444000000001,4.616428571428571,0.006126647075552185,56.51497471800857,1.2499999999999938,False,TREND_SUPPORT_NOT_CONFIRMED|PLANNED_REWARD_TOO_LOW|RSI_NOT_BELOW_32|CLOSE_NOT_ABOVE_MA200|RSI_RECOVERY_NOT_CONFIRMED
2026-09-29T16:28:51.542181+00:00,SIE_OLD_MR_REGIME_EXHAUSTION_CONFIRM_V1,BNB,BNBUSDT,strategy-lab-v1.0.0:SIE_OLD_MR_REGIME_EXHAUSTION_CONFIRM_V1,1790697600000,2026-09-29T16:00:00+00:00,753.74,757.0,753.45,756.55,50.72129255626082,761.5305000000001,753.9393380994717,776.2196999999999,4.565714285714283,0.006034914130876061,43.476959904248965,1.2500000000000062,False,TREND_SUPPORT_NOT_CONFIRMED|RSI_NOT_BELOW_32|CLOSE_NOT_NEAR_OR_BELOW_LOWER_BB|CLOSE_NOT_ABOVE_MA200
2026-09-29T16:28:51.542181+00:00,SIE_OLD_MR_REGIME_EXHAUSTION_CONFIRM_V1,PAXG,PAXGUSDT,strategy-lab-v1.0.0:SIE_OLD_MR_REGIME_EXHAUSTION_CONFIRM_V1,1790672400000,2026-09-29T09:00:00+00:00,4151.19,4157.32,4149.72,4154.83,65.21442228899184,4140.326999999999,4122.323810171557,4275.0302,9.776428571428694,0.002353027337202411,52.485136741974,1.2500000000000233,False,TREND_SUPPORT_NOT_CONFIRMED|RSI_NOT_BELOW_32|CLOSE_NOT_NEAR_OR_BELOW_LOWER_BB|CLOSE_NOT_ABOVE_MA200
2026-09-29T16:28:51.542181+00:00,SIE_OLD_MR_REGIME_EXHAUSTION_CONFIRM_V1,PAXG,PAXGUSDT,strategy-lab-v1.0.0:SIE_OLD_MR_REGIME_EXHAUSTION_CONFIRM_V1,1790676000000,2026-09-29T10:00:00+00:00,4158.36,4164.61,4156.79,4164.4,75.35164979624021,4142.1404999999995,4122.212925661937,4274.069449999999,9.652857142857297,0.0023179466772781905,65.21442228899184,1.25,False,TREND_SUPPORT_NOT_CONFIRMED|RSI_NOT_BELOW_32|CLOSE_NOT_NEAR_OR_BELOW_LOWER_BB|CLOSE_NOT_ABOVE_MA200
2026-09-29T16:28:51.542181+00:00,SIE_OLD_MR_REGIME_EXHAUSTION_CONFIRM_V1,PAXG,PAXGUSDT,strategy-lab-v1.0.0:SIE_OLD_MR_REGIME_EXHAUSTION_CONFIRM_V1,1790679600000,2026-09-29T11:00:00+00:00,4165.12,4169.71,4159.26,4163.16,73.19297304546083,4143.585499999999,4122.028609245556,4273.12255,9.912142857142953,0.0023809180663589566,75.35164979624021,1.250000000000046,False,TREND_SUPPORT_NOT_CONFIRMED|RSI_NOT_BELOW_32|CLOSE_NOT_NEAR_OR_BELOW_LOWER_BB|CLOSE_NOT_ABOVE_MA200|RSI_RECOVERY_NOT_CONFIRMED
2026-09-29T16:28:51.542181+00:00,SIE_OLD_MR_REGIME_EXHAUSTION_CONFIRM_V1,PAXG,PAXGUSDT,strategy-lab-v1.0.0:SIE_OLD_MR_REGIME_EXHAUSTION_CONFIRM_V1,1790683200000,2026-09-29T12:00:00+00:00,4164.71,4168.06,4158.56,4160.08,68.76523151909043,4144.677,4122.123635639022,4272.1767500000005,9.91571428571433,0.002383539327540415,73.19297304546083,1.25,False,TREND_SUPPORT_NOT_CONFIRMED|RSI_NOT_BELOW_32|CLOSE_NOT_NEAR_OR_BELOW_LOWER_BB|CLOSE_NOT_ABOVE_MA200|RSI_RECOVERY_NOT_CONFIRMED
2026-09-29T16:28:51.542181+00:00,SIE_OLD_MR_REGIME_EXHAUSTION_CONFIRM_V1,PAXG,PAXGUSDT,strategy-lab-v1.0.0:SIE_OLD_MR_REGIME_EXHAUSTION_CONFIRM_V1,1790686800000,2026-09-29T13:00:00+00:00,4162.62,4171.69,4161.12,4166.31,69.31364724660827,4145.771000000001,4121.328168003706,4271.2739,10.305714285714268,0.0024735831672905444,68.76523151909043,1.25,False,TREND_SUPPORT_NOT_CONFIRMED|RSI_NOT_BELOW_32|CLOSE_NOT_NEAR_OR_BELOW_LOWER_BB|CLOSE_NOT_ABOVE_MA200
2026-09-29T16:28:51.542181+00:00,SIE_OLD_MR_REGIME_EXHAUSTION_CONFIRM_V1,PAXG,PAXGUSDT,strategy-lab-v1.0.0:SIE_OLD_MR_REGIME_EXHAUSTION_CONFIRM_V1,1790690400000,2026-09-29T14:00:00+00:00,4172.26,4180.91,4168.69,4175.78,81.24010554089756,4147.2080000000005,4119.47754555008,4270.42935,10.530714285714177,0.002521855625946333,69.31364724660827,1.249999999999957,False,TREND_SUPPORT_NOT_CONFIRMED|PLANNED_REWARD_TOO_LOW|RSI_NOT_BELOW_32|CLOSE_NOT_NEAR_OR_BELOW_LOWER_BB|CLOSE_NOT_ABOVE_MA200
2026-09-29T16:28:51.542181+00:00,SIE_OLD_MR_REGIME_EXHAUSTION_CONFIRM_V1,PAXG,PAXGUSDT,strategy-lab-v1.0.0:SIE_OLD_MR_REGIME_EXHAUSTION_CONFIRM_V1,1790694000000,2026-09-29T15:00:00+00:00,4174.7,4175.09,4156.75,4164.19,63.76526744349294,4148.789999999999,4120.9750133920725,4269.5422,10.522857142856992,0.0025269877558077303,81.24010554089756,1.2499999999999785,False,TREND_SUPPORT_NOT_CONFIRMED|PLANNED_REWARD_TOO_LOW|RSI_NOT_BELOW_32|CLOSE_NOT_NEAR_OR_BELOW_LOWER_BB|CLOSE_NOT_ABOVE_MA200|RSI_RECOVERY_NOT_CONFIRMED
2026-09-29T16:28:51.542181+00:00,SIE_OLD_MR_REGIME_EXHAUSTION_CONFIRM_V1,PAXG,PAXGUSDT,strategy-lab-v1.0.0:SIE_OLD_MR_REGIME_EXHAUSTION_CONFIRM_V1,1790697600000,2026-09-29T16:00:00+00:00,4164.66,4164.68,4157.53,4158.06,58.127949659151085,4150.4015,4124.419967885839,4268.592250000001,10.347142857142703,0.0024884544371997284,63.76526744349294,1.25,False,TREND_SUPPORT_NOT_CONFIRMED|RSI_NOT_BELOW_32|CLOSE_NOT_NEAR_OR_BELOW_LOWER_BB|CLOSE_NOT_ABOVE_MA200|RSI_RECOVERY_NOT_CONFIRMED
2026-09-29T22:10:50.975204+00:00,SIE_OLD_MR_REGIME_EXHAUSTION_CONFIRM_V1,BTC,BTCUSDT,strategy-lab-v1.0.0:SIE_OLD_MR_REGIME_EXHAUSTION_CONFIRM_V1,1790701200000,2026-09-29T17:00:00+00:00,83026.63,83200.0,82936.32,83048.04,50.14612098696693,83567.67,82596.19271643598,84536.68380000001,499.375000000001,0.006013085919908538,51.423619196972226,1.25,False,TREND_SUPPORT_NOT_CONFIRMED|RSI_NOT_BELOW_32|CLOSE_NOT_NEAR_OR_BELOW_LOWER_BB|CLOSE_NOT_ABOVE_MA200|RSI_RECOVERY_NOT_CONFIRMED
2026-09-29T22:10:50.975204+00:00,SIE_OLD_MR_REGIME_EXHAUSTION_CONFIRM_V1,BTC,BTCUSDT,strategy-lab-v1.0.0:SIE_OLD_MR_REGIME_EXHAUSTION_CONFIRM_V1,1790704800000,2026-09-29T18:00:00+00:00,83047.65,83673.99,83047.65,83609.98,55.88208522076227,83572.5045,82601.19547952303,84532.66470000001,524.057857142859,0.006267886407135357,50.14612098696693,1.2500000000000069,False,TREND_SUPPORT_NOT_CONFIRMED|RSI_NOT_BELOW_32|CLOSE_NOT_NEAR_OR_BELOW_LOWER_BB|CLOSE_NOT_ABOVE_MA200
2026-09-29T22:10:50.975204+00:00,SIE_OLD_MR_REGIME_EXHAUSTION_CONFIRM_V1,BTC,BTCUSDT,strategy-lab-v1.0.0:SIE_OLD_MR_REGIME_EXHAUSTION_CONFIRM_V1,1790708400000,2026-09-29T19:00:00+00:00,83608.19,83671.91,83370.01,83571.71,52.44343036357441,83578.253,82608.39276542755,84526.12935,511.1057142857161,0.006115774276794337,55.88208522076227,1.2499999999999858,False,TREND_SUPPORT_NOT_CONFIRMED|PLANNED_REWARD_TOO_LOW|RSI_NOT_BELOW_32|CLOSE_NOT_NEAR_OR_BELOW_LOWER_BB|CLOSE_NOT_ABOVE_MA200|RSI_RECOVERY_NOT_CONFIRMED
2026-09-29T22:10:50.975204+00:00,SIE_OLD_MR_REGIME_EXHAUSTION_CONFIRM_V1,BTC,BTCUSDT,strategy-lab-v1.0.0:SIE_OLD_MR_REGIME_EXHAUSTION_CONFIRM_V1,1790712000000,2026-09-29T20:00:00+00:00,83566.81,83642.6,83471.47,83582.68,43.398354497940474,83600.063,82650.61868611691,84517.54275000001,479.6935714285729,0.00573915040087938,52.44343036357441,1.2500000000000075,False,TREND_SUPPORT_NOT_CONFIRMED|RSI_NOT_BELOW_32|CLOSE_NOT_NEAR_OR_BELOW_LOWER_BB|CLOSE_NOT_ABOVE_MA200|RSI_RECOVERY_NOT_CONFIRMED
2026-09-29T22:10:50.975204+00:00,SIE_OLD_MR_REGIME_EXHAUSTION_CONFIRM_V1,BTC,BTCUSDT,strategy-lab-v1.0.0:SIE_OLD_MR_REGIME_EXHAUSTION_CONFIRM_V1,1790715600000,2026-09-29T21:00:00+00:00,83582.68,83590.11,83311.2,83473.96,42.135984981813976,83622.25200000001,82706.99129131372,84507.69545,475.71071428571616,0.0056989115442194925,43.398354497940474,1.2500000000000075,False,TREND_SUPPORT_NOT_CONFIRMED|RSI_NOT_BELOW_32|CLOSE_NOT_NEAR_OR_BELOW_LOWER_BB|CLOSE_NOT_ABOVE_MA200|RSI_RECOVERY_NOT_CONFIRMED
2026-09-29T22:10:50.975204+00:00,SIE_OLD_MR_REGIME_EXHAUSTION_CONFIRM_V1,BTC,BTCUSDT,strategy-lab-v1.0.0:SIE_OLD_MR_REGIME_EXHAUSTION_CONFIRM_V1,1790719200000,2026-09-29T22:00:00+00:00,83473.96,83589.0,83473.96,83506.5,44.324459902347584,83651.075,82790.12940470323,84496.06439999999,442.2050000000007,0.005295456042344018,42.135984981813976,1.2500000000000082,False,TREND_SUPPORT_NOT_CONFIRMED|RSI_NOT_BELOW_32|CLOSE_NOT_NEAR_OR_BELOW_LOWER_BB|CLOSE_NOT_ABOVE_MA200
2026-09-29T22:10:50.975204+00:00,SIE_OLD_MR_REGIME_EXHAUSTION_CONFIRM_V1,SOL,SOLUSDT,strategy-lab-v1.0.0:SIE_OLD_MR_REGIME_EXHAUSTION_CONFIRM_V1,1790701200000,2026-09-29T17:00:00+00:00,118.03,118.33,117.33,117.69,49.29078014184394,118.8095,116.4929985430598,118.69409999999999,1.1585714285714306,0.009844263986502087,56.19469026548669,1.2500000000000062,False,RSI_NOT_BELOW_32|CLOSE_NOT_NEAR_OR_BELOW_LOWER_BB|CLOSE_NOT_ABOVE_MA200|RSI_RECOVERY_NOT_CONFIRMED
2026-09-29T22:10:50.975204+00:00,SIE_OLD_MR_REGIME_EXHAUSTION_CONFIRM_V1,SOL,SOLUSDT,strategy-lab-v1.0.0:SIE_OLD_MR_REGIME_EXHAUSTION_CONFIRM_V1,1790704800000,2026-09-29T18:00:00+00:00,117.67,119.29,117.67,119.12,57.55395683453237,118.8385,116.52169810946077,118.70975,1.2107142857142879,0.010163820397198521,49.29078014184394,1.25,False,RSI_NOT_BELOW_32|CLOSE_NOT_NEAR_OR_BELOW_LOWER_BB
2026-09-29T22:10:50.975204+00:00,SIE_OLD_MR_REGIME_EXHAUSTION_CONFIRM_V1,SOL,SOLUSDT,strategy-lab-v1.0.0:SIE_OLD_MR_REGIME_EXHAUSTION_CONFIRM_V1,1790708400000,2026-09-29T19:00:00+00:00,119.12,119.56,118.53,118.78,52.99684542586754,118.83700000000002,116.52008739914385,118.71975,1.2007142857142878,0.01010872441247927,57.55395683453237,1.2500000000000029,False,RSI_NOT_BELOW_32|CLOSE_NOT_NEAR_OR_BELOW_LOWER_BB|RSI_RECOVERY_NOT_CONFIRMED
2026-09-29T22:10:50.975204+00:00,SIE_OLD_MR_REGIME_EXHAUSTION_CONFIRM_V1,SOL,SOLUSDT,strategy-lab-v1.0.0:SIE_OLD_MR_REGIME_EXHAUSTION_CONFIRM_V1,1790712000000,2026-09-29T20:00:00+00:00,118.77,119.22,118.57,119.02,48.972602739725986,118.88600000000001,116.59730255385163,118.73085,1.1700000000000028,0.009830280625105048,52.99684542586754,1.250000000000003,False,RSI_NOT_BELOW_32|CLOSE_NOT_NEAR_OR_BELOW_LOWER_BB|RSI_RECOVERY_NOT_CONFIRMED
2026-09-29T22:10:50.975204+00:00,SIE_OLD_MR_REGIME_EXHAUSTION_CONFIRM_V1,SOL,SOLUSDT,strategy-lab-v1.0.0:SIE_OLD_MR_REGIME_EXHAUSTION_CONFIRM_V1,1790715600000,2026-09-29T21:00:00+00:00,119.01,119.18,118.5,118.9,46.5657741559954,118.97650000000002,116.84101621406153,118.73525,1.1521428571428598,0.009690015619368037,48.972602739725986,1.249999999999997,False,PLANNED_REWARD_TOO_LOW|RSI_NOT_BELOW_32|CLOSE_NOT_NEAR_OR_BELOW_LOWER_BB|RSI_RECOVERY_NOT_CONFIRMED
2026-09-29T22:10:50.975204+00:00,SIE_OLD_MR_REGIME_EXHAUSTION_CONFIRM_V1,SOL,SOLUSDT,strategy-lab-v1.0.0:SIE_OLD_MR_REGIME_EXHAUSTION_CONFIRM_V1,1790719200000,2026-09-29T22:00:00+00:00,118.91,119.32,118.81,119.19,50.29308323563891,119.09099999999998,117.17930023277547,118.741,1.1107142857142875,0.009318854649838807,46.5657741559954,1.249999999999997,False,PLANNED_REWARD_TOO_LOW|RSI_NOT_BELOW_32|CLOSE_NOT_NEAR_OR_BELOW_LOWER_BB
2026-09-29T22:10:50.975204+00:00,SIE_OLD_MR_REGIME_EXHAUSTION_CONFIRM_V1,XRP,XRPUSDT,strategy-lab-v1.0.0:SIE_OLD_MR_REGIME_EXHAUSTION_CONFIRM_V1,1790701200000,2026-09-29T17:00:00+00:00,1.4853,1.4899,1.4757,1.4819,47.7719528178244,1.503465,1.4599226860973173,1.5288475,0.02087142857142859,0.014084235489188602,53.11152187307456,1.25,False,TREND_SUPPORT_NOT_CONFIRMED|RSI_NOT_BELOW_32|CLOSE_NOT_NEAR_OR_BELOW_LOWER_BB|CLOSE_NOT_ABOVE_MA200|RSI_RECOVERY_NOT_CONFIRMED
2026-09-29T22:10:50.975204+00:00,SIE_OLD_MR_REGIME_EXHAUSTION_CONFIRM_V1,XRP,XRPUSDT,strategy-lab-v1.0.0:SIE_OLD_MR_REGIME_EXHAUSTION_CONFIRM_V1,1790704800000,2026-09-29T18:00:00+00:00,1.4816,1.5011,1.4816,1.4994,54.26170468187274,1.5038150000000001,1.4605222627338055,1.528894,0.021342857142857156,0.014234265134625288,47.7719528178244,1.2499999999999973,False,TREND_SUPPORT_NOT_CONFIRMED|PLANNED_REWARD_TOO_LOW|RSI_NOT_BELOW_32|CLOSE_NOT_NEAR_OR_BELOW_LOWER_BB|CLOSE_NOT_ABOVE_MA200
2026-09-29T22:10:50.975204+00:00,SIE_OLD_MR_REGIME_EXHAUSTION_CONFIRM_V1,XRP,XRPUSDT,strategy-lab-v1.0.0:SIE_OLD_MR_REGIME_EXHAUSTION_CONFIRM_V1,1790708400000,2026-09-29T19:00:00+00:00,1.4992,1.5035,1.491,1.4929,49.817961165048494,1.503655,1.4602259555711876,1.528931,0.020821428571428578,0.013946968029625948,54.26170468187274,1.2500000000000027,False,TREND_SUPPORT_NOT_CONFIRMED|RSI_NOT_BELOW_32|CLOSE_NOT_NEAR_OR_BELOW_LOWER_BB|CLOSE_NOT_ABOVE_MA200|RSI_RECOVERY_NOT_CONFIRMED
2026-09-29T22:10:50.975204+00:00,SIE_OLD_MR_REGIME_EXHAUSTION_CONFIRM_V1,XRP,XRPUSDT,strategy-lab-v1.0.0:SIE_OLD_MR_REGIME_EXHAUSTION_CONFIRM_V1,1790712000000,2026-09-29T20:00:00+00:00,1.4929,1.5006,1.4894,1.4961,47.08893154190656,1.5040799999999999,1.461123948039889,1.5289760000000001,0.020542857142857147,0.013730938535430217,49.817961165048494,1.2499999999999973,False,TREND_SUPPORT_NOT_CONFIRMED|PLANNED_REWARD_TOO_LOW|RSI_NOT_BELOW_32|CLOSE_NOT_NEAR_OR_BELOW_LOWER_BB|CLOSE_NOT_ABOVE_MA200|RSI_RECOVERY_NOT_CONFIRMED
2026-09-29T22:10:50.975204+00:00,SIE_OLD_MR_REGIME_EXHAUSTION_CONFIRM_V1,XRP,XRPUSDT,strategy-lab-v1.0.0:SIE_OLD_MR_REGIME_EXHAUSTION_CONFIRM_V1,1790715600000,2026-09-29T21:00:00+00:00,1.4961,1.4982,1.4891,1.4951,46.13899613899614,1.504985,1.4636158194424915,1.529003,0.020521428571428562,0.013725789961493252,47.08893154190656,1.25,False,TREND_SUPPORT_NOT_CONFIRMED|RSI_NOT_BELOW_32|CLOSE_NOT_NEAR_OR_BELOW_LOWER_BB|CLOSE_NOT_ABOVE_MA200|RSI_RECOVERY_NOT_CONFIRMED
2026-09-29T22:10:50.975204+00:00,SIE_OLD_MR_REGIME_EXHAUSTION_CONFIRM_V1,XRP,XRPUSDT,strategy-lab-v1.0.0:SIE_OLD_MR_REGIME_EXHAUSTION_CONFIRM_V1,1790719200000,2026-09-29T22:00:00+00:00,1.4952,1.4985,1.4938,1.496,48.5294117647059,1.506015,1.4666671017079729,1.528998,0.01969285714285713,0.013163674560733375,46.13899613899614,1.25,False,TREND_SUPPORT_NOT_CONFIRMED|RSI_NOT_BELOW_32|CLOSE_NOT_NEAR_OR_BELOW_LOWER_BB|CLOSE_NOT_ABOVE_MA200
2026-09-29T22:10:50.975204+00:00,SIE_OLD_MR_REGIME_EXHAUSTION_CONFIRM_V1,DOGE,DOGEUSDT,strategy-lab-v1.0.0:SIE_OLD_MR_REGIME_EXHAUSTION_CONFIRM_V1,1790701200000,2026-09-29T17:00:00+00:00,0.0933,0.09366,0.09273,0.09323,50.793650793650784,0.09420599999999998,0.09196862296427213,0.09650925,0.0010928571428571443,0.011722161781155684,57.01298701298699,1.2499999999999936,False,TREND_SUPPORT_NOT_CONFIRMED|PLANNED_REWARD_TOO_LOW|RSI_NOT_BELOW_32|CLOSE_NOT_NEAR_OR_BELOW_LOWER_BB|CLOSE_NOT_ABOVE_MA200|RSI_RECOVERY_NOT_CONFIRMED
2026-09-29T22:10:50.975204+00:00,SIE_OLD_MR_REGIME_EXHAUSTION_CONFIRM_V1,DOGE,DOGEUSDT,strategy-lab-v1.0.0:SIE_OLD_MR_REGIME_EXHAUSTION_CONFIRM_V1,1790704800000,2026-09-29T18:00:00+00:00,0.09324,0.09437,0.09324,0.09413,56.95876288659799,0.09423899999999999,0.0920266898951543,0.0965156,0.0011178571428571446,0.011875673460715441,50.793650793650784,1.2499999999999938,False,TREND_SUPPORT_NOT_CONFIRMED|PLANNED_REWARD_TOO_LOW|RSI_NOT_BELOW_32|CLOSE_NOT_NEAR_OR_BELOW_LOWER_BB|CLOSE_NOT_ABOVE_MA200
2026-09-29T22:10:50.975204+00:00,SIE_OLD_MR_REGIME_EXHAUSTION_CONFIRM_V1,DOGE,DOGEUSDT,strategy-lab-v1.0.0:SIE_OLD_MR_REGIME_EXHAUSTION_CONFIRM_V1,1790708400000,2026-09-29T19:00:00+00:00,0.09414,0.09436,0.09349,0.09363,48.936170212766,0.09422749999999999,0.09200506102445931,0.0965169,0.0010885714285714298,0.011626310248546724,56.95876288659799,1.250000000000003,False,TREND_SUPPORT_NOT_CONFIRMED|RSI_NOT_BELOW_32|CLOSE_NOT_NEAR_OR_BELOW_LOWER_BB|CLOSE_NOT_ABOVE_MA200|RSI_RECOVERY_NOT_CONFIRMED
2026-09-29T22:10:50.975204+00:00,SIE_OLD_MR_REGIME_EXHAUSTION_CONFIRM_V1,DOGE,DOGEUSDT,strategy-lab-v1.0.0:SIE_OLD_MR_REGIME_EXHAUSTION_CONFIRM_V1,1790712000000,2026-09-29T20:00:00+00:00,0.09365,0.09425,0.09341,0.09399,45.29914529914536,0.0942485,0.09204343968336412,0.09651955,0.0010742857142857151,0.01142978736339733,48.936170212766,1.2499999999999936,False,TREND_SUPPORT_NOT_CONFIRMED|PLANNED_REWARD_TOO_LOW|RSI_NOT_BELOW_32|CLOSE_NOT_NEAR_OR_BELOW_LOWER_BB|CLOSE_NOT_ABOVE_MA200|RSI_RECOVERY_NOT_CONFIRMED
2026-09-29T22:10:50.975204+00:00,SIE_OLD_MR_REGIME_EXHAUSTION_CONFIRM_V1,DOGE,DOGEUSDT,strategy-lab-v1.0.0:SIE_OLD_MR_REGIME_EXHAUSTION_CONFIRM_V1,1790715600000,2026-09-29T21:00:00+00:00,0.09396,0.09419,0.09367,0.09408,42.857142857142854,0.094318,0.09222925300718293,0.09652385000000001,0.0010542857142857149,0.011206268221574351,45.29914529914536,1.2500000000000033,False,TREND_SUPPORT_NOT_CONFIRMED|RSI_NOT_BELOW_32|CLOSE_NOT_NEAR_OR_BELOW_LOWER_BB|CLOSE_NOT_ABOVE_MA200|RSI_RECOVERY_NOT_CONFIRMED
2026-09-29T22:10:50.975204+00:00,SIE_OLD_MR_REGIME_EXHAUSTION_CONFIRM_V1,DOGE,DOGEUSDT,strategy-lab-v1.0.0:SIE_OLD_MR_REGIME_EXHAUSTION_CONFIRM_V1,1790719200000,2026-09-29T22:00:00+00:00,0.09408,0.09438,0.09408,0.09427,45.14705882352948,0.094419,0.09255695918412019,0.0965203,0.0010000000000000009,0.010607828577490196,42.857142857142854,1.25,False,TREND_SUPPORT_NOT_CONFIRMED|RSI_NOT_BELOW_32|CLOSE_NOT_NEAR_OR_BELOW_LOWER_BB|CLOSE_NOT_ABOVE_MA200
2026-09-29T22:10:50.975204+00:00,SIE_OLD_MR_REGIME_EXHAUSTION_CONFIRM_V1,BNB,BNBUSDT,strategy-lab-v1.0.0:SIE_OLD_MR_REGIME_EXHAUSTION_CONFIRM_V1,1790701200000,2026-09-29T17:00:00+00:00,753.5,754.32,750.48,752.31,39.90825688073387,760.932,751.9376315396781,776.048,4.661428571428579,0.006196153941099519,46.08585858585876,1.25,False,TREND_SUPPORT_NOT_CONFIRMED|RSI_NOT_BELOW_32|CLOSE_NOT_ABOVE_MA200|RSI_RECOVERY_NOT_CONFIRMED
2026-09-29T22:10:50.975204+00:00,SIE_OLD_MR_REGIME_EXHAUSTION_CONFIRM_V1,BNB,BNBUSDT,strategy-lab-v1.0.0:SIE_OLD_MR_REGIME_EXHAUSTION_CONFIRM_V1,1790704800000,2026-09-29T18:00:00+00:00,752.36,756.7,752.36,755.4,47.73366677086584,760.6,751.3084533042107,775.90235,4.710714285714297,0.006236052800786732,39.90825688073387,1.250000000000006,False,TREND_SUPPORT_NOT_CONFIRMED|RSI_NOT_BELOW_32|CLOSE_NOT_NEAR_OR_BELOW_LOWER_BB|CLOSE_NOT_ABOVE_MA200
2026-09-29T22:10:50.975204+00:00,SIE_OLD_MR_REGIME_EXHAUSTION_CONFIRM_V1,BNB,BNBUSDT,strategy-lab-v1.0.0:SIE_OLD_MR_REGIME_EXHAUSTION_CONFIRM_V1,1790708400000,2026-09-29T19:00:00+00:00,755.49,756.34,753.51,754.98,42.46391406512256,760.1659999999999,750.6779245365545,775.7245499999999,4.5807142857143015,0.00606733196338221,47.73366677086584,1.25,False,TREND_SUPPORT_NOT_CONFIRMED|RSI_NOT_BELOW_32|CLOSE_NOT_NEAR_OR_BELOW_LOWER_BB|CLOSE_NOT_ABOVE_MA200|RSI_RECOVERY_NOT_CONFIRMED
2026-09-29T22:10:50.975204+00:00,SIE_OLD_MR_REGIME_EXHAUSTION_CONFIRM_V1,BNB,BNBUSDT,strategy-lab-v1.0.0:SIE_OLD_MR_REGIME_EXHAUSTION_CONFIRM_V1,1790712000000,2026-09-29T20:00:00+00:00,755.01,758.2,754.51,757.8,34.27914110429448,760.037,750.4940736144497,775.5627000000001,4.352857142857163,0.005744071183501139,42.46391406512256,1.249999999999987,False,TREND_SUPPORT_NOT_CONFIRMED|PLANNED_REWARD_TOO_LOW|RSI_NOT_BELOW_32|CLOSE_NOT_NEAR_OR_BELOW_LOWER_BB|CLOSE_NOT_ABOVE_MA200|RSI_RECOVERY_NOT_CONFIRMED
2026-09-29T22:10:50.975204+00:00,SIE_OLD_MR_REGIME_EXHAUSTION_CONFIRM_V1,BNB,BNBUSDT,strategy-lab-v1.0.0:SIE_OLD_MR_REGIME_EXHAUSTION_CONFIRM_V1,1790715600000,2026-09-29T21:00:00+00:00,757.81,758.2,755.59,756.65,33.160237388724056,759.9765,750.3640450066056,775.3753999999999,4.089285714285738,0.005404461394681476,34.27914110429448,1.25,False,TREND_SUPPORT_NOT_CONFIRMED|RSI_NOT_BELOW_32|CLOSE_NOT_NEAR_OR_BELOW_LOWER_BB|CLOSE_NOT_ABOVE_MA200|RSI_RECOVERY_NOT_CONFIRMED
2026-09-29T22:10:50.975204+00:00,SIE_OLD_MR_REGIME_EXHAUSTION_CONFIRM_V1,BNB,BNBUSDT,strategy-lab-v1.0.0:SIE_OLD_MR_REGIME_EXHAUSTION_CONFIRM_V1,1790719200000,2026-09-29T22:00:00+00:00,757.12,758.8,757.12,758.12,39.6722560975611,760.08,750.5951552463927,775.1792,3.9150000000000205,0.005164090117659501,33.160237388724056,1.25,False,TREND_SUPPORT_NOT_CONFIRMED|RSI_NOT_BELOW_32|CLOSE_NOT_NEAR_OR_BELOW_LOWER_BB|CLOSE_NOT_ABOVE_MA200
2026-09-29T22:10:50.975204+00:00,SIE_OLD_MR_REGIME_EXHAUSTION_CONFIRM_V1,PAXG,PAXGUSDT,strategy-lab-v1.0.0:SIE_OLD_MR_REGIME_EXHAUSTION_CONFIRM_V1,1790701200000,2026-09-29T17:00:00+00:00,4152.97,4155.7,4150.27,4151.0,55.675539929683666,4151.2685,4127.4699510736655,4267.612950000001,10.644285714285486,0.002564270227483856,54.49182745483629,1.2500000000000213,False,TREND_SUPPORT_NOT_CONFIRMED|RSI_NOT_BELOW_32|CLOSE_NOT_NEAR_OR_BELOW_LOWER_BB|CLOSE_NOT_ABOVE_MA200|RSI_RECOVERY_NOT_CONFIRMED
2026-09-29T22:10:50.975204+00:00,SIE_OLD_MR_REGIME_EXHAUSTION_CONFIRM_V1,PAXG,PAXGUSDT,strategy-lab-v1.0.0:SIE_OLD_MR_REGIME_EXHAUSTION_CONFIRM_V1,1790704800000,2026-09-29T18:00:00+00:00,4156.2,4180.0,4154.73,4176.95,69.42222222222253,4153.4980000000005,4128.862865253075,4266.79915,12.267142857142646,0.0029368661001789934,55.675539929683666,1.250000000000037,False,TREND_SUPPORT_NOT_CONFIRMED|RSI_NOT_BELOW_32|CLOSE_NOT_NEAR_OR_BELOW_LOWER_BB|CLOSE_NOT_ABOVE_MA200
2026-09-29T22:10:50.975204+00:00,SIE_OLD_MR_REGIME_EXHAUSTION_CONFIRM_V1,PAXG,PAXGUSDT,strategy-lab-v1.0.0:SIE_OLD_MR_REGIME_EXHAUSTION_CONFIRM_V1,1790708400000,2026-09-29T19:00:00+00:00,4177.54,4182.52,4174.46,4182.52,67.32798649219117,4155.760499999999,4129.261444564018,4265.89,11.484285714285502,0.0027457814222730556,69.42222222222253,1.2500000000000198,False,TREND_SUPPORT_NOT_CONFIRMED|RSI_NOT_BELOW_32|CLOSE_NOT_NEAR_OR_BELOW_LOWER_BB|CLOSE_NOT_ABOVE_MA200|RSI_RECOVERY_NOT_CONFIRMED
2026-09-29T22:10:50.975204+00:00,SIE_OLD_MR_REGIME_EXHAUSTION_CONFIRM_V1,PAXG,PAXGUSDT,strategy-lab-v1.0.0:SIE_OLD_MR_REGIME_EXHAUSTION_CONFIRM_V1,1790712000000,2026-09-29T20:00:00+00:00,4178.77,4189.28,4177.64,4188.5,68.92190323228294,4158.764499999999,4131.727890393778,4265.049150000001,11.897857142856926,0.002840600965227868,67.32798649219117,1.249999999999981,False,TREND_SUPPORT_NOT_CONFIRMED|PLANNED_REWARD_TOO_LOW|RSI_NOT_BELOW_32|CLOSE_NOT_NEAR_OR_BELOW_LOWER_BB|CLOSE_NOT_ABOVE_MA200
2026-09-29T22:10:50.975204+00:00,SIE_OLD_MR_REGIME_EXHAUSTION_CONFIRM_V1,PAXG,PAXGUSDT,strategy-lab-v1.0.0:SIE_OLD_MR_REGIME_EXHAUSTION_CONFIRM_V1,1790715600000,2026-09-29T21:00:00+00:00,4188.5,4188.5,4181.66,4187.18,67.28157307926264,4160.8945,4132.014077928997,4264.2634,11.864999999999782,0.0028336493773852044,68.92190323228294,1.2499999999999616,False,TREND_SUPPORT_NOT_CONFIRMED|PLANNED_REWARD_TOO_LOW|RSI_NOT_BELOW_32|CLOSE_NOT_NEAR_OR_BELOW_LOWER_BB|CLOSE_NOT_ABOVE_MA200|RSI_RECOVERY_NOT_CONFIRMED
2026-09-29T22:10:50.975204+00:00,SIE_OLD_MR_REGIME_EXHAUSTION_CONFIRM_V1,PAXG,PAXGUSDT,strategy-lab-v1.0.0:SIE_OLD_MR_REGIME_EXHAUSTION_CONFIRM_V1,1790719200000,2026-09-29T22:00:00+00:00,4189.43,4189.44,4187.56,4188.18,68.89570552147273,4163.0205,4132.714048888078,4263.51155,11.391428571428346,0.002719899472188002,67.28157307926264,1.24999999999998,False,TREND_SUPPORT_NOT_CONFIRMED|PLANNED_REWARD_TOO_LOW|RSI_NOT_BELOW_32|CLOSE_NOT_NEAR_OR_BELOW_LOWER_BB|CLOSE_NOT_ABOVE_MA200
2026-09-30T05:25:06.966067+00:00,SIE_OLD_MR_REGIME_EXHAUSTION_CONFIRM_V1,BTC,BTCUSDT,strategy-lab-v1.0.0:SIE_OLD_MR_REGIME_EXHAUSTION_CONFIRM_V1,1790722800000,2026-09-29T23:00:00+00:00,83583.12,83829.87,83569.79,83638.42,39.38894167931785,83684.908,82873.52349313207,84484.97375,425.12785714285775,0.0050829254921704375,45.71543161972322,1.249999999999983,False,TREND_SUPPORT_NOT_CONFIRMED|PLANNED_REWARD_TOO_LOW|RSI_NOT_BELOW_32|CLOSE_NOT_NEAR_OR_BELOW_LOWER_BB|CLOSE_NOT_ABOVE_MA200|RSI_RECOVERY_NOT_CONFIRMED
2026-09-30T05:25:06.966067+00:00,SIE_OLD_MR_REGIME_EXHAUSTION_CONFIRM_V1,BTC,BTCUSDT,strategy-lab-v1.0.0:SIE_OLD_MR_REGIME_EXHAUSTION_CONFIRM_V1,1790726400000,2026-09-30T00:00:00+00:00,83638.42,83700.0,83307.01,83418.28,39.39295740288268,83697.29400000001,82910.50400828855,84472.22575,426.94214285714406,0.005118088539552051,39.38894167931785,1.2499999999999916,False,TREND_SUPPORT_NOT_CONFIRMED|PLANNED_REWARD_TOO_LOW|RSI_NOT_BELOW_32|CLOSE_NOT_NEAR_OR_BELOW_LOWER_BB|CLOSE_NOT_ABOVE_MA200|RSI_RECOVERY_NOT_CONFIRMED
2026-09-30T05:25:06.966067+00:00,SIE_OLD_MR_REGIME_EXHAUSTION_CONFIRM_V1,BTC,BTCUSDT,strategy-lab-v1.0.0:SIE_OLD_MR_REGIME_EXHAUSTION_CONFIRM_V1,1790730000000,2026-09-30T01:00:00+00:00,83418.28,83523.04,83289.0,83404.75,31.137867073750797,83697.60949999999,82911.29420152215,84459.73889999998,402.02928571428595,0.004820220499603271,39.39295740288268,1.2500000000000182,False,TREND_SUPPORT_NOT_CONFIRMED|CLOSE_NOT_NEAR_OR_BELOW_LOWER_BB|CLOSE_NOT_ABOVE_MA200|RSI_RECOVERY_NOT_CONFIRMED
2026-09-30T05:25:06.966067+00:00,SIE_OLD_MR_REGIME_EXHAUSTION_CONFIRM_V1,BTC,BTCUSDT,strategy-lab-v1.0.0:SIE_OLD_MR_REGIME_EXHAUSTION_CONFIRM_V1,1790733600000,2026-09-30T02:00:00+00:00,83404.76,83584.01,83240.02,83347.68,30.67277335586226,83666.193,82876.67889243427,84446.11839999999,399.63142857142833,0.004794751678408185,31.137867073750797,1.249999999999991,False,TREND_SUPPORT_NOT_CONFIRMED|PLANNED_REWARD_TOO_LOW|CLOSE_NOT_NEAR_OR_BELOW_LOWER_BB|CLOSE_NOT_ABOVE_MA200|RSI_RECOVERY_NOT_CONFIRMED
2026-09-30T05:25:06.966067+00:00,SIE_OLD_MR_REGIME_EXHAUSTION_CONFIRM_V1,BTC,BTCUSDT,strategy-lab-v1.0.0:SIE_OLD_MR_REGIME_EXHAUSTION_CONFIRM_V1,1790737200000,2026-09-30T03:00:00+00:00,83347.68,83391.0,83120.23,83269.16,31.072581041458108,83631.824,82836.03861565486,84429.98934999999,378.26571428571435,0.004542686803682351,30.67277335586226,1.25,False,TREND_SUPPORT_NOT_CONFIRMED|CLOSE_NOT_NEAR_OR_BELOW_LOWER_BB|CLOSE_NOT_ABOVE_MA200|RSI_RECOVERY_NOT_CONFIRMED
2026-09-30T05:25:06.966067+00:00,SIE_OLD_MR_REGIME_EXHAUSTION_CONFIRM_V1,BTC,BTCUSDT,strategy-lab-v1.0.0:SIE_OLD_MR_REGIME_EXHAUSTION_CONFIRM_V1,1790740800000,2026-09-30T04:00:00+00:00,83269.16,83386.96,83162.95,83174.05,36.817359153391614,83598.23049999999,82784.90137071694,84410.9595,346.22285714285783,0.0041626307381071115,31.072581041458108,1.25,False,TREND_SUPPORT_NOT_CONFIRMED|RSI_NOT_BELOW_32|CLOSE_NOT_NEAR_OR_BELOW_LOWER_BB|CLOSE_NOT_ABOVE_MA200|RSI_RECOVERY_NOT_CONFIRMED
2026-09-30T05:25:06.966067+00:00,SIE_OLD_MR_REGIME_EXHAUSTION_CONFIRM_V1,BTC,BTCUSDT,strategy-lab-v1.0.0:SIE_OLD_MR_REGIME_EXHAUSTION_CONFIRM_V1,1790744400000,2026-09-30T05:00:00+00:00,83174.06,83322.66,83149.51,83269.66,57.18387535054335,83550.64700000001,82778.38497713125,84394.5213,297.6385714285726,0.0035743939800951825,36.817359153391614,1.2499999999999756,False,TREND_SUPPORT_NOT_CONFIRMED|PLANNED_REWARD_TOO_LOW|RSI_NOT_BELOW_32|CLOSE_NOT_NEAR_OR_BELOW_LOWER_BB|CLOSE_NOT_ABOVE_MA200
2026-09-30T05:25:06.966067+00:00,SIE_OLD_MR_REGIME_EXHAUSTION_CONFIRM_V1,SOL,SOLUSDT,strategy-lab-v1.0.0:SIE_OLD_MR_REGIME_EXHAUSTION_CONFIRM_V1,1790722800000,2026-09-29T23:00:00+00:00,119.08,119.69,118.83,119.12,45.07772020725395,119.15150000000001,117.33216743007041,118.7464,1.105714285714288,0.009282356327352989,49.70344009489918,1.249999999999997,False,PLANNED_REWARD_TOO_LOW|RSI_NOT_BELOW_32|CLOSE_NOT_NEAR_OR_BELOW_LOWER_BB|RSI_RECOVERY_NOT_CONFIRMED
2026-09-30T05:25:06.966067+00:00,SIE_OLD_MR_REGIME_EXHAUSTION_CONFIRM_V1,SOL,SOLUSDT,strategy-lab-v1.0.0:SIE_OLD_MR_REGIME_EXHAUSTION_CONFIRM_V1,1790726400000,2026-09-30T00:00:00+00:00,119.12,119.27,118.46,118.91,46.774193548387075,119.2145,117.52486719965353,118.75335,1.105000000000002,0.009292742410226238,45.07772020725395,1.250000000000003,False,RSI_NOT_BELOW_32|CLOSE_NOT_NEAR_OR_BELOW_LOWER_BB|RSI_RECOVERY_NOT_CONFIRMED
2026-09-30T05:25:06.966067+00:00,SIE_OLD_MR_REGIME_EXHAUSTION_CONFIRM_V1,SOL,SOLUSDT,strategy-lab-v1.0.0:SIE_OLD_MR_REGIME_EXHAUSTION_CONFIRM_V1,1790730000000,2026-09-30T01:00:00+00:00,118.9,119.63,118.78,119.41,45.076282940360564,119.27449999999999,117.64775509067748,118.76445,1.0792857142857162,0.009038486846040668,46.774193548387075,1.2500000000000033,False,RSI_NOT_BELOW_32|CLOSE_NOT_NEAR_OR_BELOW_LOWER_BB|RSI_RECOVERY_NOT_CONFIRMED
2026-09-30T05:25:06.966067+00:00,SIE_OLD_MR_REGIME_EXHAUSTION_CONFIRM_V1,SOL,SOLUSDT,strategy-lab-v1.0.0:SIE_OLD_MR_REGIME_EXHAUSTION_CONFIRM_V1,1790733600000,2026-09-30T02:00:00+00:00,119.42,120.06,119.15,119.65,41.24629080118704,119.297,117.66256921223113,118.774,1.065714285714287,0.008906930929496756,45.076282940360564,1.2500000000000033,False,RSI_NOT_BELOW_32|CLOSE_NOT_NEAR_OR_BELOW_LOWER_BB|RSI_RECOVERY_NOT_CONFIRMED
2026-09-30T05:25:06.966067+00:00,SIE_OLD_MR_REGIME_EXHAUSTION_CONFIRM_V1,SOL,SOLUSDT,strategy-lab-v1.0.0:SIE_OLD_MR_REGIME_EXHAUSTION_CONFIRM_V1,1790737200000,2026-09-30T03:00:00+00:00,119.65,119.84,118.88,119.1,36.834733893557406,119.2775,117.6434391076197,118.77759999999998,1.0621428571428584,0.008918076046539533,41.24629080118704,1.2500000000000033,False,RSI_NOT_BELOW_32|CLOSE_NOT_NEAR_OR_BELOW_LOWER_BB|RSI_RECOVERY_NOT_CONFIRMED
2026-09-30T05:25:06.966067+00:00,SIE_OLD_MR_REGIME_EXHAUSTION_CONFIRM_V1,SOL,SOLUSDT,strategy-lab-v1.0.0:SIE_OLD_MR_REGIME_EXHAUSTION_CONFIRM_V1,1790740800000,2026-09-30T04:00:00+00:00,119.07,119.64,118.68,118.74,39.1952309985097,119.25750000000001,117.60748333341549,118.77525,1.0500000000000012,0.008842849924204154,36.834733893557406,1.2500000000000033,False,RSI_NOT_BELOW_32|CLOSE_NOT_NEAR_OR_BELOW_LOWER_BB|CLOSE_NOT_ABOVE_MA200|RSI_RECOVERY_NOT_CONFIRMED
2026-09-30T05:25:06.966067+00:00,SIE_OLD_MR_REGIME_EXHAUSTION_CONFIRM_V1,SOL,SOLUSDT,strategy-lab-v1.0.0:SIE_OLD_MR_REGIME_EXHAUSTION_CONFIRM_V1,1790744400000,2026-09-30T05:00:00+00:00,118.74,119.18,118.43,118.72,55.36842105263162,119.19949999999999,117.55956737943087,118.7733,0.9364285714285724,0.007887706969580292,39.1952309985097,1.2499999999999962,False,PLANNED_REWARD_TOO_LOW|RSI_NOT_BELOW_32|CLOSE_NOT_NEAR_OR_BELOW_LOWER_BB|CLOSE_NOT_ABOVE_MA200|RSI_RECOVERY_NOT_CONFIRMED
2026-09-30T05:25:06.966067+00:00,SIE_OLD_MR_REGIME_EXHAUSTION_CONFIRM_V1,XRP,XRPUSDT,strategy-lab-v1.0.0:SIE_OLD_MR_REGIME_EXHAUSTION_CONFIRM_V1,1790722800000,2026-09-29T23:00:00+00:00,1.493,1.4986,1.4874,1.4902,42.88702928870294,1.505955,1.4665776219765754,1.5289605,0.01952142857142856,0.013099871541691425,47.641196013289075,1.2499999999999971,False,TREND_SUPPORT_NOT_CONFIRMED|PLANNED_REWARD_TOO_LOW|RSI_NOT_BELOW_32|CLOSE_NOT_NEAR_OR_BELOW_LOWER_BB|CLOSE_NOT_ABOVE_MA200|RSI_RECOVERY_NOT_CONFIRMED
2026-09-30T05:25:06.966067+00:00,SIE_OLD_MR_REGIME_EXHAUSTION_CONFIRM_V1,XRP,XRPUSDT,strategy-lab-v1.0.0:SIE_OLD_MR_REGIME_EXHAUSTION_CONFIRM_V1,1790726400000,2026-09-30T00:00:00+00:00,1.4902,1.4925,1.4849,1.4921,44.55375966268446,1.5063,1.4675399690402642,1.528975,0.01936428571428569,0.012977873945637486,42.88702928870294,1.2499999999999971,False,TREND_SUPPORT_NOT_CONFIRMED|PLANNED_REWARD_TOO_LOW|RSI_NOT_BELOW_32|CLOSE_NOT_NEAR_OR_BELOW_LOWER_BB|CLOSE_NOT_ABOVE_MA200
2026-09-30T05:25:06.966067+00:00,SIE_OLD_MR_REGIME_EXHAUSTION_CONFIRM_V1,XRP,XRPUSDT,strategy-lab-v1.0.0:SIE_OLD_MR_REGIME_EXHAUSTION_CONFIRM_V1,1790730000000,2026-09-30T01:00:00+00:00,1.4918,1.5003,1.4908,1.4972,42.826086956521834,1.506485,1.467936367080016,1.5289834999999998,0.018928571428571406,0.012642647227205053,44.55375966268446,1.2500000000000058,False,TREND_SUPPORT_NOT_CONFIRMED|RSI_NOT_BELOW_32|CLOSE_NOT_NEAR_OR_BELOW_LOWER_BB|CLOSE_NOT_ABOVE_MA200|RSI_RECOVERY_NOT_CONFIRMED
2026-09-30T05:25:06.966067+00:00,SIE_OLD_MR_REGIME_EXHAUSTION_CONFIRM_V1,XRP,XRPUSDT,strategy-lab-v1.0.0:SIE_OLD_MR_REGIME_EXHAUSTION_CONFIRM_V1,1790733600000,2026-09-30T02:00:00+00:00,1.4972,1.5044,1.4956,1.5008,29.30107526881727,1.506265,1.4676393983865665,1.5289405,0.016421428571428538,0.010941783429789805,42.826086956521834,1.2499999999999967,False,TREND_SUPPORT_NOT_CONFIRMED|PLANNED_REWARD_TOO_LOW|CLOSE_NOT_NEAR_OR_BELOW_LOWER_BB|CLOSE_NOT_ABOVE_MA200|RSI_RECOVERY_NOT_CONFIRMED
2026-09-30T05:25:06.966067+00:00,SIE_OLD_MR_REGIME_EXHAUSTION_CONFIRM_V1,XRP,XRPUSDT,strategy-lab-v1.0.0:SIE_OLD_MR_REGIME_EXHAUSTION_CONFIRM_V1,1790737200000,2026-09-30T03:00:00+00:00,1.5008,1.5018,1.4899,1.4928,26.480541455160775,1.50555,1.466485770838276,1.5288655,0.016042857142857105,0.01074682284489356,29.30107526881727,1.2499999999999964,False,TREND_SUPPORT_NOT_CONFIRMED|PLANNED_REWARD_TOO_LOW|CLOSE_NOT_NEAR_OR_BELOW_LOWER_BB|CLOSE_NOT_ABOVE_MA200|RSI_RECOVERY_NOT_CONFIRMED
2026-09-30T05:25:06.966067+00:00,SIE_OLD_MR_REGIME_EXHAUSTION_CONFIRM_V1,XRP,XRPUSDT,strategy-lab-v1.0.0:SIE_OLD_MR_REGIME_EXHAUSTION_CONFIRM_V1,1790740800000,2026-09-30T04:00:00+00:00,1.4927,1.499,1.492,1.4931,27.430555555555713,1.5051849999999998,1.4658000142820933,1.528664,0.015164285714285677,0.010156242525139426,26.480541455160775,1.2499999999999964,False,TREND_SUPPORT_NOT_CONFIRMED|PLANNED_REWARD_TOO_LOW|CLOSE_NOT_NEAR_OR_BELOW_LOWER_BB|CLOSE_NOT_ABOVE_MA200
2026-09-30T05:25:06.966067+00:00,SIE_OLD_MR_REGIME_EXHAUSTION_CONFIRM_V1,XRP,XRPUSDT,strategy-lab-v1.0.0:SIE_OLD_MR_REGIME_EXHAUSTION_CONFIRM_V1,1790744400000,2026-09-30T05:00:00+00:00,1.4931,1.4982,1.4928,1.4965,38.41931942919867,1.50448,1.4650032929438168,1.5284015,0.012842857142857125,0.00858192926351963,27.430555555555713,1.25,False,TREND_SUPPORT_NOT_CONFIRMED|RSI_NOT_BELOW_32|CLOSE_NOT_NEAR_OR_BELOW_LOWER_BB|CLOSE_NOT_ABOVE_MA200
2026-09-30T05:25:06.966067+00:00,SIE_OLD_MR_REGIME_EXHAUSTION_CONFIRM_V1,DOGE,DOGEUSDT,strategy-lab-v1.0.0:SIE_OLD_MR_REGIME_EXHAUSTION_CONFIRM_V1,1790722800000,2026-09-29T23:00:00+00:00,0.09399,0.09444,0.09357,0.09384,36.378205128205195,0.094441,0.09264456018748138,0.09650145,0.0010085714285714292,0.010747777371818298,42.98507462686571,1.2499999999999967,False,TREND_SUPPORT_NOT_CONFIRMED|PLANNED_REWARD_TOO_LOW|RSI_NOT_BELOW_32|CLOSE_NOT_NEAR_OR_BELOW_LOWER_BB|CLOSE_NOT_ABOVE_MA200|RSI_RECOVERY_NOT_CONFIRMED
2026-09-30T05:25:06.966067+00:00,SIE_OLD_MR_REGIME_EXHAUSTION_CONFIRM_V1,DOGE,DOGEUSDT,strategy-lab-v1.0.0:SIE_OLD_MR_REGIME_EXHAUSTION_CONFIRM_V1,1790726400000,2026-09-30T00:00:00+00:00,0.09386,0.09395,0.09323,0.09362,38.474576271186464,0.09446950000000001,0.0927456151430557,0.0964862,0.001005000000000001,0.010734885708182023,36.378205128205195,1.2499999999999931,False,TREND_SUPPORT_NOT_CONFIRMED|PLANNED_REWARD_TOO_LOW|RSI_NOT_BELOW_32|CLOSE_NOT_NEAR_OR_BELOW_LOWER_BB|CLOSE_NOT_ABOVE_MA200|RSI_RECOVERY_NOT_CONFIRMED
2026-09-30T05:25:06.966067+00:00,SIE_OLD_MR_REGIME_EXHAUSTION_CONFIRM_V1,DOGE,DOGEUSDT,strategy-lab-v1.0.0:SIE_OLD_MR_REGIME_EXHAUSTION_CONFIRM_V1,1790730000000,2026-09-30T01:00:00+00:00,0.09361,0.09428,0.09351,0.09394,33.879781420764985,0.094477,0.09276373294550969,0.096469,0.0009742857142857152,0.010371361659417875,38.474576271186464,1.2499999999999964,False,TREND_SUPPORT_NOT_CONFIRMED|PLANNED_REWARD_TOO_LOW|RSI_NOT_BELOW_32|CLOSE_NOT_NEAR_OR_BELOW_LOWER_BB|CLOSE_NOT_ABOVE_MA200|RSI_RECOVERY_NOT_CONFIRMED
2026-09-30T05:25:06.966067+00:00,SIE_OLD_MR_REGIME_EXHAUSTION_CONFIRM_V1,DOGE,DOGEUSDT,strategy-lab-v1.0.0:SIE_OLD_MR_REGIME_EXHAUSTION_CONFIRM_V1,1790733600000,2026-09-30T02:00:00+00:00,0.09396,0.09436,0.09362,0.09392,31.39097744360909,0.09444050000000001,0.09271248987271431,0.09644040000000001,0.0009692857142857152,0.010320333414456082,33.879781420764985,1.2500000000000036,False,TREND_SUPPORT_NOT_CONFIRMED|CLOSE_NOT_NEAR_OR_BELOW_LOWER_BB|CLOSE_NOT_ABOVE_MA200|RSI_RECOVERY_NOT_CONFIRMED
2026-09-30T05:25:06.966067+00:00,SIE_OLD_MR_REGIME_EXHAUSTION_CONFIRM_V1,DOGE,DOGEUSDT,strategy-lab-v1.0.0:SIE_OLD_MR_REGIME_EXHAUSTION_CONFIRM_V1,1790737200000,2026-09-30T03:00:00+00:00,0.09392,0.09396,0.09305,0.09334,28.74354561101552,0.09435550000000001,0.0925870376735701,0.09641440000000001,0.0009778571428571434,0.010476292509718698,31.39097744360909,1.25,False,TREND_SUPPORT_NOT_CONFIRMED|CLOSE_NOT_NEAR_OR_BELOW_LOWER_BB|CLOSE_NOT_ABOVE_MA200|RSI_RECOVERY_NOT_CONFIRMED
2026-09-30T05:25:06.966067+00:00,SIE_OLD_MR_REGIME_EXHAUSTION_CONFIRM_V1,DOGE,DOGEUSDT,strategy-lab-v1.0.0:SIE_OLD_MR_REGIME_EXHAUSTION_CONFIRM_V1,1790740800000,2026-09-30T04:00:00+00:00,0.09334,0.09391,0.09331,0.09332,30.253623188405825,0.09427500000000001,0.09247222990927799,0.09638035,0.000954285714285714,0.010225950646010652,28.74354561101552,1.2500000000000073,False,TREND_SUPPORT_NOT_CONFIRMED|CLOSE_NOT_NEAR_OR_BELOW_LOWER_BB|CLOSE_NOT_ABOVE_MA200|RSI_RECOVERY_NOT_CONFIRMED
2026-09-30T05:25:06.966067+00:00,SIE_OLD_MR_REGIME_EXHAUSTION_CONFIRM_V1,DOGE,DOGEUSDT,strategy-lab-v1.0.0:SIE_OLD_MR_REGIME_EXHAUSTION_CONFIRM_V1,1790744400000,2026-09-30T05:00:00+00:00,0.09334,0.09369,0.09328,0.09352,47.704081632653086,0.09417400000000001,0.09244104414366612,0.09635185,0.0008221428571428566,0.00879109128681412,30.253623188405825,1.2500000000000084,False,TREND_SUPPORT_NOT_CONFIRMED|RSI_NOT_BELOW_32|CLOSE_NOT_NEAR_OR_BELOW_LOWER_BB|CLOSE_NOT_ABOVE_MA200
2026-09-30T05:25:06.966067+00:00,SIE_OLD_MR_REGIME_EXHAUSTION_CONFIRM_V1,BNB,BNBUSDT,strategy-lab-v1.0.0:SIE_OLD_MR_REGIME_EXHAUSTION_CONFIRM_V1,1790722800000,2026-09-29T23:00:00+00:00,758.75,761.23,755.88,758.58,39.209726443769114,760.117,750.6579385243548,774.9583,4.152142857142873,0.00547357280332051,41.08671380722006,1.2499999999999931,False,TREND_SUPPORT_NOT_CONFIRMED|PLANNED_REWARD_TOO_LOW|RSI_NOT_BELOW_32|CLOSE_NOT_NEAR_OR_BELOW_LOWER_BB|CLOSE_NOT_ABOVE_MA200|RSI_RECOVERY_NOT_CONFIRMED
2026-09-30T05:25:06.966067+00:00,SIE_OLD_MR_REGIME_EXHAUSTION_CONFIRM_V1,BNB,BNBUSDT,strategy-lab-v1.0.0:SIE_OLD_MR_REGIME_EXHAUSTION_CONFIRM_V1,1790726400000,2026-09-30T00:00:00+00:00,758.63,760.24,756.94,759.26,41.014168530946975,760.2375,750.8872061543482,774.7656999999999,4.233571428571444,0.0055759179050278475,39.209726443769114,1.25,False,TREND_SUPPORT_NOT_CONFIRMED|RSI_NOT_BELOW_32|CLOSE_NOT_NEAR_OR_BELOW_LOWER_BB|CLOSE_NOT_ABOVE_MA200
2026-09-30T05:25:06.966067+00:00,SIE_OLD_MR_REGIME_EXHAUSTION_CONFIRM_V1,BNB,BNBUSDT,strategy-lab-v1.0.0:SIE_OLD_MR_REGIME_EXHAUSTION_CONFIRM_V1,1790730000000,2026-09-30T01:00:00+00:00,758.93,761.42,758.65,759.92,37.321711568938014,760.26,750.9150377207806,774.58575,4.145714285714299,0.005455461477147989,41.014168530946975,1.25,False,TREND_SUPPORT_NOT_CONFIRMED|RSI_NOT_BELOW_32|CLOSE_NOT_NEAR_OR_BELOW_LOWER_BB|CLOSE_NOT_ABOVE_MA200|RSI_RECOVERY_NOT_CONFIRMED
2026-09-30T05:25:06.966067+00:00,SIE_OLD_MR_REGIME_EXHAUSTION_CONFIRM_V1,BNB,BNBUSDT,strategy-lab-v1.0.0:SIE_OLD_MR_REGIME_EXHAUSTION_CONFIRM_V1,1790733600000,2026-09-30T02:00:00+00:00,759.75,763.21,759.64,762.24,43.59450427033042,760.0719999999999,751.05083023106,774.39185,4.192857142857163,0.005500704689936454,37.321711568938014,1.2499999999999931,False,TREND_SUPPORT_NOT_CONFIRMED|PLANNED_REWARD_TOO_LOW|RSI_NOT_BELOW_32|CLOSE_NOT_NEAR_OR_BELOW_LOWER_BB|CLOSE_NOT_ABOVE_MA200
2026-09-30T05:25:06.966067+00:00,SIE_OLD_MR_REGIME_EXHAUSTION_CONFIRM_V1,BNB,BNBUSDT,strategy-lab-v1.0.0:SIE_OLD_MR_REGIME_EXHAUSTION_CONFIRM_V1,1790737200000,2026-09-30T03:00:00+00:00,761.88,762.29,758.23,760.48,41.73480270174195,759.8095000000001,751.1644679584149,774.1940000000001,4.232857142857158,0.005566033482612505,43.59450427033042,1.2499999999999933,False,TREND_SUPPORT_NOT_CONFIRMED|PLANNED_REWARD_TOO_LOW|RSI_NOT_BELOW_32|CLOSE_NOT_NEAR_OR_BELOW_LOWER_BB|CLOSE_NOT_ABOVE_MA200|RSI_RECOVERY_NOT_CONFIRMED
2026-09-30T05:25:06.966067+00:00,SIE_OLD_MR_REGIME_EXHAUSTION_CONFIRM_V1,BNB,BNBUSDT,strategy-lab-v1.0.0:SIE_OLD_MR_REGIME_EXHAUSTION_CONFIRM_V1,1790740800000,2026-09-30T04:00:00+00:00,760.45,763.88,760.37,761.88,46.71169569854244,759.7265,751.1951993371447,773.9793000000001,4.18214285714287,0.0054892409003292775,41.73480270174195,1.2500000000000069,False,TREND_SUPPORT_NOT_CONFIRMED|RSI_NOT_BELOW_32|CLOSE_NOT_NEAR_OR_BELOW_LOWER_BB|CLOSE_NOT_ABOVE_MA200
2026-09-30T05:25:06.966067+00:00,SIE_OLD_MR_REGIME_EXHAUSTION_CONFIRM_V1,BNB,BNBUSDT,strategy-lab-v1.0.0:SIE_OLD_MR_REGIME_EXHAUSTION_CONFIRM_V1,1790744400000,2026-09-30T05:00:00+00:00,761.9,764.8,761.89,764.23,76.49382716049388,759.725,751.1968782841686,773.7770999999999,3.621428571428583,0.004738663192270106,46.71169569854244,1.25,False,TREND_SUPPORT_NOT_CONFIRMED|RSI_NOT_BELOW_32|CLOSE_NOT_NEAR_OR_BELOW_LOWER_BB|CLOSE_NOT_ABOVE_MA200
2026-09-30T05:25:06.966067+00:00,SIE_OLD_MR_REGIME_EXHAUSTION_CONFIRM_V1,PAXG,PAXGUSDT,strategy-lab-v1.0.0:SIE_OLD_MR_REGIME_EXHAUSTION_CONFIRM_V1,1790722800000,2026-09-29T23:00:00+00:00,4185.54,4192.18,4183.99,4191.64,68.23541068067007,4165.3724999999995,4134.61075305677,4262.7302500000005,11.785714285714155,0.002811719108920173,67.43193823648932,1.25,False,TREND_SUPPORT_NOT_CONFIRMED|RSI_NOT_BELOW_32|CLOSE_NOT_NEAR_OR_BELOW_LOWER_BB|CLOSE_NOT_ABOVE_MA200
2026-09-30T05:25:06.966067+00:00,SIE_OLD_MR_REGIME_EXHAUSTION_CONFIRM_V1,PAXG,PAXGUSDT,strategy-lab-v1.0.0:SIE_OLD_MR_REGIME_EXHAUSTION_CONFIRM_V1,1790726400000,2026-09-30T00:00:00+00:00,4191.87,4191.87,4182.93,4182.93,59.258519036674684,4167.638000000001,4138.769885686812,4261.9413,11.725714285714146,0.002803229861774915,68.23541068067007,1.2500000000000389,False,TREND_SUPPORT_NOT_CONFIRMED|RSI_NOT_BELOW_32|CLOSE_NOT_NEAR_OR_BELOW_LOWER_BB|CLOSE_NOT_ABOVE_MA200|RSI_RECOVERY_NOT_CONFIRMED
2026-09-30T05:25:06.966067+00:00,SIE_OLD_MR_REGIME_EXHAUSTION_CONFIRM_V1,PAXG,PAXGUSDT,strategy-lab-v1.0.0:SIE_OLD_MR_REGIME_EXHAUSTION_CONFIRM_V1,1790730000000,2026-09-30T01:00:00+00:00,4185.76,4186.27,4174.69,4178.57,57.46680879930215,4169.0824999999995,4141.074903262697,4261.1173499999995,11.806428571428503,0.0028254710514430785,59.258519036674684,1.25,False,TREND_SUPPORT_NOT_CONFIRMED|RSI_NOT_BELOW_32|CLOSE_NOT_NEAR_OR_BELOW_LOWER_BB|CLOSE_NOT_ABOVE_MA200|RSI_RECOVERY_NOT_CONFIRMED
2026-09-30T05:25:06.966067+00:00,SIE_OLD_MR_REGIME_EXHAUSTION_CONFIRM_V1,PAXG,PAXGUSDT,strategy-lab-v1.0.0:SIE_OLD_MR_REGIME_EXHAUSTION_CONFIRM_V1,1790733600000,2026-09-30T02:00:00+00:00,4178.57,4190.96,4178.57,4188.32,62.85272164573077,4170.958500000001,4143.074556753046,4260.3462,12.012857142857099,0.002868180354618821,57.46680879930215,1.2500000000000189,False,TREND_SUPPORT_NOT_CONFIRMED|RSI_NOT_BELOW_32|CLOSE_NOT_NEAR_OR_BELOW_LOWER_BB|CLOSE_NOT_ABOVE_MA200
2026-09-30T05:25:06.966067+00:00,SIE_OLD_MR_REGIME_EXHAUSTION_CONFIRM_V1,PAXG,PAXGUSDT,strategy-lab-v1.0.0:SIE_OLD_MR_REGIME_EXHAUSTION_CONFIRM_V1,1790737200000,2026-09-30T03:00:00+00:00,4188.32,4188.32,4179.42,4181.3,56.77361048350648,4172.3695,4145.406344046006,4259.54525,11.819285714285668,0.0028267011968253096,62.85272164573077,1.25,False,TREND_SUPPORT_NOT_CONFIRMED|RSI_NOT_BELOW_32|CLOSE_NOT_NEAR_OR_BELOW_LOWER_BB|CLOSE_NOT_ABOVE_MA200|RSI_RECOVERY_NOT_CONFIRMED
2026-09-30T05:25:06.966067+00:00,SIE_OLD_MR_REGIME_EXHAUSTION_CONFIRM_V1,PAXG,PAXGUSDT,strategy-lab-v1.0.0:SIE_OLD_MR_REGIME_EXHAUSTION_CONFIRM_V1,1790740800000,2026-09-30T04:00:00+00:00,4182.45,4190.5,4179.73,4188.27,55.77438742487316,4174.222,4148.252986464645,4258.7873,11.54571428571431,0.0027566786013591073,56.77361048350648,1.2500000000000393,False,TREND_SUPPORT_NOT_CONFIRMED|RSI_NOT_BELOW_32|CLOSE_NOT_NEAR_OR_BELOW_LOWER_BB|CLOSE_NOT_ABOVE_MA200|RSI_RECOVERY_NOT_CONFIRMED
2026-09-30T05:25:06.966067+00:00,SIE_OLD_MR_REGIME_EXHAUSTION_CONFIRM_V1,PAXG,PAXGUSDT,strategy-lab-v1.0.0:SIE_OLD_MR_REGIME_EXHAUSTION_CONFIRM_V1,1790744400000,2026-09-30T05:00:00+00:00,4188.02,4188.02,4172.97,4176.63,55.74861367837358,4175.312,4150.907348312269,4257.9667,11.279285714285768,0.0027005709661343637,55.77438742487316,1.2499999999999798,False,TREND_SUPPORT_NOT_CONFIRMED|PLANNED_REWARD_TOO_LOW|RSI_NOT_BELOW_32|CLOSE_NOT_NEAR_OR_BELOW_LOWER_BB|CLOSE_NOT_ABOVE_MA200|RSI_RECOVERY_NOT_CONFIRMED
2026-09-30T12:27:07.126878+00:00,SIE_OLD_MR_REGIME_EXHAUSTION_CONFIRM_V1,BTC,BTCUSDT,strategy-lab-v1.0.0:SIE_OLD_MR_REGIME_EXHAUSTION_CONFIRM_V1,1790748000000,2026-09-30T06:00:00+00:00,83351.59,83400.0,82923.96,83005.88,49.4520410480672,83504.992,82731.04627974247,84377.84469999999,313.99142857142994,0.0037827612763268086,59.4096596533084,1.249999999999977,False,TREND_SUPPORT_NOT_CONFIRMED|PLANNED_REWARD_TOO_LOW|RSI_NOT_BELOW_32|CLOSE_NOT_NEAR_OR_BELOW_LOWER_BB|CLOSE_NOT_ABOVE_MA200|RSI_RECOVERY_NOT_CONFIRMED
2026-09-30T12:27:07.126878+00:00,SIE_OLD_MR_REGIME_EXHAUSTION_CONFIRM_V1,BTC,BTCUSDT,strategy-lab-v1.0.0:SIE_OLD_MR_REGIME_EXHAUSTION_CONFIRM_V1,1790751600000,2026-09-30T07:00:00+00:00,83005.88,83434.32,82911.86,83259.85,54.98153766551467,83451.783,82769.49167063623,84361.16925,332.4757142857166,0.003993229801467533,49.4520410480672,1.249999999999978,False,TREND_SUPPORT_NOT_CONFIRMED|PLANNED_REWARD_TOO_LOW|RSI_NOT_BELOW_32|CLOSE_NOT_NEAR_OR_BELOW_LOWER_BB|CLOSE_NOT_ABOVE_MA200
2026-09-30T12:27:07.126878+00:00,SIE_OLD_MR_REGIME_EXHAUSTION_CONFIRM_V1,BTC,BTCUSDT,strategy-lab-v1.0.0:SIE_OLD_MR_REGIME_EXHAUSTION_CONFIRM_V1,1790755200000,2026-09-30T08:00:00+00:00,83259.84,83310.8,82974.25,83023.16,33.705781085133225,83387.74549999999,82804.10374095596,84346.90475,311.7764285714303,0.003755294649967916,54.98153766551467,1.25,False,TREND_SUPPORT_NOT_CONFIRMED|RSI_NOT_BELOW_32|CLOSE_NOT_NEAR_OR_BELOW_LOWER_BB|CLOSE_NOT_ABOVE_MA200|RSI_RECOVERY_NOT_CONFIRMED
2026-09-30T12:27:07.126878+00:00,SIE_OLD_MR_REGIME_EXHAUSTION_CONFIRM_V1,BTC,BTCUSDT,strategy-lab-v1.0.0:SIE_OLD_MR_REGIME_EXHAUSTION_CONFIRM_V1,1790758800000,2026-09-30T09:00:00+00:00,83023.15,83779.01,83008.44,83598.19,50.56642680516451,83357.977,82893.1296870412,84336.90235000002,345.25285714285775,0.004129908280823517,33.705781085133225,1.250000000000021,False,TREND_SUPPORT_NOT_CONFIRMED|RSI_NOT_BELOW_32|CLOSE_NOT_NEAR_OR_BELOW_LOWER_BB|CLOSE_NOT_ABOVE_MA200
2026-09-30T12:27:07.126878+00:00,SIE_OLD_MR_REGIME_EXHAUSTION_CONFIRM_V1,BTC,BTCUSDT,strategy-lab-v1.0.0:SIE_OLD_MR_REGIME_EXHAUSTION_CONFIRM_V1,1790762400000,2026-09-30T10:00:00+00:00,83598.19,83930.98,83598.18,83883.37,55.75666144650755,83366.2745,82871.12266754857,84327.8192,356.8007142857147,0.004253533379568736,50.56642680516451,1.2499999999999898,False,TREND_SUPPORT_NOT_CONFIRMED|PLANNED_REWARD_TOO_LOW|RSI_NOT_BELOW_32|CLOSE_NOT_NEAR_OR_BELOW_LOWER_BB|CLOSE_NOT_ABOVE_MA200
2026-09-30T12:27:07.126878+00:00,SIE_OLD_MR_REGIME_EXHAUSTION_CONFIRM_V1,BTC,BTCUSDT,strategy-lab-v1.0.0:SIE_OLD_MR_REGIME_EXHAUSTION_CONFIRM_V1,1790766000000,2026-09-30T11:00:00+00:00,83883.36,83954.31,83654.46,83879.17,58.08108808806807,83407.4835,82886.31619360791,84318.87585000001,358.2964285714282,0.004271578135208398,55.75666144650755,1.2499999999999798,False,TREND_SUPPORT_NOT_CONFIRMED|PLANNED_REWARD_TOO_LOW|RSI_NOT_BELOW_32|CLOSE_NOT_NEAR_OR_BELOW_LOWER_BB|CLOSE_NOT_ABOVE_MA200|RSI_RECOVERY_NOT_CONFIRMED
2026-09-30T12:27:07.126878+00:00,SIE_OLD_MR_REGIME_EXHAUSTION_CONFIRM_V1,BTC,BTCUSDT,strategy-lab-v1.0.0:SIE_OLD_MR_REGIME_EXHAUSTION_CONFIRM_V1,1790769600000,2026-09-30T12:00:00+00:00,83879.17,83920.31,83716.43,83836.49,55.19058291370839,83447.97649999999,82925.62023577798,84310.8605,357.3700000000005,0.004262702314946636,58.08108808806807,1.25,False,TREND_SUPPORT_NOT_CONFIRMED|RSI_NOT_BELOW_32|CLOSE_NOT_NEAR_OR_BELOW_LOWER_BB|CLOSE_NOT_ABOVE_MA200|RSI_RECOVERY_NOT_CONFIRMED
2026-09-30T12:27:07.126878+00:00,SIE_OLD_MR_REGIME_EXHAUSTION_CONFIRM_V1,SOL,SOLUSDT,strategy-lab-v1.0.0:SIE_OLD_MR_REGIME_EXHAUSTION_CONFIRM_V1,1790748000000,2026-09-30T06:00:00+00:00,119.02,119.19,118.0,118.05,50.25641025641027,119.149,117.44762526173514,118.76795,0.9642857142857143,0.008168451624614268,58.33333333333334,1.2500000000000038,False,RSI_NOT_BELOW_32|CLOSE_NOT_NEAR_OR_BELOW_LOWER_BB|CLOSE_NOT_ABOVE_MA200|RSI_RECOVERY_NOT_CONFIRMED
2026-09-30T12:27:07.126878+00:00,SIE_OLD_MR_REGIME_EXHAUSTION_CONFIRM_V1,SOL,SOLUSDT,strategy-lab-v1.0.0:SIE_OLD_MR_REGIME_EXHAUSTION_CONFIRM_V1,1790751600000,2026-09-30T07:00:00+00:00,118.07,118.91,117.84,118.43,56.27118644067801,119.0645,117.39688523633131,118.76559999999999,0.9692857142857138,0.008184460983582822,50.25641025641027,1.25,False,RSI_NOT_BELOW_32|CLOSE_NOT_NEAR_OR_BELOW_LOWER_BB|CLOSE_NOT_ABOVE_MA200
2026-09-30T12:27:07.126878+00:00,SIE_OLD_MR_REGIME_EXHAUSTION_CONFIRM_V1,SOL,SOLUSDT,strategy-lab-v1.0.0:SIE_OLD_MR_REGIME_EXHAUSTION_CONFIRM_V1,1790755200000,2026-09-30T08:00:00+00:00,118.42,118.48,117.77,118.16,39.87341772151898,118.93100000000001,117.43104133390095,118.7648,0.904285714285714,0.007653061224489794,56.27118644067801,1.25,False,RSI_NOT_BELOW_32|CLOSE_NOT_NEAR_OR_BELOW_LOWER_BB|CLOSE_NOT_ABOVE_MA200|RSI_RECOVERY_NOT_CONFIRMED
2026-09-30T12:27:07.126878+00:00,SIE_OLD_MR_REGIME_EXHAUSTION_CONFIRM_V1,SOL,SOLUSDT,strategy-lab-v1.0.0:SIE_OLD_MR_REGIME_EXHAUSTION_CONFIRM_V1,1790758800000,2026-09-30T09:00:00+00:00,118.18,119.75,118.14,119.28,54.52898550724635,118.846,117.66039635627855,118.7734,0.9457142857142854,0.007928523522084887,39.87341772151898,1.2500000000000038,False,RSI_NOT_BELOW_32|CLOSE_NOT_NEAR_OR_BELOW_LOWER_BB
2026-09-30T12:27:07.126878+00:00,SIE_OLD_MR_REGIME_EXHAUSTION_CONFIRM_V1,SOL,SOLUSDT,strategy-lab-v1.0.0:SIE_OLD_MR_REGIME_EXHAUSTION_CONFIRM_V1,1790762400000,2026-09-30T10:00:00+00:00,119.28,119.87,119.19,119.83,56.94682675814748,118.828,117.7159100755759,118.78810000000001,0.9478571428571426,0.007910015378929672,54.52898550724635,1.2499999999999925,False,PLANNED_REWARD_TOO_LOW|RSI_NOT_BELOW_32|CLOSE_NOT_NEAR_OR_BELOW_LOWER_BB
2026-09-30T12:27:07.126878+00:00,SIE_OLD_MR_REGIME_EXHAUSTION_CONFIRM_V1,SOL,SOLUSDT,strategy-lab-v1.0.0:SIE_OLD_MR_REGIME_EXHAUSTION_CONFIRM_V1,1790766000000,2026-09-30T11:00:00+00:00,119.8,119.82,119.17,119.46,54.60526315789459,118.8905,117.78387495057919,118.80149999999999,0.9464285714285704,0.007922556265097693,56.94682675814748,1.2499999999999962,False,PLANNED_REWARD_TOO_LOW|RSI_NOT_BELOW_32|CLOSE_NOT_NEAR_OR_BELOW_LOWER_BB|RSI_RECOVERY_NOT_CONFIRMED
2026-09-30T12:27:07.126878+00:00,SIE_OLD_MR_REGIME_EXHAUSTION_CONFIRM_V1,SOL,SOLUSDT,strategy-lab-v1.0.0:SIE_OLD_MR_REGIME_EXHAUSTION_CONFIRM_V1,1790769600000,2026-09-30T12:00:00+00:00,119.47,119.78,119.34,119.73,55.19480519480514,118.976,117.88752583861367,118.81825,0.9199999999999987,0.007683955566691712,54.60526315789459,1.2500000000000038,False,RSI_NOT_BELOW_32|CLOSE_NOT_NEAR_OR_BELOW_LOWER_BB
2026-09-30T12:27:07.126878+00:00,SIE_OLD_MR_REGIME_EXHAUSTION_CONFIRM_V1,XRP,XRPUSDT,strategy-lab-v1.0.0:SIE_OLD_MR_REGIME_EXHAUSTION_CONFIRM_V1,1790748000000,2026-09-30T06:00:00+00:00,1.5026,1.5063,1.4914,1.4924,54.55746367239094,1.504035,1.4643779060570532,1.528117,0.011285714285714264,0.007562124286862948,42.40246406570837,1.2499999999999951,False,TREND_SUPPORT_NOT_CONFIRMED|PLANNED_REWARD_TOO_LOW|RSI_NOT_BELOW_32|CLOSE_NOT_NEAR_OR_BELOW_LOWER_BB|CLOSE_NOT_ABOVE_MA200|RSI_RECOVERY_NOT_CONFIRMED
2026-09-30T12:27:07.126878+00:00,SIE_OLD_MR_REGIME_EXHAUSTION_CONFIRM_V1,XRP,XRPUSDT,strategy-lab-v1.0.0:SIE_OLD_MR_REGIME_EXHAUSTION_CONFIRM_V1,1790751600000,2026-09-30T07:00:00+00:00,1.4922,1.5037,1.4889,1.4998,61.25786163522009,1.5031750000000001,1.4639360461403506,1.5279365,0.011328571428571419,0.007553388070790384,54.55746367239094,1.2499999999999902,False,TREND_SUPPORT_NOT_CONFIRMED|PLANNED_REWARD_TOO_LOW|RSI_NOT_BELOW_32|CLOSE_NOT_NEAR_OR_BELOW_LOWER_BB|CLOSE_NOT_ABOVE_MA200
2026-09-30T12:27:07.126878+00:00,SIE_OLD_MR_REGIME_EXHAUSTION_CONFIRM_V1,XRP,XRPUSDT,strategy-lab-v1.0.0:SIE_OLD_MR_REGIME_EXHAUSTION_CONFIRM_V1,1790755200000,2026-09-30T08:00:00+00:00,1.4995,1.5009,1.4915,1.4967,47.926267281105886,1.5006599999999999,1.4669160583215333,1.5278134999999997,0.01060714285714283,0.007087020015462572,61.25786163522009,1.2500000000000104,False,TREND_SUPPORT_NOT_CONFIRMED|RSI_NOT_BELOW_32|CLOSE_NOT_NEAR_OR_BELOW_LOWER_BB|CLOSE_NOT_ABOVE_MA200|RSI_RECOVERY_NOT_CONFIRMED
2026-09-30T12:27:07.126878+00:00,SIE_OLD_MR_REGIME_EXHAUSTION_CONFIRM_V1,XRP,XRPUSDT,strategy-lab-v1.0.0:SIE_OLD_MR_REGIME_EXHAUSTION_CONFIRM_V1,1790758800000,2026-09-30T09:00:00+00:00,1.4969,1.5153,1.4961,1.5097,61.73184357541905,1.4987249999999999,1.4725677925802507,1.5278035,0.01108571428571427,0.007342991512031708,47.926267281105886,1.250000000000005,False,TREND_SUPPORT_NOT_CONFIRMED|RSI_NOT_BELOW_32|CLOSE_NOT_NEAR_OR_BELOW_LOWER_BB|CLOSE_NOT_ABOVE_MA200
2026-09-30T12:27:07.126878+00:00,SIE_OLD_MR_REGIME_EXHAUSTION_CONFIRM_V1,XRP,XRPUSDT,strategy-lab-v1.0.0:SIE_OLD_MR_REGIME_EXHAUSTION_CONFIRM_V1,1790762400000,2026-09-30T10:00:00+00:00,1.5097,1.515,1.5062,1.512,61.24469589816123,1.4970700000000001,1.4803858638221874,1.5277885,0.010914285714285701,0.0072184429327286385,61.73184357541905,1.25,False,TREND_SUPPORT_NOT_CONFIRMED|RSI_NOT_BELOW_32|CLOSE_NOT_NEAR_OR_BELOW_LOWER_BB|CLOSE_NOT_ABOVE_MA200|RSI_RECOVERY_NOT_CONFIRMED
2026-09-30T12:27:07.126878+00:00,SIE_OLD_MR_REGIME_EXHAUSTION_CONFIRM_V1,XRP,XRPUSDT,strategy-lab-v1.0.0:SIE_OLD_MR_REGIME_EXHAUSTION_CONFIRM_V1,1790766000000,2026-09-30T11:00:00+00:00,1.5122,1.5197,1.5064,1.5153,63.83561643835609,1.496955,1.4808156722568813,1.5277875,0.011214285714285717,0.007400703302504927,61.24469589816123,1.2500000000000049,False,TREND_SUPPORT_NOT_CONFIRMED|RSI_NOT_BELOW_32|CLOSE_NOT_NEAR_OR_BELOW_LOWER_BB|CLOSE_NOT_ABOVE_MA200
2026-09-30T12:27:07.126878+00:00,SIE_OLD_MR_REGIME_EXHAUSTION_CONFIRM_V1,XRP,XRPUSDT,strategy-lab-v1.0.0:SIE_OLD_MR_REGIME_EXHAUSTION_CONFIRM_V1,1790769600000,2026-09-30T12:00:00+00:00,1.5151,1.5161,1.5061,1.5096,60.59817945383608,1.49816,1.4820229122825774,1.5277755,0.011357142857142859,0.007523279582103112,63.83561643835609,1.2499999999999902,False,TREND_SUPPORT_NOT_CONFIRMED|PLANNED_REWARD_TOO_LOW|RSI_NOT_BELOW_32|CLOSE_NOT_NEAR_OR_BELOW_LOWER_BB|CLOSE_NOT_ABOVE_MA200|RSI_RECOVERY_NOT_CONFIRMED
2026-09-30T12:27:07.126878+00:00,SIE_OLD_MR_REGIME_EXHAUSTION_CONFIRM_V1,DOGE,DOGEUSDT,strategy-lab-v1.0.0:SIE_OLD_MR_REGIME_EXHAUSTION_CONFIRM_V1,1790748000000,2026-09-30T06:00:00+00:00,0.09388,0.09409,0.09284,0.09293,45.9677419354839,0.094092,0.09233638500803797,0.09631695000000001,0.0008371428571428557,0.009008316551628707,52.65588914549646,1.2500000000000042,False,TREND_SUPPORT_NOT_CONFIRMED|RSI_NOT_BELOW_32|CLOSE_NOT_NEAR_OR_BELOW_LOWER_BB|CLOSE_NOT_ABOVE_MA200|RSI_RECOVERY_NOT_CONFIRMED
2026-09-30T12:27:07.126878+00:00,SIE_OLD_MR_REGIME_EXHAUSTION_CONFIRM_V1,DOGE,DOGEUSDT,strategy-lab-v1.0.0:SIE_OLD_MR_REGIME_EXHAUSTION_CONFIRM_V1,1790751600000,2026-09-30T07:00:00+00:00,0.09296,0.09407,0.09288,0.09373,54.41696113074206,0.093993,0.09239750509245506,0.0962866,0.0008557142857142851,0.009129566688512591,45.9677419354839,1.250000000000004,False,TREND_SUPPORT_NOT_CONFIRMED|RSI_NOT_BELOW_32|CLOSE_NOT_NEAR_OR_BELOW_LOWER_BB|CLOSE_NOT_ABOVE_MA200
2026-09-30T12:27:07.126878+00:00,SIE_OLD_MR_REGIME_EXHAUSTION_CONFIRM_V1,DOGE,DOGEUSDT,strategy-lab-v1.0.0:SIE_OLD_MR_REGIME_EXHAUSTION_CONFIRM_V1,1790755200000,2026-09-30T08:00:00+00:00,0.09371,0.09378,0.09326,0.09354,44.04040404040394,0.09387500000000001,0.0925320107967665,0.09625719999999999,0.0008114285714285711,0.00867466935459238,54.41696113074206,1.25,False,TREND_SUPPORT_NOT_CONFIRMED|RSI_NOT_BELOW_32|CLOSE_NOT_NEAR_OR_BELOW_LOWER_BB|CLOSE_NOT_ABOVE_MA200|RSI_RECOVERY_NOT_CONFIRMED
2026-09-30T12:27:07.126878+00:00,SIE_OLD_MR_REGIME_EXHAUSTION_CONFIRM_V1,DOGE,DOGEUSDT,strategy-lab-v1.0.0:SIE_OLD_MR_REGIME_EXHAUSTION_CONFIRM_V1,1790758800000,2026-09-30T09:00:00+00:00,0.09355,0.09467,0.09352,0.0942,55.57729941291587,0.0937945,0.09276981517040517,0.09622925,0.0008314285714285713,0.008826205641492264,44.04040404040394,1.2500000000000084,False,TREND_SUPPORT_NOT_CONFIRMED|RSI_NOT_BELOW_32|CLOSE_NOT_NEAR_OR_BELOW_LOWER_BB|CLOSE_NOT_ABOVE_MA200
2026-09-30T12:27:07.126878+00:00,SIE_OLD_MR_REGIME_EXHAUSTION_CONFIRM_V1,DOGE,DOGEUSDT,strategy-lab-v1.0.0:SIE_OLD_MR_REGIME_EXHAUSTION_CONFIRM_V1,1790762400000,2026-09-30T10:00:00+00:00,0.09422,0.09541,0.09417,0.09533,61.39455782312923,0.09378600000000001,0.0928167239815193,0.09621154999999999,0.0008599999999999997,0.009021294450854922,55.57729941291587,1.250000000000008,False,TREND_SUPPORT_NOT_CONFIRMED|RSI_NOT_BELOW_32|CLOSE_NOT_NEAR_OR_BELOW_LOWER_BB|CLOSE_NOT_ABOVE_MA200
2026-09-30T12:27:07.126878+00:00,SIE_OLD_MR_REGIME_EXHAUSTION_CONFIRM_V1,DOGE,DOGEUSDT,strategy-lab-v1.0.0:SIE_OLD_MR_REGIME_EXHAUSTION_CONFIRM_V1,1790766000000,2026-09-30T11:00:00+00:00,0.09531,0.09658,0.09491,0.09577,63.563402889245594,0.0938895,0.09259241904647328,0.096181,0.0009421428571428576,0.009837557242798974,61.39455782312923,1.2500000000000073,False,TREND_SUPPORT_NOT_CONFIRMED|RSI_NOT_BELOW_32|CLOSE_NOT_NEAR_OR_BELOW_LOWER_BB|CLOSE_NOT_ABOVE_MA200
2026-09-30T12:27:07.126878+00:00,SIE_OLD_MR_REGIME_EXHAUSTION_CONFIRM_V1,DOGE,DOGEUSDT,strategy-lab-v1.0.0:SIE_OLD_MR_REGIME_EXHAUSTION_CONFIRM_V1,1790769600000,2026-09-30T12:00:00+00:00,0.09576,0.09598,0.09549,0.0957,63.76811594202891,0.09400800000000001,0.09251829398873408,0.09615975,0.0009257142857142847,0.009673085535154492,63.563402889245594,1.2499999999999925,False,TREND_SUPPORT_NOT_CONFIRMED|PLANNED_REWARD_TOO_LOW|RSI_NOT_BELOW_32|CLOSE_NOT_NEAR_OR_BELOW_LOWER_BB|CLOSE_NOT_ABOVE_MA200|RSI_RECOVERY_NOT_CONFIRMED
2026-09-30T12:27:07.126878+00:00,SIE_OLD_MR_REGIME_EXHAUSTION_CONFIRM_V1,BNB,BNBUSDT,strategy-lab-v1.0.0:SIE_OLD_MR_REGIME_EXHAUSTION_CONFIRM_V1,1790748000000,2026-09-30T06:00:00+00:00,763.86,764.12,756.36,756.92,56.11090842758099,759.365,751.0032358320722,773.5574,3.834285714285727,0.005065641962539934,76.4473033151906,1.2499999999999927,False,TREND_SUPPORT_NOT_CONFIRMED|PLANNED_REWARD_TOO_LOW|RSI_NOT_BELOW_32|CLOSE_NOT_NEAR_OR_BELOW_LOWER_BB|CLOSE_NOT_ABOVE_MA200|RSI_RECOVERY_NOT_CONFIRMED
2026-09-30T12:27:07.126878+00:00,SIE_OLD_MR_REGIME_EXHAUSTION_CONFIRM_V1,BNB,BNBUSDT,strategy-lab-v1.0.0:SIE_OLD_MR_REGIME_EXHAUSTION_CONFIRM_V1,1790751600000,2026-09-30T07:00:00+00:00,756.72,760.32,756.0,759.09,61.97033898305098,759.0035,751.2745226420282,773.3566999999999,3.8685714285714425,0.005096327745815967,56.11090842758099,1.2499999999999853,False,TREND_SUPPORT_NOT_CONFIRMED|PLANNED_REWARD_TOO_LOW|RSI_NOT_BELOW_32|CLOSE_NOT_NEAR_OR_BELOW_LOWER_BB|CLOSE_NOT_ABOVE_MA200
2026-09-30T12:27:07.126878+00:00,SIE_OLD_MR_REGIME_EXHAUSTION_CONFIRM_V1,BNB,BNBUSDT,strategy-lab-v1.0.0:SIE_OLD_MR_REGIME_EXHAUSTION_CONFIRM_V1,1790755200000,2026-09-30T08:00:00+00:00,758.88,759.97,757.29,759.54,58.060747663551396,758.696,751.5914538498198,773.1829500000001,3.746428571428583,0.004932496736746693,61.97033898305098,1.25,False,TREND_SUPPORT_NOT_CONFIRMED|RSI_NOT_BELOW_32|CLOSE_NOT_NEAR_OR_BELOW_LOWER_BB|CLOSE_NOT_ABOVE_MA200|RSI_RECOVERY_NOT_CONFIRMED
2026-09-30T12:27:07.126878+00:00,SIE_OLD_MR_REGIME_EXHAUSTION_CONFIRM_V1,BNB,BNBUSDT,strategy-lab-v1.0.0:SIE_OLD_MR_REGIME_EXHAUSTION_CONFIRM_V1,1790758800000,2026-09-30T09:00:00+00:00,759.86,765.71,759.86,764.68,65.95394736842096,758.6735,751.6481935298137,773.06065,3.9850000000000136,0.00521133022963856,58.060747663551396,1.250000000000007,False,TREND_SUPPORT_NOT_CONFIRMED|RSI_NOT_BELOW_32|CLOSE_NOT_NEAR_OR_BELOW_LOWER_BB|CLOSE_NOT_ABOVE_MA200
2026-09-30T12:27:07.126878+00:00,SIE_OLD_MR_REGIME_EXHAUSTION_CONFIRM_V1,BNB,BNBUSDT,strategy-lab-v1.0.0:SIE_OLD_MR_REGIME_EXHAUSTION_CONFIRM_V1,1790762400000,2026-09-30T10:00:00+00:00,764.96,770.28,764.65,770.28,68.80650994575045,759.001,750.5894343906713,772.95875,4.123571428571438,0.005353340900155058,65.95394736842096,1.2499999999999931,False,TREND_SUPPORT_NOT_CONFIRMED|PLANNED_REWARD_TOO_LOW|RSI_NOT_BELOW_32|CLOSE_NOT_NEAR_OR_BELOW_LOWER_BB|CLOSE_NOT_ABOVE_MA200
2026-09-30T12:27:07.126878+00:00,SIE_OLD_MR_REGIME_EXHAUSTION_CONFIRM_V1,BNB,BNBUSDT,strategy-lab-v1.0.0:SIE_OLD_MR_REGIME_EXHAUSTION_CONFIRM_V1,1790766000000,2026-09-30T11:00:00+00:00,770.56,770.56,767.39,770.37,71.35740971357406,759.8444999999999,750.4792931683255,772.8631,4.1635714285714345,0.005404638587394933,68.80650994575045,1.2500000000000135,False,TREND_SUPPORT_NOT_CONFIRMED|RSI_NOT_BELOW_32|CLOSE_NOT_NEAR_OR_BELOW_LOWER_BB|CLOSE_NOT_ABOVE_MA200
2026-09-30T12:27:07.126878+00:00,SIE_OLD_MR_REGIME_EXHAUSTION_CONFIRM_V1,BNB,BNBUSDT,strategy-lab-v1.0.0:SIE_OLD_MR_REGIME_EXHAUSTION_CONFIRM_V1,1790769600000,2026-09-30T12:00:00+00:00,770.1,770.1,767.46,768.41,65.10318949343329,760.5865,750.9789752927697,772.76875,4.172857142857148,0.005430508638431499,71.35740971357406,1.2499999999999931,False,TREND_SUPPORT_NOT_CONFIRMED|PLANNED_REWARD_TOO_LOW|RSI_NOT_BELOW_32|CLOSE_NOT_NEAR_OR_BELOW_LOWER_BB|CLOSE_NOT_ABOVE_MA200|RSI_RECOVERY_NOT_CONFIRMED
2026-09-30T12:27:07.126878+00:00,SIE_OLD_MR_REGIME_EXHAUSTION_CONFIRM_V1,PAXG,PAXGUSDT,strategy-lab-v1.0.0:SIE_OLD_MR_REGIME_EXHAUSTION_CONFIRM_V1,1790748000000,2026-09-30T06:00:00+00:00,4183.28,4198.62,4183.28,4196.08,71.4456273007657,4177.294,4151.619300858638,4257.19505,11.397857142857188,0.002716310733555411,60.175578611333,1.24999999999998,False,TREND_SUPPORT_NOT_CONFIRMED|PLANNED_REWARD_TOO_LOW|RSI_NOT_BELOW_32|CLOSE_NOT_NEAR_OR_BELOW_LOWER_BB|CLOSE_NOT_ABOVE_MA200
2026-09-30T12:27:07.126878+00:00,SIE_OLD_MR_REGIME_EXHAUSTION_CONFIRM_V1,PAXG,PAXGUSDT,strategy-lab-v1.0.0:SIE_OLD_MR_REGIME_EXHAUSTION_CONFIRM_V1,1790751600000,2026-09-30T07:00:00+00:00,4197.14,4205.79,4197.02,4198.86,73.61823924200522,4179.079,4152.630753252824,4256.36755,11.70357142857152,0.0027873211844575718,71.4456273007657,1.2499999999999807,False,TREND_SUPPORT_NOT_CONFIRMED|PLANNED_REWARD_TOO_LOW|RSI_NOT_BELOW_32|CLOSE_NOT_NEAR_OR_BELOW_LOWER_BB|CLOSE_NOT_ABOVE_MA200
2026-09-30T12:27:07.126878+00:00,SIE_OLD_MR_REGIME_EXHAUSTION_CONFIRM_V1,PAXG,PAXGUSDT,strategy-lab-v1.0.0:SIE_OLD_MR_REGIME_EXHAUSTION_CONFIRM_V1,1790755200000,2026-09-30T08:00:00+00:00,4199.17,4206.63,4195.16,4195.16,61.515113190843486,4180.8330000000005,4155.011865168249,4255.564200000001,10.45142857142868,0.0024913063080856702,73.61823924200522,1.25,False,TREND_SUPPORT_NOT_CONFIRMED|RSI_NOT_BELOW_32|CLOSE_NOT_NEAR_OR_BELOW_LOWER_BB|CLOSE_NOT_ABOVE_MA200|RSI_RECOVERY_NOT_CONFIRMED
2026-09-30T12:27:07.126878+00:00,SIE_OLD_MR_REGIME_EXHAUSTION_CONFIRM_V1,PAXG,PAXGUSDT,strategy-lab-v1.0.0:SIE_OLD_MR_REGIME_EXHAUSTION_CONFIRM_V1,1790758800000,2026-09-30T09:00:00+00:00,4196.69,4198.03,4188.63,4194.56,58.12415654520921,4182.2455,4156.667130642289,4254.8097,10.547142857142912,0.0025144813418196215,61.515113190843486,1.2500000000000215,False,TREND_SUPPORT_NOT_CONFIRMED|RSI_NOT_BELOW_32|CLOSE_NOT_NEAR_OR_BELOW_LOWER_BB|CLOSE_NOT_ABOVE_MA200|RSI_RECOVERY_NOT_CONFIRMED
2026-09-30T12:27:07.126878+00:00,SIE_OLD_MR_REGIME_EXHAUSTION_CONFIRM_V1,PAXG,PAXGUSDT,strategy-lab-v1.0.0:SIE_OLD_MR_REGIME_EXHAUSTION_CONFIRM_V1,1790762400000,2026-09-30T10:00:00+00:00,4194.39,4195.03,4187.05,4189.91,50.968805826576784,4182.951999999999,4157.346438416634,4254.062849999999,10.28571428571435,0.002454877141922941,58.12415654520921,1.2499999999999778,False,TREND_SUPPORT_NOT_CONFIRMED|PLANNED_REWARD_TOO_LOW|RSI_NOT_BELOW_32|CLOSE_NOT_NEAR_OR_BELOW_LOWER_BB|CLOSE_NOT_ABOVE_MA200|RSI_RECOVERY_NOT_CONFIRMED
2026-09-30T12:27:07.126878+00:00,SIE_OLD_MR_REGIME_EXHAUSTION_CONFIRM_V1,PAXG,PAXGUSDT,strategy-lab-v1.0.0:SIE_OLD_MR_REGIME_EXHAUSTION_CONFIRM_V1,1790766000000,2026-09-30T11:00:00+00:00,4189.91,4196.41,4182.66,4189.82,51.845121610287514,4184.2335,4159.982578965954,4253.30915,10.779285714285768,0.0025727324119617953,50.968805826576784,1.249999999999979,False,TREND_SUPPORT_NOT_CONFIRMED|PLANNED_REWARD_TOO_LOW|RSI_NOT_BELOW_32|CLOSE_NOT_NEAR_OR_BELOW_LOWER_BB|CLOSE_NOT_ABOVE_MA200|RSI_RECOVERY_NOT_CONFIRMED
2026-09-30T12:27:07.126878+00:00,SIE_OLD_MR_REGIME_EXHAUSTION_CONFIRM_V1,PAXG,PAXGUSDT,strategy-lab-v1.0.0:SIE_OLD_MR_REGIME_EXHAUSTION_CONFIRM_V1,1790769600000,2026-09-30T12:00:00+00:00,4190.47,4195.67,4188.29,4194.58,56.05411197428333,4186.314,4166.396119189042,4252.58125,10.792857142857233,0.0025730483487875384,51.845121610287514,1.249999999999979,False,TREND_SUPPORT_NOT_CONFIRMED|PLANNED_REWARD_TOO_LOW|RSI_NOT_BELOW_32|CLOSE_NOT_NEAR_OR_BELOW_LOWER_BB|CLOSE_NOT_ABOVE_MA200
2026-09-30T19:09:29.766961+00:00,SIE_OLD_MR_REGIME_EXHAUSTION_CONFIRM_V1,BTC,BTCUSDT,strategy-lab-v1.0.0:SIE_OLD_MR_REGIME_EXHAUSTION_CONFIRM_V1,1790773200000,2026-09-30T13:00:00+00:00,85258.3,85613.72,83974.75,84608.12,61.08994094209036,83597.0705,82574.13590949075,84314.01665,569.6200000000006,0.006732450738770707,72.17528745522384,1.25,False,TREND_SUPPORT_NOT_CONFIRMED|RSI_NOT_BELOW_32|CLOSE_NOT_NEAR_OR_BELOW_LOWER_BB|RSI_RECOVERY_NOT_CONFIRMED
2026-09-30T19:09:29.766961+00:00,SIE_OLD_MR_REGIME_EXHAUSTION_CONFIRM_V1,BTC,BTCUSDT,strategy-lab-v1.0.0:SIE_OLD_MR_REGIME_EXHAUSTION_CONFIRM_V1,1790776800000,2026-09-30T14:00:00+00:00,84605.29,84612.25,83308.56,83754.46,53.35810608330847,83604.29449999999,82579.05921399959,84305.9928,634.6700000000003,0.007577745710497092,61.08994094209036,1.2499999999999942,False,TREND_SUPPORT_NOT_CONFIRMED|PLANNED_REWARD_TOO_LOW|RSI_NOT_BELOW_32|CLOSE_NOT_NEAR_OR_BELOW_LOWER_BB|CLOSE_NOT_ABOVE_MA200|RSI_RECOVERY_NOT_CONFIRMED
2026-09-30T19:09:29.766961+00:00,SIE_OLD_MR_REGIME_EXHAUSTION_CONFIRM_V1,BTC,BTCUSDT,strategy-lab-v1.0.0:SIE_OLD_MR_REGIME_EXHAUSTION_CONFIRM_V1,1790780400000,2026-09-30T15:00:00+00:00,83754.46,84265.96,83623.02,84084.66,56.38752614065325,83629.942,82583.79953005371,84299.71685000001,663.8771428571438,0.007895341942955394,53.35810608330847,1.2499999999999891,False,TREND_SUPPORT_NOT_CONFIRMED|PLANNED_REWARD_TOO_LOW|RSI_NOT_BELOW_32|CLOSE_NOT_NEAR_OR_BELOW_LOWER_BB|CLOSE_NOT_ABOVE_MA200
2026-09-30T19:09:29.766961+00:00,SIE_OLD_MR_REGIME_EXHAUSTION_CONFIRM_V1,BTC,BTCUSDT,strategy-lab-v1.0.0:SIE_OLD_MR_REGIME_EXHAUSTION_CONFIRM_V1,1790784000000,2026-09-30T16:00:00+00:00,84089.47,84446.21,84066.04,84309.87,58.762619961350204,83666.3015,82579.49899164244,84290.2722,666.4614285714312,0.00790490399963173,56.38752614065325,1.25,False,TREND_SUPPORT_NOT_CONFIRMED|RSI_NOT_BELOW_32|CLOSE_NOT_NEAR_OR_BELOW_LOWER_BB
2026-09-30T19:09:29.766961+00:00,SIE_OLD_MR_REGIME_EXHAUSTION_CONFIRM_V1,BTC,BTCUSDT,strategy-lab-v1.0.0:SIE_OLD_MR_REGIME_EXHAUSTION_CONFIRM_V1,1790787600000,2026-09-30T17:00:00+00:00,84309.86,84390.18,83860.96,83977.64,56.167109445997774,83691.4855,82600.34387833015,84278.96630000001,684.9221428571442,0.008156006085157241,58.762619961350204,1.2500000000000053,False,TREND_SUPPORT_NOT_CONFIRMED|RSI_NOT_BELOW_32|CLOSE_NOT_NEAR_OR_BELOW_LOWER_BB|CLOSE_NOT_ABOVE_MA200|RSI_RECOVERY_NOT_CONFIRMED
2026-09-30T19:09:29.766961+00:00,SIE_OLD_MR_REGIME_EXHAUSTION_CONFIRM_V1,BTC,BTCUSDT,strategy-lab-v1.0.0:SIE_OLD_MR_REGIME_EXHAUSTION_CONFIRM_V1,1790791200000,2026-09-30T18:00:00+00:00,83977.64,84045.0,83755.0,83911.91,56.45587473576645,83707.925,82613.90590253357,84269.20315,689.6357142857149,0.008218567713280688,56.167109445997774,1.25,False,TREND_SUPPORT_NOT_CONFIRMED|RSI_NOT_BELOW_32|CLOSE_NOT_NEAR_OR_BELOW_LOWER_BB|CLOSE_NOT_ABOVE_MA200|RSI_RECOVERY_NOT_CONFIRMED
2026-09-30T19:09:29.766961+00:00,SIE_OLD_MR_REGIME_EXHAUSTION_CONFIRM_V1,BTC,BTCUSDT,strategy-lab-v1.0.0:SIE_OLD_MR_REGIME_EXHAUSTION_CONFIRM_V1,1790794800000,2026-09-30T19:00:00+00:00,83911.91,83932.08,83825.31,83827.14,54.22946457317588,83717.361,82622.64739020186,84258.4935,673.3228571428574,0.008032277579109312,56.45587473576645,1.2500000000000109,False,TREND_SUPPORT_NOT_CONFIRMED|RSI_NOT_BELOW_32|CLOSE_NOT_NEAR_OR_BELOW_LOWER_BB|CLOSE_NOT_ABOVE_MA200|RSI_RECOVERY_NOT_CONFIRMED
2026-09-30T19:09:29.766961+00:00,SIE_OLD_MR_REGIME_EXHAUSTION_CONFIRM_V1,SOL,SOLUSDT,strategy-lab-v1.0.0:SIE_OLD_MR_REGIME_EXHAUSTION_CONFIRM_V1,1790773200000,2026-09-30T13:00:00+00:00,121.87,122.79,119.82,121.01,60.37321624588359,119.2485,117.53554611854094,118.84989999999999,1.2642857142857136,0.01044777881402953,66.70687575392023,1.2500000000000029,False,RSI_NOT_BELOW_32|CLOSE_NOT_NEAR_OR_BELOW_LOWER_BB|RSI_RECOVERY_NOT_CONFIRMED
2026-09-30T19:09:29.766961+00:00,SIE_OLD_MR_REGIME_EXHAUSTION_CONFIRM_V1,SOL,SOLUSDT,strategy-lab-v1.0.0:SIE_OLD_MR_REGIME_EXHAUSTION_CONFIRM_V1,1790776800000,2026-09-30T14:00:00+00:00,121.0,121.26,118.39,118.75,49.28315412186382,119.22999999999999,117.50395249196156,118.8611,1.4114285714285708,0.01188571428571428,60.37321624588359,1.2500000000000024,False,RSI_NOT_BELOW_32|CLOSE_NOT_NEAR_OR_BELOW_LOWER_BB|CLOSE_NOT_ABOVE_MA200|RSI_RECOVERY_NOT_CONFIRMED
2026-09-30T19:09:29.766961+00:00,SIE_OLD_MR_REGIME_EXHAUSTION_CONFIRM_V1,SOL,SOLUSDT,strategy-lab-v1.0.0:SIE_OLD_MR_REGIME_EXHAUSTION_CONFIRM_V1,1790780400000,2026-09-30T15:00:00+00:00,118.75,119.49,117.94,119.26,49.32855863921222,119.25399999999999,117.540344258608,118.87595000000002,1.461428571428571,0.01225413861670779,49.28315412186382,1.2499999999999951,False,PLANNED_REWARD_TOO_LOW|RSI_NOT_BELOW_32|CLOSE_NOT_NEAR_OR_BELOW_LOWER_BB
2026-09-30T19:09:29.766961+00:00,SIE_OLD_MR_REGIME_EXHAUSTION_CONFIRM_V1,SOL,SOLUSDT,strategy-lab-v1.0.0:SIE_OLD_MR_REGIME_EXHAUSTION_CONFIRM_V1,1790784000000,2026-09-30T16:00:00+00:00,119.27,120.39,119.14,120.27,52.59631490787265,119.31649999999999,117.55114139620139,118.88985000000001,1.4857142857142855,0.012353157775956478,49.32855863921222,1.2499999999999976,False,PLANNED_REWARD_TOO_LOW|RSI_NOT_BELOW_32|CLOSE_NOT_NEAR_OR_BELOW_LOWER_BB
2026-09-30T19:09:29.766961+00:00,SIE_OLD_MR_REGIME_EXHAUSTION_CONFIRM_V1,SOL,SOLUSDT,strategy-lab-v1.0.0:SIE_OLD_MR_REGIME_EXHAUSTION_CONFIRM_V1,1790787600000,2026-09-30T17:00:00+00:00,120.28,120.52,118.83,119.12,50.07974481658697,119.32750000000001,117.5699349229671,118.8983,1.537857142857142,0.012910150628417914,52.59631490787265,1.25,False,RSI_NOT_BELOW_32|CLOSE_NOT_NEAR_OR_BELOW_LOWER_BB|RSI_RECOVERY_NOT_CONFIRMED
2026-09-30T19:09:29.766961+00:00,SIE_OLD_MR_REGIME_EXHAUSTION_CONFIRM_V1,SOL,SOLUSDT,strategy-lab-v1.0.0:SIE_OLD_MR_REGIME_EXHAUSTION_CONFIRM_V1,1790791200000,2026-09-30T18:00:00+00:00,119.12,119.31,118.2,118.66,49.68354430379748,119.306,117.52695081574292,118.9074,1.548571428571428,0.013050492403265028,50.07974481658697,1.2500000000000047,False,RSI_NOT_BELOW_32|CLOSE_NOT_NEAR_OR_BELOW_LOWER_BB|CLOSE_NOT_ABOVE_MA200|RSI_RECOVERY_NOT_CONFIRMED
2026-09-30T19:09:29.766961+00:00,SIE_OLD_MR_REGIME_EXHAUSTION_CONFIRM_V1,SOL,SOLUSDT,strategy-lab-v1.0.0:SIE_OLD_MR_REGIME_EXHAUSTION_CONFIRM_V1,1790794800000,2026-09-30T19:00:00+00:00,118.66,118.76,118.46,118.54,47.951807228915705,119.277,117.46810973245867,118.91355000000001,1.4864285714285725,0.01253946829280051,49.68354430379748,1.25,False,RSI_NOT_BELOW_32|CLOSE_NOT_NEAR_OR_BELOW_LOWER_BB|CLOSE_NOT_ABOVE_MA200|RSI_RECOVERY_NOT_CONFIRMED
2026-09-30T19:09:29.766961+00:00,SIE_OLD_MR_REGIME_EXHAUSTION_CONFIRM_V1,XRP,XRPUSDT,strategy-lab-v1.0.0:SIE_OLD_MR_REGIME_EXHAUSTION_CONFIRM_V1,1790773200000,2026-09-30T13:00:00+00:00,1.5344,1.5439,1.5076,1.5193,64.27870461236512,1.50126,1.479077358137504,1.5279285000000002,0.01485714285714287,0.009778939549228507,72.69700332963363,1.2500000000000038,False,TREND_SUPPORT_NOT_CONFIRMED|RSI_NOT_BELOW_32|CLOSE_NOT_NEAR_OR_BELOW_LOWER_BB|CLOSE_NOT_ABOVE_MA200|RSI_RECOVERY_NOT_CONFIRMED
2026-09-30T19:09:29.766961+00:00,SIE_OLD_MR_REGIME_EXHAUSTION_CONFIRM_V1,XRP,XRPUSDT,strategy-lab-v1.0.0:SIE_OLD_MR_REGIME_EXHAUSTION_CONFIRM_V1,1790776800000,2026-09-30T14:00:00+00:00,1.5194,1.5218,1.4913,1.4966,51.83374083129581,1.50112,1.4788569723532543,1.5278155,0.016492857142857167,0.011020217254347967,64.27870461236512,1.2500000000000067,False,TREND_SUPPORT_NOT_CONFIRMED|RSI_NOT_BELOW_32|CLOSE_NOT_NEAR_OR_BELOW_LOWER_BB|CLOSE_NOT_ABOVE_MA200|RSI_RECOVERY_NOT_CONFIRMED
2026-09-30T19:09:29.766961+00:00,SIE_OLD_MR_REGIME_EXHAUSTION_CONFIRM_V1,XRP,XRPUSDT,strategy-lab-v1.0.0:SIE_OLD_MR_REGIME_EXHAUSTION_CONFIRM_V1,1790780400000,2026-09-30T15:00:00+00:00,1.4966,1.5086,1.4884,1.5044,52.87081339712913,1.501695,1.4797186968532068,1.5277439999999998,0.017257142857142877,0.011471113305731771,51.83374083129581,1.25,False,TREND_SUPPORT_NOT_CONFIRMED|RSI_NOT_BELOW_32|CLOSE_NOT_NEAR_OR_BELOW_LOWER_BB|CLOSE_NOT_ABOVE_MA200
2026-09-30T19:09:29.766961+00:00,SIE_OLD_MR_REGIME_EXHAUSTION_CONFIRM_V1,XRP,XRPUSDT,strategy-lab-v1.0.0:SIE_OLD_MR_REGIME_EXHAUSTION_CONFIRM_V1,1790784000000,2026-09-30T16:00:00+00:00,1.5045,1.5138,1.5039,1.511,53.97196261682241,1.50244,1.4802635800905615,1.5275665,0.017335714285714312,0.011473007469036607,52.87081339712913,1.25,False,TREND_SUPPORT_NOT_CONFIRMED|RSI_NOT_BELOW_32|CLOSE_NOT_NEAR_OR_BELOW_LOWER_BB|CLOSE_NOT_ABOVE_MA200
2026-09-30T19:09:29.766961+00:00,SIE_OLD_MR_REGIME_EXHAUSTION_CONFIRM_V1,XRP,XRPUSDT,strategy-lab-v1.0.0:SIE_OLD_MR_REGIME_EXHAUSTION_CONFIRM_V1,1790787600000,2026-09-30T17:00:00+00:00,1.5112,1.5134,1.4959,1.4987,52.2230595327807,1.50262,1.4806271284276078,1.527353,0.017735714285714316,0.011834065714095093,53.97196261682241,1.249999999999997,False,TREND_SUPPORT_NOT_CONFIRMED|PLANNED_REWARD_TOO_LOW|RSI_NOT_BELOW_32|CLOSE_NOT_NEAR_OR_BELOW_LOWER_BB|CLOSE_NOT_ABOVE_MA200|RSI_RECOVERY_NOT_CONFIRMED
2026-09-30T19:09:29.766961+00:00,SIE_OLD_MR_REGIME_EXHAUSTION_CONFIRM_V1,XRP,XRPUSDT,strategy-lab-v1.0.0:SIE_OLD_MR_REGIME_EXHAUSTION_CONFIRM_V1,1790791200000,2026-09-30T18:00:00+00:00,1.4987,1.5008,1.489,1.495,50.69801616458488,1.502705,1.4808441239882812,1.5271705,0.018078571428571437,0.01209268991877688,52.2230595327807,1.249999999999997,False,TREND_SUPPORT_NOT_CONFIRMED|PLANNED_REWARD_TOO_LOW|RSI_NOT_BELOW_32|CLOSE_NOT_NEAR_OR_BELOW_LOWER_BB|CLOSE_NOT_ABOVE_MA200|RSI_RECOVERY_NOT_CONFIRMED
2026-09-30T19:09:29.766961+00:00,SIE_OLD_MR_REGIME_EXHAUSTION_CONFIRM_V1,XRP,XRPUSDT,strategy-lab-v1.0.0:SIE_OLD_MR_REGIME_EXHAUSTION_CONFIRM_V1,1790794800000,2026-09-30T19:00:00+00:00,1.495,1.4966,1.4924,1.4953,47.0402525651145,1.5029599999999999,1.481574734044213,1.526959,0.017478571428571423,0.011689006506100061,50.69801616458488,1.250000000000003,False,TREND_SUPPORT_NOT_CONFIRMED|RSI_NOT_BELOW_32|CLOSE_NOT_NEAR_OR_BELOW_LOWER_BB|CLOSE_NOT_ABOVE_MA200|RSI_RECOVERY_NOT_CONFIRMED
2026-09-30T19:09:29.766961+00:00,SIE_OLD_MR_REGIME_EXHAUSTION_CONFIRM_V1,DOGE,DOGEUSDT,strategy-lab-v1.0.0:SIE_OLD_MR_REGIME_EXHAUSTION_CONFIRM_V1,1790773200000,2026-09-30T13:00:00+00:00,0.09731,0.09809,0.09557,0.0962,63.68909512761013,0.0942365,0.09212814258248234,0.09614855,0.0011714285714285713,0.012177012177012177,71.57757496740544,1.249999999999994,False,TREND_SUPPORT_NOT_CONFIRMED|PLANNED_REWARD_TOO_LOW|RSI_NOT_BELOW_32|CLOSE_NOT_NEAR_OR_BELOW_LOWER_BB|RSI_RECOVERY_NOT_CONFIRMED
2026-09-30T19:09:29.766961+00:00,SIE_OLD_MR_REGIME_EXHAUSTION_CONFIRM_V1,DOGE,DOGEUSDT,strategy-lab-v1.0.0:SIE_OLD_MR_REGIME_EXHAUSTION_CONFIRM_V1,1790776800000,2026-09-30T14:00:00+00:00,0.09624,0.09653,0.0942,0.0947,55.45454545454553,0.094265,0.09214778012478586,0.0961234,0.0012864285714285703,0.013584251018253118,63.68909512761013,1.25,False,TREND_SUPPORT_NOT_CONFIRMED|RSI_NOT_BELOW_32|CLOSE_NOT_NEAR_OR_BELOW_LOWER_BB|CLOSE_NOT_ABOVE_MA200|RSI_RECOVERY_NOT_CONFIRMED
2026-09-30T19:09:29.766961+00:00,SIE_OLD_MR_REGIME_EXHAUSTION_CONFIRM_V1,DOGE,DOGEUSDT,strategy-lab-v1.0.0:SIE_OLD_MR_REGIME_EXHAUSTION_CONFIRM_V1,1790780400000,2026-09-30T15:00:00+00:00,0.09475,0.09558,0.09412,0.09532,56.76470588235299,0.0943495,0.09220566721734139,0.09610614999999999,0.0013357142857142843,0.014012948863976964,55.45454545454553,1.2499999999999973,False,TREND_SUPPORT_NOT_CONFIRMED|PLANNED_REWARD_TOO_LOW|RSI_NOT_BELOW_32|CLOSE_NOT_NEAR_OR_BELOW_LOWER_BB|CLOSE_NOT_ABOVE_MA200
2026-09-30T19:09:29.766961+00:00,SIE_OLD_MR_REGIME_EXHAUSTION_CONFIRM_V1,DOGE,DOGEUSDT,strategy-lab-v1.0.0:SIE_OLD_MR_REGIME_EXHAUSTION_CONFIRM_V1,1790784000000,2026-09-30T16:00:00+00:00,0.0953,0.09585,0.0948,0.0952,56.213592233009734,0.09441,0.092242005535062,0.09608479999999998,0.0013578571428571418,0.014263205282112832,56.76470588235299,1.2499999999999973,False,TREND_SUPPORT_NOT_CONFIRMED|PLANNED_REWARD_TOO_LOW|RSI_NOT_BELOW_32|CLOSE_NOT_NEAR_OR_BELOW_LOWER_BB|CLOSE_NOT_ABOVE_MA200|RSI_RECOVERY_NOT_CONFIRMED
2026-09-30T19:09:29.766961+00:00,SIE_OLD_MR_REGIME_EXHAUSTION_CONFIRM_V1,DOGE,DOGEUSDT,strategy-lab-v1.0.0:SIE_OLD_MR_REGIME_EXHAUSTION_CONFIRM_V1,1790787600000,2026-09-30T17:00:00+00:00,0.09516,0.09544,0.09419,0.09436,54.829545454545425,0.094424,0.09226110009477974,0.0960628,0.0013821428571428557,0.014647550414824668,56.213592233009734,1.250000000000005,False,TREND_SUPPORT_NOT_CONFIRMED|RSI_NOT_BELOW_32|CLOSE_NOT_NEAR_OR_BELOW_LOWER_BB|CLOSE_NOT_ABOVE_MA200|RSI_RECOVERY_NOT_CONFIRMED
2026-09-30T19:09:29.766961+00:00,SIE_OLD_MR_REGIME_EXHAUSTION_CONFIRM_V1,DOGE,DOGEUSDT,strategy-lab-v1.0.0:SIE_OLD_MR_REGIME_EXHAUSTION_CONFIRM_V1,1790791200000,2026-09-30T18:00:00+00:00,0.09435,0.09449,0.09368,0.09415,53.860465116279066,0.09443199999999999,0.09227440318873015,0.0960447,0.0013971428571428568,0.014839541764661252,54.829545454545425,1.2500000000000024,False,TREND_SUPPORT_NOT_CONFIRMED|RSI_NOT_BELOW_32|CLOSE_NOT_NEAR_OR_BELOW_LOWER_BB|CLOSE_NOT_ABOVE_MA200|RSI_RECOVERY_NOT_CONFIRMED
2026-09-30T19:09:29.766961+00:00,SIE_OLD_MR_REGIME_EXHAUSTION_CONFIRM_V1,DOGE,DOGEUSDT,strategy-lab-v1.0.0:SIE_OLD_MR_REGIME_EXHAUSTION_CONFIRM_V1,1790794800000,2026-09-30T19:00:00+00:00,0.09414,0.09433,0.09399,0.09414,51.0344827586207,0.094447,0.09230193962788881,0.09602615,0.001361428571428571,0.014461743907250593,53.860465116279066,1.25,False,TREND_SUPPORT_NOT_CONFIRMED|RSI_NOT_BELOW_32|CLOSE_NOT_NEAR_OR_BELOW_LOWER_BB|CLOSE_NOT_ABOVE_MA200|RSI_RECOVERY_NOT_CONFIRMED
2026-09-30T19:09:29.766961+00:00,SIE_OLD_MR_REGIME_EXHAUSTION_CONFIRM_V1,BNB,BNBUSDT,strategy-lab-v1.0.0:SIE_OLD_MR_REGIME_EXHAUSTION_CONFIRM_V1,1790773200000,2026-09-30T13:00:00+00:00,776.52,779.0,766.41,771.41,65.57416848749685,761.949,750.3992140279554,772.7311500000001,5.2042857142857235,0.0067464587110430555,74.59265396299355,1.2499999999999944,False,TREND_SUPPORT_NOT_CONFIRMED|PLANNED_REWARD_TOO_LOW|RSI_NOT_BELOW_32|CLOSE_NOT_NEAR_OR_BELOW_LOWER_BB|CLOSE_NOT_ABOVE_MA200|RSI_RECOVERY_NOT_CONFIRMED
2026-09-30T19:09:29.766961+00:00,SIE_OLD_MR_REGIME_EXHAUSTION_CONFIRM_V1,BNB,BNBUSDT,strategy-lab-v1.0.0:SIE_OLD_MR_REGIME_EXHAUSTION_CONFIRM_V1,1790776800000,2026-09-30T14:00:00+00:00,770.56,771.79,763.0,765.92,57.23913043478256,762.475,751.2114863386225,772.6289499999999,5.596428571428581,0.007306805634307214,65.57416848749685,1.25,False,TREND_SUPPORT_NOT_CONFIRMED|RSI_NOT_BELOW_32|CLOSE_NOT_NEAR_OR_BELOW_LOWER_BB|CLOSE_NOT_ABOVE_MA200|RSI_RECOVERY_NOT_CONFIRMED
2026-09-30T19:09:29.766961+00:00,SIE_OLD_MR_REGIME_EXHAUSTION_CONFIRM_V1,BNB,BNBUSDT,strategy-lab-v1.0.0:SIE_OLD_MR_REGIME_EXHAUSTION_CONFIRM_V1,1790780400000,2026-09-30T15:00:00+00:00,766.56,769.88,764.88,769.3,59.626436781609165,763.191,752.105097420596,772.55235,5.755714285714297,0.007481755213459375,57.23913043478256,1.2500000000000098,False,TREND_SUPPORT_NOT_CONFIRMED|RSI_NOT_BELOW_32|CLOSE_NOT_NEAR_OR_BELOW_LOWER_BB|CLOSE_NOT_ABOVE_MA200
2026-09-30T19:09:29.766961+00:00,SIE_OLD_MR_REGIME_EXHAUSTION_CONFIRM_V1,BNB,BNBUSDT,strategy-lab-v1.0.0:SIE_OLD_MR_REGIME_EXHAUSTION_CONFIRM_V1,1790784000000,2026-09-30T16:00:00+00:00,769.43,771.3,767.97,769.57,57.85301049925007,763.7795,752.6512629877848,772.4628,5.738571428571431,0.0074568543843593574,59.626436781609165,1.2500000000000049,False,TREND_SUPPORT_NOT_CONFIRMED|RSI_NOT_BELOW_32|CLOSE_NOT_NEAR_OR_BELOW_LOWER_BB|CLOSE_NOT_ABOVE_MA200|RSI_RECOVERY_NOT_CONFIRMED
2026-09-30T19:09:29.766961+00:00,SIE_OLD_MR_REGIME_EXHAUSTION_CONFIRM_V1,BNB,BNBUSDT,strategy-lab-v1.0.0:SIE_OLD_MR_REGIME_EXHAUSTION_CONFIRM_V1,1790787600000,2026-09-30T17:00:00+00:00,769.54,770.44,767.26,769.22,59.655324790101595,764.408,753.5446918482427,772.3706,5.675714285714297,0.0073785318708747775,57.85301049925007,1.24999999999999,False,TREND_SUPPORT_NOT_CONFIRMED|PLANNED_REWARD_TOO_LOW|RSI_NOT_BELOW_32|CLOSE_NOT_NEAR_OR_BELOW_LOWER_BB|CLOSE_NOT_ABOVE_MA200|RSI_RECOVERY_NOT_CONFIRMED
2026-09-30T19:09:29.766961+00:00,SIE_OLD_MR_REGIME_EXHAUSTION_CONFIRM_V1,BNB,BNBUSDT,strategy-lab-v1.0.0:SIE_OLD_MR_REGIME_EXHAUSTION_CONFIRM_V1,1790791200000,2026-09-30T18:00:00+00:00,768.96,769.13,766.53,768.62,57.57984705353123,764.9015,754.2158605245154,772.2806000000002,5.6171428571428725,0.007308088336424856,59.655324790101595,1.25,False,TREND_SUPPORT_NOT_CONFIRMED|RSI_NOT_BELOW_32|CLOSE_NOT_NEAR_OR_BELOW_LOWER_BB|CLOSE_NOT_ABOVE_MA200|RSI_RECOVERY_NOT_CONFIRMED
2026-09-30T19:09:29.766961+00:00,SIE_OLD_MR_REGIME_EXHAUSTION_CONFIRM_V1,BNB,BNBUSDT,strategy-lab-v1.0.0:SIE_OLD_MR_REGIME_EXHAUSTION_CONFIRM_V1,1790794800000,2026-09-30T19:00:00+00:00,768.16,768.16,767.52,767.77,54.16279069767431,765.361,755.0173199972139,772.1853,5.470714285714304,0.007125459819626065,57.57984705353123,1.249999999999995,False,TREND_SUPPORT_NOT_CONFIRMED|PLANNED_REWARD_TOO_LOW|RSI_NOT_BELOW_32|CLOSE_NOT_NEAR_OR_BELOW_LOWER_BB|CLOSE_NOT_ABOVE_MA200|RSI_RECOVERY_NOT_CONFIRMED
2026-09-30T19:09:29.766961+00:00,SIE_OLD_MR_REGIME_EXHAUSTION_CONFIRM_V1,PAXG,PAXGUSDT,strategy-lab-v1.0.0:SIE_OLD_MR_REGIME_EXHAUSTION_CONFIRM_V1,1790773200000,2026-09-30T13:00:00+00:00,4214.62,4217.52,4183.03,4183.03,46.402607169716475,4188.9045,4172.586696869804,4251.98045,14.860714285714364,0.0035526195809531284,65.25836509953385,1.25,False,TREND_SUPPORT_NOT_CONFIRMED|RSI_NOT_BELOW_32|CLOSE_NOT_NEAR_OR_BELOW_LOWER_BB|CLOSE_NOT_ABOVE_MA200|RSI_RECOVERY_NOT_CONFIRMED
2026-09-30T19:09:29.766961+00:00,SIE_OLD_MR_REGIME_EXHAUSTION_CONFIRM_V1,PAXG,PAXGUSDT,strategy-lab-v1.0.0:SIE_OLD_MR_REGIME_EXHAUSTION_CONFIRM_V1,1790776800000,2026-09-30T14:00:00+00:00,4184.35,4188.17,4171.02,4172.28,45.624845945279546,4188.671,4171.561195910069,4251.252750000001,15.447142857142937,0.003702326511438096,46.402607169716475,1.2499999999999705,False,TREND_SUPPORT_NOT_CONFIRMED|PLANNED_REWARD_TOO_LOW|RSI_NOT_BELOW_32|CLOSE_NOT_ABOVE_MA200|RSI_RECOVERY_NOT_CONFIRMED
2026-09-30T19:09:29.766961+00:00,SIE_OLD_MR_REGIME_EXHAUSTION_CONFIRM_V1,PAXG,PAXGUSDT,strategy-lab-v1.0.0:SIE_OLD_MR_REGIME_EXHAUSTION_CONFIRM_V1,1790780400000,2026-09-30T15:00:00+00:00,4170.02,4172.2,4157.97,4162.23,43.58712715855565,4187.6565,4167.1409719542535,4250.54885,15.642142857142842,0.003758115927553942,45.624845945279546,1.249999999999971,False,TREND_SUPPORT_NOT_CONFIRMED|PLANNED_REWARD_TOO_LOW|RSI_NOT_BELOW_32|CLOSE_NOT_ABOVE_MA200|RSI_RECOVERY_NOT_CONFIRMED
2026-09-30T19:09:29.766961+00:00,SIE_OLD_MR_REGIME_EXHAUSTION_CONFIRM_V1,PAXG,PAXGUSDT,strategy-lab-v1.0.0:SIE_OLD_MR_REGIME_EXHAUSTION_CONFIRM_V1,1790784000000,2026-09-30T16:00:00+00:00,4162.52,4170.48,4162.35,4166.54,41.07084289931135,4186.5585,4164.083992419281,4249.732,15.346428571428532,0.0036832548280896216,43.58712715855565,1.25,False,TREND_SUPPORT_NOT_CONFIRMED|RSI_NOT_BELOW_32|CLOSE_NOT_NEAR_OR_BELOW_LOWER_BB|CLOSE_NOT_ABOVE_MA200|RSI_RECOVERY_NOT_CONFIRMED
2026-09-30T19:09:29.766961+00:00,SIE_OLD_MR_REGIME_EXHAUSTION_CONFIRM_V1,PAXG,PAXGUSDT,strategy-lab-v1.0.0:SIE_OLD_MR_REGIME_EXHAUSTION_CONFIRM_V1,1790787600000,2026-09-30T17:00:00+00:00,4166.09,4166.09,4155.13,4158.71,40.79986967500201,4185.135,4159.6001489137725,4248.8466,15.525714285714262,0.0037333005392812344,41.07084289931135,1.2500000000000147,False,TREND_SUPPORT_NOT_CONFIRMED|RSI_NOT_BELOW_32|CLOSE_NOT_ABOVE_MA200|RSI_RECOVERY_NOT_CONFIRMED
2026-09-30T19:09:29.766961+00:00,SIE_OLD_MR_REGIME_EXHAUSTION_CONFIRM_V1,PAXG,PAXGUSDT,strategy-lab-v1.0.0:SIE_OLD_MR_REGIME_EXHAUSTION_CONFIRM_V1,1790791200000,2026-09-30T18:00:00+00:00,4158.66,4163.99,4157.0,4160.38,38.1288839703753,4183.8769999999995,4156.160081628798,4248.0533000000005,15.255714285714216,0.0036669040534071926,40.79986967500201,1.2500000000000149,False,TREND_SUPPORT_NOT_CONFIRMED|RSI_NOT_BELOW_32|CLOSE_NOT_NEAR_OR_BELOW_LOWER_BB|CLOSE_NOT_ABOVE_MA200|RSI_RECOVERY_NOT_CONFIRMED
2026-09-30T19:09:29.766961+00:00,SIE_OLD_MR_REGIME_EXHAUSTION_CONFIRM_V1,PAXG,PAXGUSDT,strategy-lab-v1.0.0:SIE_OLD_MR_REGIME_EXHAUSTION_CONFIRM_V1,1790794800000,2026-09-30T19:00:00+00:00,4161.03,4161.26,4160.25,4161.26,39.82733060085466,4182.358,4153.216088189074,4247.2382,14.234999999999932,0.0034208388805313608,38.1288839703753,1.250000000000016,False,TREND_SUPPORT_NOT_CONFIRMED|RSI_NOT_BELOW_32|CLOSE_NOT_NEAR_OR_BELOW_LOWER_BB|CLOSE_NOT_ABOVE_MA200
2026-09-30T23:42:14.579000+00:00,SIE_OLD_MR_REGIME_EXHAUSTION_CONFIRM_V1,BTC,BTCUSDT,strategy-lab-v1.0.0:SIE_OLD_MR_REGIME_EXHAUSTION_CONFIRM_V1,1790798400000,2026-09-30T20:00:00+00:00,83551.79,83724.04,83473.2,83621.59,55.48640850579995,83714.01100000001,82625.41498674381,84245.17055,684.4021428571432,0.008184514822752632,51.741630432200026,1.25,False,TREND_SUPPORT_NOT_CONFIRMED|RSI_NOT_BELOW_32|CLOSE_NOT_NEAR_OR_BELOW_LOWER_BB|CLOSE_NOT_ABOVE_MA200
2026-09-30T23:42:14.579000+00:00,SIE_OLD_MR_REGIME_EXHAUSTION_CONFIRM_V1,BTC,BTCUSDT,strategy-lab-v1.0.0:SIE_OLD_MR_REGIME_EXHAUSTION_CONFIRM_V1,1790802000000,2026-09-30T21:00:00+00:00,83622.82,83776.96,83622.82,83704.52,54.08689770026416,83728.9995,82649.63292550351,84232.04745000001,658.1814285714291,0.007863152773248436,55.48640850579995,1.250000000000011,False,TREND_SUPPORT_NOT_CONFIRMED|RSI_NOT_BELOW_32|CLOSE_NOT_NEAR_OR_BELOW_LOWER_BB|CLOSE_NOT_ABOVE_MA200|RSI_RECOVERY_NOT_CONFIRMED
2026-09-30T23:42:14.579000+00:00,SIE_OLD_MR_REGIME_EXHAUSTION_CONFIRM_V1,BTC,BTCUSDT,strategy-lab-v1.0.0:SIE_OLD_MR_REGIME_EXHAUSTION_CONFIRM_V1,1790805600000,2026-09-30T22:00:00+00:00,83729.78,83794.57,83538.02,83627.01,55.7171828873643,83742.96599999999,82676.54609721436,84218.96805,652.4671428571435,0.007802110141892476,54.08689770026416,1.25,False,TREND_SUPPORT_NOT_CONFIRMED|RSI_NOT_BELOW_32|CLOSE_NOT_NEAR_OR_BELOW_LOWER_BB|CLOSE_NOT_ABOVE_MA200|RSI_RECOVERY_NOT_CONFIRMED
2026-09-30T23:42:14.579000+00:00,SIE_OLD_MR_REGIME_EXHAUSTION_CONFIRM_V1,BTC,BTCUSDT,strategy-lab-v1.0.0:SIE_OLD_MR_REGIME_EXHAUSTION_CONFIRM_V1,1790809200000,2026-09-30T23:00:00+00:00,83627.01,83784.03,83463.33,83587.75,49.889995026595045,83758.8955,82711.92062476168,84204.81780000002,620.3335714285723,0.0074213454893638404,55.7171828873643,1.2499999999999882,False,TREND_SUPPORT_NOT_CONFIRMED|PLANNED_REWARD_TOO_LOW|RSI_NOT_BELOW_32|CLOSE_NOT_NEAR_OR_BELOW_LOWER_BB|CLOSE_NOT_ABOVE_MA200|RSI_RECOVERY_NOT_CONFIRMED
2026-09-30T23:42:14.579000+00:00,SIE_OLD_MR_REGIME_EXHAUSTION_CONFIRM_V1,SOL,SOLUSDT,strategy-lab-v1.0.0:SIE_OLD_MR_REGIME_EXHAUSTION_CONFIRM_V1,1790798400000,2026-09-30T20:00:00+00:00,117.2,118.12,117.15,117.98,49.74245768947758,119.16299999999998,117.0912654610192,118.90944999999999,1.5750000000000008,0.01334972029157485,43.26086956521741,1.2499999999999978,False,PLANNED_REWARD_TOO_LOW|RSI_NOT_BELOW_32|CLOSE_NOT_NEAR_OR_BELOW_LOWER_BB|CLOSE_NOT_ABOVE_MA200
2026-09-30T23:42:14.579000+00:00,SIE_OLD_MR_REGIME_EXHAUSTION_CONFIRM_V1,SOL,SOLUSDT,strategy-lab-v1.0.0:SIE_OLD_MR_REGIME_EXHAUSTION_CONFIRM_V1,1790802000000,2026-09-30T21:00:00+00:00,117.99,118.25,117.77,118.0,48.374905517762635,119.0925,116.96399935400389,118.90960000000001,1.5328571428571445,0.012990314769975801,49.74245768947758,1.2500000000000022,False,RSI_NOT_BELOW_32|CLOSE_NOT_NEAR_OR_BELOW_LOWER_BB|CLOSE_NOT_ABOVE_MA200|RSI_RECOVERY_NOT_CONFIRMED
2026-09-30T23:42:14.579000+00:00,SIE_OLD_MR_REGIME_EXHAUSTION_CONFIRM_V1,SOL,SOLUSDT,strategy-lab-v1.0.0:SIE_OLD_MR_REGIME_EXHAUSTION_CONFIRM_V1,1790805600000,2026-09-30T22:00:00+00:00,118.02,118.47,117.6,118.1,49.77029096477794,119.01500000000001,116.8606230599067,118.91564999999999,1.5442857142857156,0.013076085641708007,48.374905517762635,1.2499999999999978,False,PLANNED_REWARD_TOO_LOW|RSI_NOT_BELOW_32|CLOSE_NOT_NEAR_OR_BELOW_LOWER_BB|CLOSE_NOT_ABOVE_MA200
2026-09-30T23:42:14.579000+00:00,SIE_OLD_MR_REGIME_EXHAUSTION_CONFIRM_V1,SOL,SOLUSDT,strategy-lab-v1.0.0:SIE_OLD_MR_REGIME_EXHAUSTION_CONFIRM_V1,1790809200000,2026-09-30T23:00:00+00:00,118.08,118.47,117.92,118.15,45.28773978315265,118.9675,116.78106111450472,118.91955,1.4685714285714297,0.012429720089474648,49.77029096477794,1.2499999999999951,False,PLANNED_REWARD_TOO_LOW|RSI_NOT_BELOW_32|CLOSE_NOT_NEAR_OR_BELOW_LOWER_BB|CLOSE_NOT_ABOVE_MA200|RSI_RECOVERY_NOT_CONFIRMED
2026-09-30T23:42:14.579000+00:00,SIE_OLD_MR_REGIME_EXHAUSTION_CONFIRM_V1,XRP,XRPUSDT,strategy-lab-v1.0.0:SIE_OLD_MR_REGIME_EXHAUSTION_CONFIRM_V1,1790798400000,2026-09-30T20:00:00+00:00,1.4887,1.4959,1.4852,1.4907,49.31726907630521,1.5025549999999999,1.4803591918372017,1.5266655,0.017764285714285708,0.01191674093666446,44.65361445783134,1.25,False,TREND_SUPPORT_NOT_CONFIRMED|RSI_NOT_BELOW_32|CLOSE_NOT_NEAR_OR_BELOW_LOWER_BB|CLOSE_NOT_ABOVE_MA200
2026-09-30T23:42:14.579000+00:00,SIE_OLD_MR_REGIME_EXHAUSTION_CONFIRM_V1,XRP,XRPUSDT,strategy-lab-v1.0.0:SIE_OLD_MR_REGIME_EXHAUSTION_CONFIRM_V1,1790802000000,2026-09-30T21:00:00+00:00,1.491,1.4935,1.4852,1.4884,45.2261306532663,1.5021149999999999,1.4791755776009998,1.526164,0.017299999999999982,0.011623219564633152,49.31726907630521,1.2500000000000064,False,TREND_SUPPORT_NOT_CONFIRMED|RSI_NOT_BELOW_32|CLOSE_NOT_NEAR_OR_BELOW_LOWER_BB|CLOSE_NOT_ABOVE_MA200|RSI_RECOVERY_NOT_CONFIRMED
2026-09-30T23:42:14.579000+00:00,SIE_OLD_MR_REGIME_EXHAUSTION_CONFIRM_V1,XRP,XRPUSDT,strategy-lab-v1.0.0:SIE_OLD_MR_REGIME_EXHAUSTION_CONFIRM_V1,1790805600000,2026-09-30T22:00:00+00:00,1.4884,1.4943,1.4843,1.4883,46.3917525773196,1.50149,1.4777733476224035,1.5257825,0.017342857142857136,0.011652796575191249,45.2261306532663,1.250000000000003,False,TREND_SUPPORT_NOT_CONFIRMED|RSI_NOT_BELOW_32|CLOSE_NOT_NEAR_OR_BELOW_LOWER_BB|CLOSE_NOT_ABOVE_MA200|RSI_RECOVERY_NOT_CONFIRMED
2026-09-30T23:42:14.579000+00:00,SIE_OLD_MR_REGIME_EXHAUSTION_CONFIRM_V1,XRP,XRPUSDT,strategy-lab-v1.0.0:SIE_OLD_MR_REGIME_EXHAUSTION_CONFIRM_V1,1790809200000,2026-09-30T23:00:00+00:00,1.4881,1.4935,1.4848,1.4903,40.79696394686902,1.5013649999999998,1.4774410141280814,1.525374,0.01659285714285714,0.011133904007822009,46.3917525773196,1.2500000000000033,False,TREND_SUPPORT_NOT_CONFIRMED|RSI_NOT_BELOW_32|CLOSE_NOT_NEAR_OR_BELOW_LOWER_BB|CLOSE_NOT_ABOVE_MA200|RSI_RECOVERY_NOT_CONFIRMED
2026-09-30T23:42:14.579000+00:00,SIE_OLD_MR_REGIME_EXHAUSTION_CONFIRM_V1,DOGE,DOGEUSDT,strategy-lab-v1.0.0:SIE_OLD_MR_REGIME_EXHAUSTION_CONFIRM_V1,1790798400000,2026-09-30T20:00:00+00:00,0.09404,0.0947,0.0939,0.0944,57.55395683453237,0.09447799999999999,0.09236001416435238,0.09599805,0.0013678571428571448,0.014490012106537551,50.24248302618814,1.25,False,TREND_SUPPORT_NOT_CONFIRMED|RSI_NOT_BELOW_32|CLOSE_NOT_NEAR_OR_BELOW_LOWER_BB|CLOSE_NOT_ABOVE_MA200
2026-09-30T23:42:14.579000+00:00,SIE_OLD_MR_REGIME_EXHAUSTION_CONFIRM_V1,DOGE,DOGEUSDT,strategy-lab-v1.0.0:SIE_OLD_MR_REGIME_EXHAUSTION_CONFIRM_V1,1790802000000,2026-09-30T21:00:00+00:00,0.09441,0.09458,0.09412,0.09418,52.45901639344265,0.09448999999999999,0.09238164519114928,0.09596425,0.0013157142857142881,0.01397020902223708,57.55395683453237,1.2500000000000027,False,TREND_SUPPORT_NOT_CONFIRMED|RSI_NOT_BELOW_32|CLOSE_NOT_NEAR_OR_BELOW_LOWER_BB|CLOSE_NOT_ABOVE_MA200|RSI_RECOVERY_NOT_CONFIRMED
2026-09-30T23:42:14.579000+00:00,SIE_OLD_MR_REGIME_EXHAUSTION_CONFIRM_V1,DOGE,DOGEUSDT,strategy-lab-v1.0.0:SIE_OLD_MR_REGIME_EXHAUSTION_CONFIRM_V1,1790805600000,2026-09-30T22:00:00+00:00,0.09427,0.09478,0.09392,0.09444,54.88069414316702,0.094516,0.09242363865453312,0.09593644999999999,0.001340000000000002,0.014188903007200361,52.45901639344265,1.25,False,TREND_SUPPORT_NOT_CONFIRMED|RSI_NOT_BELOW_32|CLOSE_NOT_NEAR_OR_BELOW_LOWER_BB|CLOSE_NOT_ABOVE_MA200
2026-09-30T23:42:14.579000+00:00,SIE_OLD_MR_REGIME_EXHAUSTION_CONFIRM_V1,DOGE,DOGEUSDT,strategy-lab-v1.0.0:SIE_OLD_MR_REGIME_EXHAUSTION_CONFIRM_V1,1790809200000,2026-09-30T23:00:00+00:00,0.0944,0.09478,0.09431,0.09457,52.12888377445337,0.09457750000000001,0.09255590780571256,0.0959093,0.0012914285714285734,0.013655795404764443,54.88069414316702,1.2499999999999973,False,TREND_SUPPORT_NOT_CONFIRMED|PLANNED_REWARD_TOO_LOW|RSI_NOT_BELOW_32|CLOSE_NOT_NEAR_OR_BELOW_LOWER_BB|CLOSE_NOT_ABOVE_MA200|RSI_RECOVERY_NOT_CONFIRMED
2026-09-30T23:42:14.579000+00:00,SIE_OLD_MR_REGIME_EXHAUSTION_CONFIRM_V1,BNB,BNBUSDT,strategy-lab-v1.0.0:SIE_OLD_MR_REGIME_EXHAUSTION_CONFIRM_V1,1790798400000,2026-09-30T20:00:00+00:00,765.43,768.31,764.4,767.13,62.6769307176558,765.6249999999999,755.6881866274925,772.0516499999999,5.4135714285714425,0.007056915292807533,51.08576442202225,1.2499999999999896,False,TREND_SUPPORT_NOT_CONFIRMED|PLANNED_REWARD_TOO_LOW|RSI_NOT_BELOW_32|CLOSE_NOT_NEAR_OR_BELOW_LOWER_BB|CLOSE_NOT_ABOVE_MA200
2026-09-30T23:42:14.579000+00:00,SIE_OLD_MR_REGIME_EXHAUSTION_CONFIRM_V1,BNB,BNBUSDT,strategy-lab-v1.0.0:SIE_OLD_MR_REGIME_EXHAUSTION_CONFIRM_V1,1790802000000,2026-09-30T21:00:00+00:00,767.26,768.06,766.31,766.31,59.27543679342225,765.9445000000001,756.3571969902877,771.9269,5.23000000000001,0.006824914199214431,62.6769307176558,1.25,False,TREND_SUPPORT_NOT_CONFIRMED|RSI_NOT_BELOW_32|CLOSE_NOT_NEAR_OR_BELOW_LOWER_BB|CLOSE_NOT_ABOVE_MA200|RSI_RECOVERY_NOT_CONFIRMED
2026-09-30T23:42:14.579000+00:00,SIE_OLD_MR_REGIME_EXHAUSTION_CONFIRM_V1,BNB,BNBUSDT,strategy-lab-v1.0.0:SIE_OLD_MR_REGIME_EXHAUSTION_CONFIRM_V1,1790805600000,2026-09-30T22:00:00+00:00,767.0,769.42,765.32,769.42,61.8807118807118,766.3035,756.7603343302633,771.84,5.33142857142857,0.006929152571324595,59.27543679342225,1.2500000000000053,False,TREND_SUPPORT_NOT_CONFIRMED|RSI_NOT_BELOW_32|CLOSE_NOT_NEAR_OR_BELOW_LOWER_BB|CLOSE_NOT_ABOVE_MA200
2026-09-30T23:42:14.579000+00:00,SIE_OLD_MR_REGIME_EXHAUSTION_CONFIRM_V1,BNB,BNBUSDT,strategy-lab-v1.0.0:SIE_OLD_MR_REGIME_EXHAUSTION_CONFIRM_V1,1790809200000,2026-09-30T23:00:00+00:00,769.6,770.32,768.63,769.96,57.13899405083834,766.7774999999999,757.5003951175464,771.75155,5.011428571428569,0.006508686907668669,61.8807118807118,1.2499999999999942,False,TREND_SUPPORT_NOT_CONFIRMED|PLANNED_REWARD_TOO_LOW|RSI_NOT_BELOW_32|CLOSE_NOT_NEAR_OR_BELOW_LOWER_BB|CLOSE_NOT_ABOVE_MA200|RSI_RECOVERY_NOT_CONFIRMED
2026-09-30T23:42:14.579000+00:00,SIE_OLD_MR_REGIME_EXHAUSTION_CONFIRM_V1,PAXG,PAXGUSDT,strategy-lab-v1.0.0:SIE_OLD_MR_REGIME_EXHAUSTION_CONFIRM_V1,1790798400000,2026-09-30T20:00:00+00:00,4162.45,4168.72,4160.89,4166.25,36.211518905426686,4181.694,4152.148539164205,4246.4151,14.117857142857051,0.003388624576743367,41.56009147116103,1.25,False,TREND_SUPPORT_NOT_CONFIRMED|RSI_NOT_BELOW_32|CLOSE_NOT_NEAR_OR_BELOW_LOWER_BB|CLOSE_NOT_ABOVE_MA200|RSI_RECOVERY_NOT_CONFIRMED
2026-09-30T23:42:14.579000+00:00,SIE_OLD_MR_REGIME_EXHAUSTION_CONFIRM_V1,PAXG,PAXGUSDT,strategy-lab-v1.0.0:SIE_OLD_MR_REGIME_EXHAUSTION_CONFIRM_V1,1790802000000,2026-09-30T21:00:00+00:00,4166.32,4166.5,4162.6,4165.98,34.440658716638325,4181.0644999999995,4150.7530622413005,4245.571999999999,13.702857142857024,0.003289227779023669,36.211518905426686,1.2499999999999833,False,TREND_SUPPORT_NOT_CONFIRMED|PLANNED_REWARD_TOO_LOW|RSI_NOT_BELOW_32|CLOSE_NOT_NEAR_OR_BELOW_LOWER_BB|CLOSE_NOT_ABOVE_MA200|RSI_RECOVERY_NOT_CONFIRMED
2026-09-30T23:42:14.579000+00:00,SIE_OLD_MR_REGIME_EXHAUSTION_CONFIRM_V1,PAXG,PAXGUSDT,strategy-lab-v1.0.0:SIE_OLD_MR_REGIME_EXHAUSTION_CONFIRM_V1,1790805600000,2026-09-30T22:00:00+00:00,4166.33,4166.69,4160.62,4160.62,33.907938874394446,4179.6795,4148.307897889182,4244.73925,13.317142857142699,0.003200759227505203,34.440658716638325,1.2500000000000342,False,TREND_SUPPORT_NOT_CONFIRMED|RSI_NOT_BELOW_32|CLOSE_NOT_NEAR_OR_BELOW_LOWER_BB|CLOSE_NOT_ABOVE_MA200|RSI_RECOVERY_NOT_CONFIRMED
2026-09-30T23:42:14.579000+00:00,SIE_OLD_MR_REGIME_EXHAUSTION_CONFIRM_V1,PAXG,PAXGUSDT,strategy-lab-v1.0.0:SIE_OLD_MR_REGIME_EXHAUSTION_CONFIRM_V1,1790809200000,2026-09-30T23:00:00+00:00,4161.48,4162.68,4159.98,4161.95,34.90976399814889,4178.712,4146.419972748688,4243.8921,12.838571428571347,0.0030847490788143412,33.907938874394446,1.2500000000000178,False,TREND_SUPPORT_NOT_CONFIRMED|RSI_NOT_BELOW_32|CLOSE_NOT_NEAR_OR_BELOW_LOWER_BB|CLOSE_NOT_ABOVE_MA200
2026-10-01T05:41:31.974375+00:00,SIE_OLD_MR_REGIME_EXHAUSTION_CONFIRM_V1,BTC,BTCUSDT,strategy-lab-v1.0.0:SIE_OLD_MR_REGIME_EXHAUSTION_CONFIRM_V1,1790812800000,2026-10-01T00:00:00+00:00,83556.14,83598.55,83360.09,83454.89,45.335429312942544,83771.35699999999,82747.65096182059,84189.80275,613.5950000000012,0.007352415179026671,49.5598563907177,1.2500000000000118,False,TREND_SUPPORT_NOT_CONFIRMED|RSI_NOT_BELOW_32|CLOSE_NOT_NEAR_OR_BELOW_LOWER_BB|CLOSE_NOT_ABOVE_MA200|RSI_RECOVERY_NOT_CONFIRMED
2026-10-01T05:41:31.974375+00:00,SIE_OLD_MR_REGIME_EXHAUSTION_CONFIRM_V1,BTC,BTCUSDT,strategy-lab-v1.0.0:SIE_OLD_MR_REGIME_EXHAUSTION_CONFIRM_V1,1790816400000,2026-10-01T01:00:00+00:00,83454.01,83633.05,83420.38,83459.62,45.43317114587069,83776.75850000001,82760.85866617192,84174.16295,607.3678571428588,0.0072773858441107075,45.335429312942544,1.250000000000006,False,TREND_SUPPORT_NOT_CONFIRMED|RSI_NOT_BELOW_32|CLOSE_NOT_NEAR_OR_BELOW_LOWER_BB|CLOSE_NOT_ABOVE_MA200
2026-10-01T05:41:31.974375+00:00,SIE_OLD_MR_REGIME_EXHAUSTION_CONFIRM_V1,BTC,BTCUSDT,strategy-lab-v1.0.0:SIE_OLD_MR_REGIME_EXHAUSTION_CONFIRM_V1,1790820000000,2026-10-01T02:00:00+00:00,83459.62,83614.99,83350.59,83431.28,21.82861654130683,83798.0285,82830.93844875765,84158.9717,497.93285714285906,0.005968179526226363,45.43317114587069,1.2500000000000073,False,TREND_SUPPORT_NOT_CONFIRMED|CLOSE_NOT_NEAR_OR_BELOW_LOWER_BB|CLOSE_NOT_ABOVE_MA200|RSI_RECOVERY_NOT_CONFIRMED
2026-10-01T05:41:31.974375+00:00,SIE_OLD_MR_REGIME_EXHAUSTION_CONFIRM_V1,BTC,BTCUSDT,strategy-lab-v1.0.0:SIE_OLD_MR_REGIME_EXHAUSTION_CONFIRM_V1,1790823600000,2026-10-01T03:00:00+00:00,83431.28,83724.72,83368.4,83697.25,34.06717579684229,83819.8985,82883.17334220186,84146.40225,406.3150000000023,0.004854580048926366,21.82861654130683,1.25,False,TREND_SUPPORT_NOT_CONFIRMED|RSI_NOT_BELOW_32|CLOSE_NOT_NEAR_OR_BELOW_LOWER_BB|CLOSE_NOT_ABOVE_MA200
2026-10-01T05:41:31.974375+00:00,SIE_OLD_MR_REGIME_EXHAUSTION_CONFIRM_V1,BTC,BTCUSDT,strategy-lab-v1.0.0:SIE_OLD_MR_REGIME_EXHAUSTION_CONFIRM_V1,1790827200000,2026-10-01T04:00:00+00:00,83697.26,84158.41,83658.43,84060.07,56.453922276707125,83871.74399999999,83004.97977590158,84135.29685,348.90714285714574,0.00415068822637366,34.06717579684229,1.25,False,TREND_SUPPORT_NOT_CONFIRMED|RSI_NOT_BELOW_32|CLOSE_NOT_NEAR_OR_BELOW_LOWER_BB|CLOSE_NOT_ABOVE_MA200
2026-10-01T05:41:31.974375+00:00,SIE_OLD_MR_REGIME_EXHAUSTION_CONFIRM_V1,BTC,BTCUSDT,strategy-lab-v1.0.0:SIE_OLD_MR_REGIME_EXHAUSTION_CONFIRM_V1,1790830800000,2026-10-01T05:00:00+00:00,84060.07,84285.73,83960.8,84282.18,54.37080113651432,83905.94350000001,83031.11381325412,84125.7726,326.1921428571451,0.0038702385588168828,56.453922276707125,1.2499999999999778,False,TREND_SUPPORT_NOT_CONFIRMED|PLANNED_REWARD_TOO_LOW|RSI_NOT_BELOW_32|CLOSE_NOT_NEAR_OR_BELOW_LOWER_BB|RSI_RECOVERY_NOT_CONFIRMED
2026-10-01T05:41:31.974375+00:00,SIE_OLD_MR_REGIME_EXHAUSTION_CONFIRM_V1,SOL,SOLUSDT,strategy-lab-v1.0.0:SIE_OLD_MR_REGIME_EXHAUSTION_CONFIRM_V1,1790812800000,2026-10-01T00:00:00+00:00,118.04,118.18,117.81,117.91,41.709844559585484,118.9215,116.68176541750995,118.92135,1.4464285714285725,0.01226722560790919,44.90818030050084,1.2499999999999976,False,PLANNED_REWARD_TOO_LOW|RSI_NOT_BELOW_32|CLOSE_NOT_NEAR_OR_BELOW_LOWER_BB|CLOSE_NOT_ABOVE_MA200|RSI_RECOVERY_NOT_CONFIRMED
2026-10-01T05:41:31.974375+00:00,SIE_OLD_MR_REGIME_EXHAUSTION_CONFIRM_V1,SOL,SOLUSDT,strategy-lab-v1.0.0:SIE_OLD_MR_REGIME_EXHAUSTION_CONFIRM_V1,1790816400000,2026-10-01T01:00:00+00:00,117.92,118.42,117.86,118.01,43.58974358974364,118.86949999999999,116.59607549058653,118.92145,1.4392857142857156,0.012196302976745323,41.709844559585484,1.2499999999999951,False,TREND_SUPPORT_NOT_CONFIRMED|PLANNED_REWARD_TOO_LOW|RSI_NOT_BELOW_32|CLOSE_NOT_NEAR_OR_BELOW_LOWER_BB|CLOSE_NOT_ABOVE_MA200
2026-10-01T05:41:31.974375+00:00,SIE_OLD_MR_REGIME_EXHAUSTION_CONFIRM_V1,SOL,SOLUSDT,strategy-lab-v1.0.0:SIE_OLD_MR_REGIME_EXHAUSTION_CONFIRM_V1,1790820000000,2026-10-01T02:00:00+00:00,118.02,118.31,117.66,118.11,29.18978912319642,118.87250000000002,116.60325453068607,118.92119999999998,1.2607142857142881,0.010674068967185573,43.58974358974364,1.2500000000000029,False,TREND_SUPPORT_NOT_CONFIRMED|CLOSE_NOT_NEAR_OR_BELOW_LOWER_BB|CLOSE_NOT_ABOVE_MA200|RSI_RECOVERY_NOT_CONFIRMED
2026-10-01T05:41:31.974375+00:00,SIE_OLD_MR_REGIME_EXHAUSTION_CONFIRM_V1,SOL,SOLUSDT,strategy-lab-v1.0.0:SIE_OLD_MR_REGIME_EXHAUSTION_CONFIRM_V1,1790823600000,2026-10-01T03:00:00+00:00,118.11,118.63,117.75,118.59,35.99537037037037,118.88049999999998,116.61642866720106,118.92275,1.1114285714285725,0.009372026068206194,29.18978912319642,1.25,False,TREND_SUPPORT_NOT_CONFIRMED|RSI_NOT_BELOW_32|CLOSE_NOT_NEAR_OR_BELOW_LOWER_BB|CLOSE_NOT_ABOVE_MA200
2026-10-01T05:41:31.974375+00:00,SIE_OLD_MR_REGIME_EXHAUSTION_CONFIRM_V1,SOL,SOLUSDT,strategy-lab-v1.0.0:SIE_OLD_MR_REGIME_EXHAUSTION_CONFIRM_V1,1790827200000,2026-10-01T04:00:00+00:00,118.6,119.34,118.28,119.03,52.052785923753675,118.924,116.6836660963147,118.92779999999999,0.9821428571428582,0.008251221180734758,35.99537037037037,1.2499999999999927,False,TREND_SUPPORT_NOT_CONFIRMED|PLANNED_REWARD_TOO_LOW|RSI_NOT_BELOW_32|CLOSE_NOT_NEAR_OR_BELOW_LOWER_BB
2026-10-01T05:41:31.974375+00:00,SIE_OLD_MR_REGIME_EXHAUSTION_CONFIRM_V1,SOL,SOLUSDT,strategy-lab-v1.0.0:SIE_OLD_MR_REGIME_EXHAUSTION_CONFIRM_V1,1790830800000,2026-10-01T05:00:00+00:00,119.03,119.46,118.91,119.39,50.97451274362815,118.9295,116.68516067627868,118.93425,0.9107142857142867,0.007628061694566435,52.052785923753675,1.249999999999996,False,TREND_SUPPORT_NOT_CONFIRMED|PLANNED_REWARD_TOO_LOW|RSI_NOT_BELOW_32|CLOSE_NOT_NEAR_OR_BELOW_LOWER_BB|RSI_RECOVERY_NOT_CONFIRMED
2026-10-01T05:41:31.974375+00:00,SIE_OLD_MR_REGIME_EXHAUSTION_CONFIRM_V1,XRP,XRPUSDT,strategy-lab-v1.0.0:SIE_OLD_MR_REGIME_EXHAUSTION_CONFIRM_V1,1790812800000,2026-10-01T00:00:00+00:00,1.489,1.492,1.4848,1.4901,39.35860058309036,1.501155,1.4768754221618299,1.524999,0.016478571428571436,0.0110587017170468,40.115163147792735,1.25,False,TREND_SUPPORT_NOT_CONFIRMED|RSI_NOT_BELOW_32|CLOSE_NOT_NEAR_OR_BELOW_LOWER_BB|CLOSE_NOT_ABOVE_MA200|RSI_RECOVERY_NOT_CONFIRMED
2026-10-01T05:41:31.974375+00:00,SIE_OLD_MR_REGIME_EXHAUSTION_CONFIRM_V1,XRP,XRPUSDT,strategy-lab-v1.0.0:SIE_OLD_MR_REGIME_EXHAUSTION_CONFIRM_V1,1790816400000,2026-10-01T01:00:00+00:00,1.49,1.4963,1.4883,1.4888,36.868186323092075,1.500455,1.4756049315896362,1.5245825,0.016100000000000003,0.010814078452444925,39.35860058309036,1.2499999999999964,False,TREND_SUPPORT_NOT_CONFIRMED|PLANNED_REWARD_TOO_LOW|RSI_NOT_BELOW_32|CLOSE_NOT_NEAR_OR_BELOW_LOWER_BB|CLOSE_NOT_ABOVE_MA200|RSI_RECOVERY_NOT_CONFIRMED
2026-10-01T05:41:31.974375+00:00,SIE_OLD_MR_REGIME_EXHAUSTION_CONFIRM_V1,XRP,XRPUSDT,strategy-lab-v1.0.0:SIE_OLD_MR_REGIME_EXHAUSTION_CONFIRM_V1,1790820000000,2026-10-01T02:00:00+00:00,1.4888,1.4921,1.4854,1.4917,24.970553592461798,1.50042,1.4755227230404655,1.5241315,0.014157142857142853,0.009490609946465679,36.868186323092075,1.250000000000004,False,TREND_SUPPORT_NOT_CONFIRMED|CLOSE_NOT_NEAR_OR_BELOW_LOWER_BB|CLOSE_NOT_ABOVE_MA200|RSI_RECOVERY_NOT_CONFIRMED
2026-10-01T05:41:31.974375+00:00,SIE_OLD_MR_REGIME_EXHAUSTION_CONFIRM_V1,XRP,XRPUSDT,strategy-lab-v1.0.0:SIE_OLD_MR_REGIME_EXHAUSTION_CONFIRM_V1,1790823600000,2026-10-01T03:00:00+00:00,1.4918,1.5006,1.489,1.5,37.675606641123856,1.5004300000000002,1.475533566520488,1.5236925,0.012392857142857126,0.00826190476190475,24.970553592461798,1.2500000000000044,False,TREND_SUPPORT_NOT_CONFIRMED|RSI_NOT_BELOW_32|CLOSE_NOT_NEAR_OR_BELOW_LOWER_BB|CLOSE_NOT_ABOVE_MA200
2026-10-01T05:41:31.974375+00:00,SIE_OLD_MR_REGIME_EXHAUSTION_CONFIRM_V1,XRP,XRPUSDT,strategy-lab-v1.0.0:SIE_OLD_MR_REGIME_EXHAUSTION_CONFIRM_V1,1790827200000,2026-10-01T04:00:00+00:00,1.5,1.5078,1.4952,1.5035,55.83756345177674,1.50077,1.4759008946682883,1.523348,0.011114285714285696,0.007392275167466376,37.675606641123856,1.25000000000001,False,TREND_SUPPORT_NOT_CONFIRMED|RSI_NOT_BELOW_32|CLOSE_NOT_NEAR_OR_BELOW_LOWER_BB|CLOSE_NOT_ABOVE_MA200
2026-10-01T05:41:31.974375+00:00,SIE_OLD_MR_REGIME_EXHAUSTION_CONFIRM_V1,XRP,XRPUSDT,strategy-lab-v1.0.0:SIE_OLD_MR_REGIME_EXHAUSTION_CONFIRM_V1,1790830800000,2026-10-01T05:00:00+00:00,1.5036,1.5091,1.5017,1.5091,54.130052724077444,1.50074,1.4759126441198471,1.52305,0.010199999999999987,0.006758995427738378,55.83756345177674,1.2500000000000056,False,TREND_SUPPORT_NOT_CONFIRMED|RSI_NOT_BELOW_32|CLOSE_NOT_NEAR_OR_BELOW_LOWER_BB|CLOSE_NOT_ABOVE_MA200|RSI_RECOVERY_NOT_CONFIRMED
2026-10-01T05:41:31.974375+00:00,SIE_OLD_MR_REGIME_EXHAUSTION_CONFIRM_V1,DOGE,DOGEUSDT,strategy-lab-v1.0.0:SIE_OLD_MR_REGIME_EXHAUSTION_CONFIRM_V1,1790812800000,2026-10-01T00:00:00+00:00,0.09451,0.09462,0.09417,0.09448,44.325767690253656,0.09463150000000001,0.09269182708942927,0.09588385,0.001235000000000002,0.013071549534292994,51.68408826945412,1.2499999999999971,False,TREND_SUPPORT_NOT_CONFIRMED|PLANNED_REWARD_TOO_LOW|RSI_NOT_BELOW_32|CLOSE_NOT_NEAR_OR_BELOW_LOWER_BB|CLOSE_NOT_ABOVE_MA200|RSI_RECOVERY_NOT_CONFIRMED
2026-10-01T05:41:31.974375+00:00,SIE_OLD_MR_REGIME_EXHAUSTION_CONFIRM_V1,DOGE,DOGEUSDT,strategy-lab-v1.0.0:SIE_OLD_MR_REGIME_EXHAUSTION_CONFIRM_V1,1790816400000,2026-10-01T01:00:00+00:00,0.0945,0.0953,0.09448,0.09468,42.48275862068972,0.094669,0.0927562125052683,0.0958588,0.001174285714285716,0.01240267970305995,44.325767690253656,1.250000000000006,False,TREND_SUPPORT_NOT_CONFIRMED|RSI_NOT_BELOW_32|CLOSE_NOT_NEAR_OR_BELOW_LOWER_BB|CLOSE_NOT_ABOVE_MA200|RSI_RECOVERY_NOT_CONFIRMED
2026-10-01T05:41:31.974375+00:00,SIE_OLD_MR_REGIME_EXHAUSTION_CONFIRM_V1,DOGE,DOGEUSDT,strategy-lab-v1.0.0:SIE_OLD_MR_REGIME_EXHAUSTION_CONFIRM_V1,1790820000000,2026-10-01T02:00:00+00:00,0.09468,0.09533,0.09454,0.09529,34.12322274881522,0.094787,0.09303332842299307,0.09583565,0.0010678571428571443,0.011206392516078752,42.48275862068972,1.2500000000000064,False,TREND_SUPPORT_NOT_CONFIRMED|RSI_NOT_BELOW_32|CLOSE_NOT_NEAR_OR_BELOW_LOWER_BB|CLOSE_NOT_ABOVE_MA200|RSI_RECOVERY_NOT_CONFIRMED
2026-10-01T05:41:31.974375+00:00,SIE_OLD_MR_REGIME_EXHAUSTION_CONFIRM_V1,DOGE,DOGEUSDT,strategy-lab-v1.0.0:SIE_OLD_MR_REGIME_EXHAUSTION_CONFIRM_V1,1790823600000,2026-10-01T03:00:00+00:00,0.0953,0.09571,0.09481,0.09567,45.276292335115976,0.094884,0.09316056853922124,0.09581385,0.0009521428571428588,0.009952366020098868,34.12322274881522,1.2499999999999964,False,TREND_SUPPORT_NOT_CONFIRMED|PLANNED_REWARD_TOO_LOW|RSI_NOT_BELOW_32|CLOSE_NOT_NEAR_OR_BELOW_LOWER_BB|CLOSE_NOT_ABOVE_MA200
2026-10-01T05:41:31.974375+00:00,SIE_OLD_MR_REGIME_EXHAUSTION_CONFIRM_V1,DOGE,DOGEUSDT,strategy-lab-v1.0.0:SIE_OLD_MR_REGIME_EXHAUSTION_CONFIRM_V1,1790827200000,2026-10-01T04:00:00+00:00,0.09571,0.09603,0.09534,0.0957,62.077294685990125,0.094992,0.09335021316852582,0.09579194999999999,0.0008350000000000024,0.008725182863113924,45.276292335115976,1.2499999999999918,False,TREND_SUPPORT_NOT_CONFIRMED|PLANNED_REWARD_TOO_LOW|RSI_NOT_BELOW_32|CLOSE_NOT_NEAR_OR_BELOW_LOWER_BB|CLOSE_NOT_ABOVE_MA200
2026-10-01T05:41:31.974375+00:00,SIE_OLD_MR_REGIME_EXHAUSTION_CONFIRM_V1,DOGE,DOGEUSDT,strategy-lab-v1.0.0:SIE_OLD_MR_REGIME_EXHAUSTION_CONFIRM_V1,1790830800000,2026-10-01T05:00:00+00:00,0.09574,0.09604,0.09565,0.09582,56.86813186813181,0.09507299999999999,0.09343565947341365,0.09577114999999999,0.0007585714285714308,0.007916629394400238,62.077294685990125,1.2500000000000047,False,TREND_SUPPORT_NOT_CONFIRMED|RSI_NOT_BELOW_32|CLOSE_NOT_NEAR_OR_BELOW_LOWER_BB|RSI_RECOVERY_NOT_CONFIRMED
2026-10-01T05:41:31.974375+00:00,SIE_OLD_MR_REGIME_EXHAUSTION_CONFIRM_V1,BNB,BNBUSDT,strategy-lab-v1.0.0:SIE_OLD_MR_REGIME_EXHAUSTION_CONFIRM_V1,1790812800000,2026-10-01T00:00:00+00:00,769.02,770.17,767.21,769.78,49.22408441961515,767.12,758.0930846907693,771.6475999999999,4.872857142857137,0.006330194526822127,55.723951285520954,1.2499999999999882,False,TREND_SUPPORT_NOT_CONFIRMED|PLANNED_REWARD_TOO_LOW|RSI_NOT_BELOW_32|CLOSE_NOT_NEAR_OR_BELOW_LOWER_BB|CLOSE_NOT_ABOVE_MA200|RSI_RECOVERY_NOT_CONFIRMED
2026-10-01T05:41:31.974375+00:00,SIE_OLD_MR_REGIME_EXHAUSTION_CONFIRM_V1,BNB,BNBUSDT,strategy-lab-v1.0.0:SIE_OLD_MR_REGIME_EXHAUSTION_CONFIRM_V1,1790816400000,2026-10-01T01:00:00+00:00,770.11,770.88,768.41,768.91,47.787878787878746,767.356,758.4013221163447,771.5489,4.822857142857141,0.006272329847260592,49.22408441961515,1.25,False,TREND_SUPPORT_NOT_CONFIRMED|RSI_NOT_BELOW_32|CLOSE_NOT_NEAR_OR_BELOW_LOWER_BB|CLOSE_NOT_ABOVE_MA200|RSI_RECOVERY_NOT_CONFIRMED
2026-10-01T05:41:31.974375+00:00,SIE_OLD_MR_REGIME_EXHAUSTION_CONFIRM_V1,BNB,BNBUSDT,strategy-lab-v1.0.0:SIE_OLD_MR_REGIME_EXHAUSTION_CONFIRM_V1,1790820000000,2026-10-01T02:00:00+00:00,769.0,769.0,766.36,768.2,34.811046511628206,767.92,760.3520200845915,771.4511500000001,4.289285714285711,0.005583553390114177,47.787878787878746,1.2499999999999933,False,TREND_SUPPORT_NOT_CONFIRMED|PLANNED_REWARD_TOO_LOW|RSI_NOT_BELOW_32|CLOSE_NOT_NEAR_OR_BELOW_LOWER_BB|CLOSE_NOT_ABOVE_MA200|RSI_RECOVERY_NOT_CONFIRMED
2026-10-01T05:41:31.974375+00:00,SIE_OLD_MR_REGIME_EXHAUSTION_CONFIRM_V1,BNB,BNBUSDT,strategy-lab-v1.0.0:SIE_OLD_MR_REGIME_EXHAUSTION_CONFIRM_V1,1790823600000,2026-10-01T03:00:00+00:00,768.49,769.08,766.29,769.08,44.98924731182816,768.4195000000001,762.020151673801,771.3654999999999,3.5892857142857144,0.0046669861578583684,34.811046511628206,1.250000000000008,False,TREND_SUPPORT_NOT_CONFIRMED|RSI_NOT_BELOW_32|CLOSE_NOT_NEAR_OR_BELOW_LOWER_BB|CLOSE_NOT_ABOVE_MA200
2026-10-01T05:41:31.974375+00:00,SIE_OLD_MR_REGIME_EXHAUSTION_CONFIRM_V1,BNB,BNBUSDT,strategy-lab-v1.0.0:SIE_OLD_MR_REGIME_EXHAUSTION_CONFIRM_V1,1790827200000,2026-10-01T04:00:00+00:00,769.25,770.12,767.39,769.42,59.66850828729274,768.9135,763.9731952523122,771.2886,3.156428571428575,0.004102347965257694,44.98924731182816,1.249999999999991,False,TREND_SUPPORT_NOT_CONFIRMED|PLANNED_REWARD_TOO_LOW|RSI_NOT_BELOW_32|CLOSE_NOT_NEAR_OR_BELOW_LOWER_BB|CLOSE_NOT_ABOVE_MA200
2026-10-01T05:41:31.974375+00:00,SIE_OLD_MR_REGIME_EXHAUSTION_CONFIRM_V1,BNB,BNBUSDT,strategy-lab-v1.0.0:SIE_OLD_MR_REGIME_EXHAUSTION_CONFIRM_V1,1790830800000,2026-10-01T05:00:00+00:00,769.17,770.63,768.81,770.63,54.17451349654747,769.211,764.6221705196175,771.22125,2.929285714285722,0.003801157123763313,59.66850828729274,1.2499999999999807,False,TREND_SUPPORT_NOT_CONFIRMED|PLANNED_REWARD_TOO_LOW|RSI_NOT_BELOW_32|CLOSE_NOT_NEAR_OR_BELOW_LOWER_BB|CLOSE_NOT_ABOVE_MA200|RSI_RECOVERY_NOT_CONFIRMED
2026-10-01T05:41:31.974375+00:00,SIE_OLD_MR_REGIME_EXHAUSTION_CONFIRM_V1,PAXG,PAXGUSDT,strategy-lab-v1.0.0:SIE_OLD_MR_REGIME_EXHAUSTION_CONFIRM_V1,1790812800000,2026-10-01T00:00:00+00:00,4162.46,4162.46,4145.76,4159.65,35.82005623242736,4177.306,4144.351999089648,4243.00965,13.514285714285636,0.003248899718554599,35.209580838323234,1.25,False,TREND_SUPPORT_NOT_CONFIRMED|RSI_NOT_BELOW_32|CLOSE_NOT_NEAR_OR_BELOW_LOWER_BB|CLOSE_NOT_ABOVE_MA200|RSI_RECOVERY_NOT_CONFIRMED
2026-10-01T05:41:31.974375+00:00,SIE_OLD_MR_REGIME_EXHAUSTION_CONFIRM_V1,PAXG,PAXGUSDT,strategy-lab-v1.0.0:SIE_OLD_MR_REGIME_EXHAUSTION_CONFIRM_V1,1790816400000,2026-10-01T01:00:00+00:00,4159.83,4170.87,4159.83,4162.97,37.78768307104559,4176.225,4142.881563164553,4242.073,13.33357142857137,0.0032028987546322382,35.82005623242736,1.25,False,TREND_SUPPORT_NOT_CONFIRMED|RSI_NOT_BELOW_32|CLOSE_NOT_NEAR_OR_BELOW_LOWER_BB|CLOSE_NOT_ABOVE_MA200
2026-10-01T05:41:31.974375+00:00,SIE_OLD_MR_REGIME_EXHAUSTION_CONFIRM_V1,PAXG,PAXGUSDT,strategy-lab-v1.0.0:SIE_OLD_MR_REGIME_EXHAUSTION_CONFIRM_V1,1790820000000,2026-10-01T02:00:00+00:00,4162.35,4169.06,4157.66,4169.06,25.24048972453072,4174.874,4142.688487482728,4241.15565,11.431428571428569,0.00274196787079787,37.78768307104559,1.25,False,TREND_SUPPORT_NOT_CONFIRMED|CLOSE_NOT_NEAR_OR_BELOW_LOWER_BB|CLOSE_NOT_ABOVE_MA200|RSI_RECOVERY_NOT_CONFIRMED
2026-10-01T05:41:31.974375+00:00,SIE_OLD_MR_REGIME_EXHAUSTION_CONFIRM_V1,PAXG,PAXGUSDT,strategy-lab-v1.0.0:SIE_OLD_MR_REGIME_EXHAUSTION_CONFIRM_V1,1790823600000,2026-10-01T03:00:00+00:00,4169.06,4182.12,4167.18,4180.89,48.51347596554642,4173.9755,4143.564139967942,4240.2510999999995,10.03499999999992,0.002400206654563961,25.24048972453072,1.25,False,TREND_SUPPORT_NOT_CONFIRMED|RSI_NOT_BELOW_32|CLOSE_NOT_NEAR_OR_BELOW_LOWER_BB|CLOSE_NOT_ABOVE_MA200
2026-10-01T05:41:31.974375+00:00,SIE_OLD_MR_REGIME_EXHAUSTION_CONFIRM_V1,PAXG,PAXGUSDT,strategy-lab-v1.0.0:SIE_OLD_MR_REGIME_EXHAUSTION_CONFIRM_V1,1790827200000,2026-10-01T04:00:00+00:00,4181.67,4185.45,4175.82,4185.45,60.0091199270405,4173.49,4144.155989022988,4239.3999,9.497857142857097,0.002269255908649511,48.51347596554642,1.250000000000024,False,TREND_SUPPORT_NOT_CONFIRMED|RSI_NOT_BELOW_32|CLOSE_NOT_NEAR_OR_BELOW_LOWER_BB|CLOSE_NOT_ABOVE_MA200
2026-10-01T05:41:31.974375+00:00,SIE_OLD_MR_REGIME_EXHAUSTION_CONFIRM_V1,PAXG,PAXGUSDT,strategy-lab-v1.0.0:SIE_OLD_MR_REGIME_EXHAUSTION_CONFIRM_V1,1790830800000,2026-10-01T05:00:00+00:00,4184.2,4195.81,4184.2,4195.81,75.40090771558259,4173.5525,4144.034436462575,4238.5984499999995,9.305000000000032,0.002217688598864112,60.0091199270405,1.25,False,TREND_SUPPORT_NOT_CONFIRMED|RSI_NOT_BELOW_32|CLOSE_NOT_NEAR_OR_BELOW_LOWER_BB|CLOSE_NOT_ABOVE_MA200
2026-10-01T13:02:55.120191+00:00,SIE_OLD_MR_REGIME_EXHAUSTION_CONFIRM_V1,BTC,BTCUSDT,strategy-lab-v1.0.0:SIE_OLD_MR_REGIME_EXHAUSTION_CONFIRM_V1,1790834400000,2026-10-01T06:00:00+00:00,84252.0,84368.26,84068.29,84075.72,44.63069549863569,83914.05249999999,83038.62775714893,84115.39095,322.9114285714303,0.0038407215373407484,53.753302502500546,1.2500000000000113,False,TREND_SUPPORT_NOT_CONFIRMED|RSI_NOT_BELOW_32|CLOSE_NOT_NEAR_OR_BELOW_LOWER_BB|CLOSE_NOT_ABOVE_MA200|RSI_RECOVERY_NOT_CONFIRMED
2026-10-01T13:02:55.120191+00:00,SIE_OLD_MR_REGIME_EXHAUSTION_CONFIRM_V1,BTC,BTCUSDT,strategy-lab-v1.0.0:SIE_OLD_MR_REGIME_EXHAUSTION_CONFIRM_V1,1790838000000,2026-10-01T07:00:00+00:00,84075.7,84184.54,83289.0,83371.84,38.13134281572029,83888.686,82981.85075345471,84101.2599,349.0771428571451,0.0041869909894893175,44.63069549863569,1.2499999999999896,False,TREND_SUPPORT_NOT_CONFIRMED|PLANNED_REWARD_TOO_LOW|RSI_NOT_BELOW_32|CLOSE_NOT_NEAR_OR_BELOW_LOWER_BB|CLOSE_NOT_ABOVE_MA200|RSI_RECOVERY_NOT_CONFIRMED
2026-10-01T13:02:55.120191+00:00,SIE_OLD_MR_REGIME_EXHAUSTION_CONFIRM_V1,BTC,BTCUSDT,strategy-lab-v1.0.0:SIE_OLD_MR_REGIME_EXHAUSTION_CONFIRM_V1,1790841600000,2026-10-01T08:00:00+00:00,83371.85,83538.06,83107.03,83515.08,42.454584520137935,83801.5255,83134.65548371505,84086.52769999999,359.1507142857164,0.004300429506691682,38.13134281572029,1.2500000000000102,False,TREND_SUPPORT_NOT_CONFIRMED|RSI_NOT_BELOW_32|CLOSE_NOT_NEAR_OR_BELOW_LOWER_BB|CLOSE_NOT_ABOVE_MA200
2026-10-01T13:02:55.120191+00:00,SIE_OLD_MR_REGIME_EXHAUSTION_CONFIRM_V1,BTC,BTCUSDT,strategy-lab-v1.0.0:SIE_OLD_MR_REGIME_EXHAUSTION_CONFIRM_V1,1790845200000,2026-10-01T09:00:00+00:00,83515.09,83863.84,83503.42,83744.48,53.747109543797045,83758.3435,83203.55635302205,84073.45005000001,350.1035714285733,0.004180616697704413,42.454584520137935,1.25,False,TREND_SUPPORT_NOT_CONFIRMED|RSI_NOT_BELOW_32|CLOSE_NOT_NEAR_OR_BELOW_LOWER_BB|CLOSE_NOT_ABOVE_MA200
2026-10-01T13:02:55.120191+00:00,SIE_OLD_MR_REGIME_EXHAUSTION_CONFIRM_V1,BTC,BTCUSDT,strategy-lab-v1.0.0:SIE_OLD_MR_REGIME_EXHAUSTION_CONFIRM_V1,1790848800000,2026-10-01T10:00:00+00:00,83744.49,84062.57,83353.87,83932.77,55.92168862703918,83767.259,83207.3011994856,84060.4232,382.8078571428601,0.004560886732832243,53.747109543797045,1.2500000000000095,False,TREND_SUPPORT_NOT_CONFIRMED|RSI_NOT_BELOW_32|CLOSE_NOT_NEAR_OR_BELOW_LOWER_BB|CLOSE_NOT_ABOVE_MA200
2026-10-01T13:02:55.120191+00:00,SIE_OLD_MR_REGIME_EXHAUSTION_CONFIRM_V1,BTC,BTCUSDT,strategy-lab-v1.0.0:SIE_OLD_MR_REGIME_EXHAUSTION_CONFIRM_V1,1790852400000,2026-10-01T11:00:00+00:00,83935.64,84019.0,83743.11,83882.02,53.419669553959494,83757.12700000001,83213.4106703529,84046.35125,391.4164285714308,0.004666273279678181,55.92168862703918,1.2500000000000093,False,TREND_SUPPORT_NOT_CONFIRMED|RSI_NOT_BELOW_32|CLOSE_NOT_NEAR_OR_BELOW_LOWER_BB|CLOSE_NOT_ABOVE_MA200|RSI_RECOVERY_NOT_CONFIRMED
2026-10-01T13:02:55.120191+00:00,SIE_OLD_MR_REGIME_EXHAUSTION_CONFIRM_V1,BTC,BTCUSDT,strategy-lab-v1.0.0:SIE_OLD_MR_REGIME_EXHAUSTION_CONFIRM_V1,1790856000000,2026-10-01T12:00:00+00:00,83882.03,84032.93,83626.01,83719.78,51.730777123966035,83727.6225,83246.66576606652,84029.1261,402.1571428571447,0.0048036096470528795,53.419669553959494,1.25,False,TREND_SUPPORT_NOT_CONFIRMED|RSI_NOT_BELOW_32|CLOSE_NOT_NEAR_OR_BELOW_LOWER_BB|CLOSE_NOT_ABOVE_MA200|RSI_RECOVERY_NOT_CONFIRMED
2026-10-01T13:02:55.120191+00:00,SIE_OLD_MR_REGIME_EXHAUSTION_CONFIRM_V1,SOL,SOLUSDT,strategy-lab-v1.0.0:SIE_OLD_MR_REGIME_EXHAUSTION_CONFIRM_V1,1790834400000,2026-10-01T06:00:00+00:00,119.36,119.56,118.99,119.17,40.5498281786942,118.89499999999998,116.68675635402201,118.9376,0.8642857142857159,0.007252544384372878,50.75301204819273,1.2499999999999958,False,TREND_SUPPORT_NOT_CONFIRMED|PLANNED_REWARD_TOO_LOW|RSI_NOT_BELOW_32|CLOSE_NOT_NEAR_OR_BELOW_LOWER_BB|RSI_RECOVERY_NOT_CONFIRMED
2026-10-01T13:02:55.120191+00:00,SIE_OLD_MR_REGIME_EXHAUSTION_CONFIRM_V1,SOL,SOLUSDT,strategy-lab-v1.0.0:SIE_OLD_MR_REGIME_EXHAUSTION_CONFIRM_V1,1790838000000,2026-10-01T07:00:00+00:00,119.17,119.34,117.26,117.43,36.81747269890797,118.79350000000002,116.5130327233214,118.93195,0.8921428571428588,0.007597231177236301,40.5498281786942,1.25,False,TREND_SUPPORT_NOT_CONFIRMED|RSI_NOT_BELOW_32|CLOSE_NOT_NEAR_OR_BELOW_LOWER_BB|CLOSE_NOT_ABOVE_MA200|RSI_RECOVERY_NOT_CONFIRMED
2026-10-01T13:02:55.120191+00:00,SIE_OLD_MR_REGIME_EXHAUSTION_CONFIRM_V1,SOL,SOLUSDT,strategy-lab-v1.0.0:SIE_OLD_MR_REGIME_EXHAUSTION_CONFIRM_V1,1790841600000,2026-10-01T08:00:00+00:00,117.44,117.91,117.17,117.85,43.64207221350074,118.593,116.76623126805775,118.9271,0.8657142857142871,0.007345899751500103,36.81747269890797,1.2500000000000082,False,TREND_SUPPORT_NOT_CONFIRMED|RSI_NOT_BELOW_32|CLOSE_NOT_NEAR_OR_BELOW_LOWER_BB|CLOSE_NOT_ABOVE_MA200
2026-10-01T13:02:55.120191+00:00,SIE_OLD_MR_REGIME_EXHAUSTION_CONFIRM_V1,SOL,SOLUSDT,strategy-lab-v1.0.0:SIE_OLD_MR_REGIME_EXHAUSTION_CONFIRM_V1,1790845200000,2026-10-01T09:00:00+00:00,117.82,118.19,117.5,117.64,54.40313111545993,118.4245,116.9289134929728,118.92354999999999,0.7892857142857151,0.006709331131296456,43.64207221350074,1.25,False,TREND_SUPPORT_NOT_CONFIRMED|RSI_NOT_BELOW_32|CLOSE_NOT_NEAR_OR_BELOW_LOWER_BB|CLOSE_NOT_ABOVE_MA200|RSI_RECOVERY_NOT_CONFIRMED
2026-10-01T13:02:55.120191+00:00,SIE_OLD_MR_REGIME_EXHAUSTION_CONFIRM_V1,SOL,SOLUSDT,strategy-lab-v1.0.0:SIE_OLD_MR_REGIME_EXHAUSTION_CONFIRM_V1,1790848800000,2026-10-01T10:00:00+00:00,117.65,118.18,116.95,117.96,49.78448275862058,118.38499999999999,116.88416689801903,118.921,0.807857142857144,0.006848568522017159,54.40313111545993,1.2499999999999956,False,TREND_SUPPORT_NOT_CONFIRMED|PLANNED_REWARD_TOO_LOW|RSI_NOT_BELOW_32|CLOSE_NOT_NEAR_OR_BELOW_LOWER_BB|CLOSE_NOT_ABOVE_MA200|RSI_RECOVERY_NOT_CONFIRMED
2026-10-01T13:02:55.120191+00:00,SIE_OLD_MR_REGIME_EXHAUSTION_CONFIRM_V1,SOL,SOLUSDT,strategy-lab-v1.0.0:SIE_OLD_MR_REGIME_EXHAUSTION_CONFIRM_V1,1790852400000,2026-10-01T11:00:00+00:00,117.97,118.12,117.46,117.92,49.14163090128756,118.31800000000001,116.8603772778933,118.91494999999999,0.8207142857142874,0.006959924403954269,49.78448275862058,1.2500000000000042,False,TREND_SUPPORT_NOT_CONFIRMED|RSI_NOT_BELOW_32|CLOSE_NOT_NEAR_OR_BELOW_LOWER_BB|CLOSE_NOT_ABOVE_MA200|RSI_RECOVERY_NOT_CONFIRMED
2026-10-01T13:02:55.120191+00:00,SIE_OLD_MR_REGIME_EXHAUSTION_CONFIRM_V1,SOL,SOLUSDT,strategy-lab-v1.0.0:SIE_OLD_MR_REGIME_EXHAUSTION_CONFIRM_V1,1790856000000,2026-10-01T12:00:00+00:00,117.93,118.02,117.14,117.31,42.3597678916828,118.17,116.95418751445723,118.90405000000001,0.8214285714285724,0.00700220417209592,49.14163090128756,1.2499999999999958,False,TREND_SUPPORT_NOT_CONFIRMED|PLANNED_REWARD_TOO_LOW|RSI_NOT_BELOW_32|CLOSE_NOT_NEAR_OR_BELOW_LOWER_BB|CLOSE_NOT_ABOVE_MA200|RSI_RECOVERY_NOT_CONFIRMED
2026-10-01T13:02:55.120191+00:00,SIE_OLD_MR_REGIME_EXHAUSTION_CONFIRM_V1,SOL,SOLUSDT,strategy-lab-v1.0.0:SIE_OLD_MR_REGIME_EXHAUSTION_CONFIRM_V1,1790859600000,2026-10-01T13:00:00+00:00,117.33,117.33,117.26,117.26,42.277992277992254,118.077,116.88170756716123,118.8983,0.7871428571428579,0.0067127993957262315,42.3597678916828,1.2499999999999956,False,TREND_SUPPORT_NOT_CONFIRMED|PLANNED_REWARD_TOO_LOW|RSI_NOT_BELOW_32|CLOSE_NOT_NEAR_OR_BELOW_LOWER_BB|CLOSE_NOT_ABOVE_MA200|RSI_RECOVERY_NOT_CONFIRMED
2026-10-01T13:02:55.120191+00:00,SIE_OLD_MR_REGIME_EXHAUSTION_CONFIRM_V1,XRP,XRPUSDT,strategy-lab-v1.0.0:SIE_OLD_MR_REGIME_EXHAUSTION_CONFIRM_V1,1790834400000,2026-10-01T06:00:00+00:00,1.508,1.5081,1.5025,1.5054,44.63601532567066,1.500365,1.4760345026766903,1.5227120000000003,0.009949999999999983,0.006609538992958671,53.39285714285717,1.25,False,TREND_SUPPORT_NOT_CONFIRMED|RSI_NOT_BELOW_32|CLOSE_NOT_NEAR_OR_BELOW_LOWER_BB|CLOSE_NOT_ABOVE_MA200|RSI_RECOVERY_NOT_CONFIRMED
2026-10-01T13:02:55.120191+00:00,SIE_OLD_MR_REGIME_EXHAUSTION_CONFIRM_V1,XRP,XRPUSDT,strategy-lab-v1.0.0:SIE_OLD_MR_REGIME_EXHAUSTION_CONFIRM_V1,1790838000000,2026-10-01T07:00:00+00:00,1.5051,1.5069,1.4796,1.4864,39.55857385398986,1.49892,1.4748780699610125,1.5222810000000002,0.010649999999999969,0.007164962325080711,44.63601532567066,1.25,False,TREND_SUPPORT_NOT_CONFIRMED|RSI_NOT_BELOW_32|CLOSE_NOT_NEAR_OR_BELOW_LOWER_BB|CLOSE_NOT_ABOVE_MA200|RSI_RECOVERY_NOT_CONFIRMED
2026-10-01T13:02:55.120191+00:00,SIE_OLD_MR_REGIME_EXHAUSTION_CONFIRM_V1,XRP,XRPUSDT,strategy-lab-v1.0.0:SIE_OLD_MR_REGIME_EXHAUSTION_CONFIRM_V1,1790841600000,2026-10-01T08:00:00+00:00,1.4863,1.4889,1.4766,1.487,42.83154121863805,1.4965600000000001,1.4782510513682634,1.5217855,0.010685714285714267,0.007186088961475633,39.55857385398986,1.2499999999999896,False,TREND_SUPPORT_NOT_CONFIRMED|PLANNED_REWARD_TOO_LOW|RSI_NOT_BELOW_32|CLOSE_NOT_NEAR_OR_BELOW_LOWER_BB|CLOSE_NOT_ABOVE_MA200
2026-10-01T13:02:55.120191+00:00,SIE_OLD_MR_REGIME_EXHAUSTION_CONFIRM_V1,XRP,XRPUSDT,strategy-lab-v1.0.0:SIE_OLD_MR_REGIME_EXHAUSTION_CONFIRM_V1,1790845200000,2026-10-01T09:00:00+00:00,1.4868,1.4934,1.4858,1.4892,50.58139534883736,1.495055,1.4797720061833564,1.5212990000000002,0.01034285714285713,0.006945243850965034,42.83154121863805,1.2499999999999893,False,TREND_SUPPORT_NOT_CONFIRMED|PLANNED_REWARD_TOO_LOW|RSI_NOT_BELOW_32|CLOSE_NOT_NEAR_OR_BELOW_LOWER_BB|CLOSE_NOT_ABOVE_MA200
2026-10-01T13:02:55.120191+00:00,SIE_OLD_MR_REGIME_EXHAUSTION_CONFIRM_V1,XRP,XRPUSDT,strategy-lab-v1.0.0:SIE_OLD_MR_REGIME_EXHAUSTION_CONFIRM_V1,1790848800000,2026-10-01T10:00:00+00:00,1.4893,1.495,1.4752,1.4928,51.97740112994349,1.494865,1.479569082243959,1.520769,0.010992857142857138,0.007363918236104728,50.58139534883736,1.25,False,TREND_SUPPORT_NOT_CONFIRMED|RSI_NOT_BELOW_32|CLOSE_NOT_NEAR_OR_BELOW_LOWER_BB|CLOSE_NOT_ABOVE_MA200
2026-10-01T13:02:55.120191+00:00,SIE_OLD_MR_REGIME_EXHAUSTION_CONFIRM_V1,XRP,XRPUSDT,strategy-lab-v1.0.0:SIE_OLD_MR_REGIME_EXHAUSTION_CONFIRM_V1,1790852400000,2026-10-01T11:00:00+00:00,1.4927,1.4949,1.4858,1.4924,53.90624999999999,1.494265,1.4795831370392047,1.5201399999999998,0.011049999999999989,0.0074041811846689825,51.97740112994349,1.25,False,TREND_SUPPORT_NOT_CONFIRMED|RSI_NOT_BELOW_32|CLOSE_NOT_NEAR_OR_BELOW_LOWER_BB|CLOSE_NOT_ABOVE_MA200|RSI_RECOVERY_NOT_CONFIRMED
2026-10-01T13:02:55.120191+00:00,SIE_OLD_MR_REGIME_EXHAUSTION_CONFIRM_V1,XRP,XRPUSDT,strategy-lab-v1.0.0:SIE_OLD_MR_REGIME_EXHAUSTION_CONFIRM_V1,1790856000000,2026-10-01T12:00:00+00:00,1.4923,1.4938,1.4834,1.4872,49.023090586145756,1.493075,1.480274082064181,1.5193860000000001,0.011078571428571413,0.0074492814877430156,53.90624999999999,1.25,False,TREND_SUPPORT_NOT_CONFIRMED|RSI_NOT_BELOW_32|CLOSE_NOT_NEAR_OR_BELOW_LOWER_BB|CLOSE_NOT_ABOVE_MA200|RSI_RECOVERY_NOT_CONFIRMED
2026-10-01T13:02:55.120191+00:00,SIE_OLD_MR_REGIME_EXHAUSTION_CONFIRM_V1,XRP,XRPUSDT,strategy-lab-v1.0.0:SIE_OLD_MR_REGIME_EXHAUSTION_CONFIRM_V1,1790859600000,2026-10-01T13:00:00+00:00,1.4874,1.4878,1.4844,1.4866,47.77183600712998,1.49247,1.4796459444792387,1.518775,0.010699999999999979,0.007197632180815269,49.023090586145756,1.25,False,TREND_SUPPORT_NOT_CONFIRMED|RSI_NOT_BELOW_32|CLOSE_NOT_NEAR_OR_BELOW_LOWER_BB|CLOSE_NOT_ABOVE_MA200|RSI_RECOVERY_NOT_CONFIRMED
2026-10-01T13:02:55.120191+00:00,SIE_OLD_MR_REGIME_EXHAUSTION_CONFIRM_V1,DOGE,DOGEUSDT,strategy-lab-v1.0.0:SIE_OLD_MR_REGIME_EXHAUSTION_CONFIRM_V1,1790834400000,2026-10-01T06:00:00+00:00,0.09582,0.0959,0.09543,0.09573,57.422969187674845,0.095092,0.09343469375189688,0.09574810000000002,0.0007171428571428587,0.007491307397292998,56.62983425414352,1.25,False,TREND_SUPPORT_NOT_CONFIRMED|RSI_NOT_BELOW_32|CLOSE_NOT_NEAR_OR_BELOW_LOWER_BB|CLOSE_NOT_ABOVE_MA200|RSI_RECOVERY_NOT_CONFIRMED
2026-10-01T13:02:55.120191+00:00,SIE_OLD_MR_REGIME_EXHAUSTION_CONFIRM_V1,DOGE,DOGEUSDT,strategy-lab-v1.0.0:SIE_OLD_MR_REGIME_EXHAUSTION_CONFIRM_V1,1790838000000,2026-10-01T07:00:00+00:00,0.09568,0.09592,0.09404,0.09427,48.926014319809155,0.09501699999999999,0.09335346040023038,0.09571735,0.000762142857142859,0.00808468078013004,57.422969187674845,1.2500000000000047,False,TREND_SUPPORT_NOT_CONFIRMED|RSI_NOT_BELOW_32|CLOSE_NOT_NEAR_OR_BELOW_LOWER_BB|CLOSE_NOT_ABOVE_MA200|RSI_RECOVERY_NOT_CONFIRMED
2026-10-01T13:02:55.120191+00:00,SIE_OLD_MR_REGIME_EXHAUSTION_CONFIRM_V1,DOGE,DOGEUSDT,strategy-lab-v1.0.0:SIE_OLD_MR_REGIME_EXHAUSTION_CONFIRM_V1,1790841600000,2026-10-01T08:00:00+00:00,0.09427,0.0945,0.09372,0.09441,53.15533980582519,0.0948725,0.0935628760081605,0.09568579999999999,0.0007600000000000018,0.008049994703950873,48.926014319809155,1.2499999999999953,False,TREND_SUPPORT_NOT_CONFIRMED|PLANNED_REWARD_TOO_LOW|RSI_NOT_BELOW_32|CLOSE_NOT_NEAR_OR_BELOW_LOWER_BB|CLOSE_NOT_ABOVE_MA200
2026-10-01T13:02:55.120191+00:00,SIE_OLD_MR_REGIME_EXHAUSTION_CONFIRM_V1,DOGE,DOGEUSDT,strategy-lab-v1.0.0:SIE_OLD_MR_REGIME_EXHAUSTION_CONFIRM_V1,1790845200000,2026-10-01T09:00:00+00:00,0.09441,0.09474,0.09424,0.0943,53.9408866995074,0.0947775,0.09359762076889132,0.09565014999999999,0.0007328571428571443,0.007771549765187108,53.15533980582519,1.25,False,TREND_SUPPORT_NOT_CONFIRMED|RSI_NOT_BELOW_32|CLOSE_NOT_NEAR_OR_BELOW_LOWER_BB|CLOSE_NOT_ABOVE_MA200|RSI_RECOVERY_NOT_CONFIRMED
2026-10-01T13:02:55.120191+00:00,SIE_OLD_MR_REGIME_EXHAUSTION_CONFIRM_V1,DOGE,DOGEUSDT,strategy-lab-v1.0.0:SIE_OLD_MR_REGIME_EXHAUSTION_CONFIRM_V1,1790848800000,2026-10-01T10:00:00+00:00,0.09433,0.09493,0.09344,0.09468,53.48258706467665,0.0947765,0.09359632586030636,0.09560675,0.0007821428571428582,0.008260908926308177,53.9408866995074,1.2499999999999956,False,TREND_SUPPORT_NOT_CONFIRMED|PLANNED_REWARD_TOO_LOW|RSI_NOT_BELOW_32|CLOSE_NOT_NEAR_OR_BELOW_LOWER_BB|CLOSE_NOT_ABOVE_MA200|RSI_RECOVERY_NOT_CONFIRMED
2026-10-01T13:02:55.120191+00:00,SIE_OLD_MR_REGIME_EXHAUSTION_CONFIRM_V1,DOGE,DOGEUSDT,strategy-lab-v1.0.0:SIE_OLD_MR_REGIME_EXHAUSTION_CONFIRM_V1,1790852400000,2026-10-01T11:00:00+00:00,0.09464,0.09508,0.0944,0.09491,59.05707196029772,0.09475599999999999,0.09360031146064278,0.0955617,0.0007978571428571438,0.008406460255580485,53.48258706467665,1.2499999999999956,False,TREND_SUPPORT_NOT_CONFIRMED|PLANNED_REWARD_TOO_LOW|RSI_NOT_BELOW_32|CLOSE_NOT_NEAR_OR_BELOW_LOWER_BB|CLOSE_NOT_ABOVE_MA200
2026-10-01T13:02:55.120191+00:00,SIE_OLD_MR_REGIME_EXHAUSTION_CONFIRM_V1,DOGE,DOGEUSDT,strategy-lab-v1.0.0:SIE_OLD_MR_REGIME_EXHAUSTION_CONFIRM_V1,1790856000000,2026-10-01T12:00:00+00:00,0.095,0.09505,0.09427,0.09452,50.96153846153859,0.094722,0.09358063940842448,0.09551665,0.0007921428571428574,0.008380690405658668,59.05707196029772,1.25,False,TREND_SUPPORT_NOT_CONFIRMED|RSI_NOT_BELOW_32|CLOSE_NOT_NEAR_OR_BELOW_LOWER_BB|CLOSE_NOT_ABOVE_MA200|RSI_RECOVERY_NOT_CONFIRMED
2026-10-01T13:02:55.120191+00:00,SIE_OLD_MR_REGIME_EXHAUSTION_CONFIRM_V1,DOGE,DOGEUSDT,strategy-lab-v1.0.0:SIE_OLD_MR_REGIME_EXHAUSTION_CONFIRM_V1,1790859600000,2026-10-01T13:00:00+00:00,0.09447,0.09448,0.09428,0.09448,49.87951807228904,0.094728,0.09359307092732559,0.09548209999999999,0.0007757142857142864,0.008210354421192702,50.96153846153859,1.2499999999999956,False,TREND_SUPPORT_NOT_CONFIRMED|PLANNED_REWARD_TOO_LOW|RSI_NOT_BELOW_32|CLOSE_NOT_NEAR_OR_BELOW_LOWER_BB|CLOSE_NOT_ABOVE_MA200|RSI_RECOVERY_NOT_CONFIRMED
2026-10-01T13:02:55.120191+00:00,SIE_OLD_MR_REGIME_EXHAUSTION_CONFIRM_V1,BNB,BNBUSDT,strategy-lab-v1.0.0:SIE_OLD_MR_REGIME_EXHAUSTION_CONFIRM_V1,1790834400000,2026-10-01T06:00:00+00:00,771.58,772.14,770.33,770.38,52.27400336889371,769.2634999999999,764.5932954006229,771.14165,2.888571428571441,0.003749541042824893,56.75355450236983,1.2500000000000098,False,TREND_SUPPORT_NOT_CONFIRMED|RSI_NOT_BELOW_32|CLOSE_NOT_NEAR_OR_BELOW_LOWER_BB|CLOSE_NOT_ABOVE_MA200|RSI_RECOVERY_NOT_CONFIRMED
2026-10-01T13:02:55.120191+00:00,SIE_OLD_MR_REGIME_EXHAUSTION_CONFIRM_V1,BNB,BNBUSDT,strategy-lab-v1.0.0:SIE_OLD_MR_REGIME_EXHAUSTION_CONFIRM_V1,1790838000000,2026-10-01T07:00:00+00:00,770.31,771.56,762.36,763.44,38.15573770491813,768.917,763.6379542528937,771.01735,3.318571428571431,0.004346866064879272,52.27400336889371,1.25,False,TREND_SUPPORT_NOT_CONFIRMED|RSI_NOT_BELOW_32|CLOSE_NOT_ABOVE_MA200|RSI_RECOVERY_NOT_CONFIRMED
2026-10-01T13:02:55.120191+00:00,SIE_OLD_MR_REGIME_EXHAUSTION_CONFIRM_V1,BNB,BNBUSDT,strategy-lab-v1.0.0:SIE_OLD_MR_REGIME_EXHAUSTION_CONFIRM_V1,1790841600000,2026-10-01T08:00:00+00:00,763.66,766.47,763.24,765.86,44.73684210526318,768.3820000000001,764.2698978611857,770.8956999999999,3.357142857142857,0.0043834941858079245,38.15573770491813,1.2500000000000169,False,TREND_SUPPORT_NOT_CONFIRMED|RSI_NOT_BELOW_32|CLOSE_NOT_NEAR_OR_BELOW_LOWER_BB|CLOSE_NOT_ABOVE_MA200
2026-10-01T13:02:55.120191+00:00,SIE_OLD_MR_REGIME_EXHAUSTION_CONFIRM_V1,BNB,BNBUSDT,strategy-lab-v1.0.0:SIE_OLD_MR_REGIME_EXHAUSTION_CONFIRM_V1,1790845200000,2026-10-01T09:00:00+00:00,766.08,769.32,765.73,768.61,56.71758715236989,768.242,764.3680325246536,770.795,3.3121428571428573,0.004309263289760551,44.73684210526318,1.249999999999983,False,TREND_SUPPORT_NOT_CONFIRMED|PLANNED_REWARD_TOO_LOW|RSI_NOT_BELOW_32|CLOSE_NOT_NEAR_OR_BELOW_LOWER_BB|CLOSE_NOT_ABOVE_MA200
2026-10-01T13:02:55.120191+00:00,SIE_OLD_MR_REGIME_EXHAUSTION_CONFIRM_V1,BNB,BNBUSDT,strategy-lab-v1.0.0:SIE_OLD_MR_REGIME_EXHAUSTION_CONFIRM_V1,1790848800000,2026-10-01T10:00:00+00:00,768.47,771.44,765.18,769.89,55.551086082059534,768.4405,764.657001751019,770.67985,3.48000000000001,0.004520126251802219,56.71758715236989,1.25,False,TREND_SUPPORT_NOT_CONFIRMED|RSI_NOT_BELOW_32|CLOSE_NOT_NEAR_OR_BELOW_LOWER_BB|CLOSE_NOT_ABOVE_MA200|RSI_RECOVERY_NOT_CONFIRMED
2026-10-01T13:02:55.120191+00:00,SIE_OLD_MR_REGIME_EXHAUSTION_CONFIRM_V1,BNB,BNBUSDT,strategy-lab-v1.0.0:SIE_OLD_MR_REGIME_EXHAUSTION_CONFIRM_V1,1790852400000,2026-10-01T11:00:00+00:00,770.13,771.47,769.08,770.44,58.3977226514846,768.4975,764.6304966382169,770.5504,3.5257142857142947,0.004576234730432343,55.551086082059534,1.250000000000008,False,TREND_SUPPORT_NOT_CONFIRMED|RSI_NOT_BELOW_32|CLOSE_NOT_NEAR_OR_BELOW_LOWER_BB|CLOSE_NOT_ABOVE_MA200
2026-10-01T13:02:55.120191+00:00,SIE_OLD_MR_REGIME_EXHAUSTION_CONFIRM_V1,BNB,BNBUSDT,strategy-lab-v1.0.0:SIE_OLD_MR_REGIME_EXHAUSTION_CONFIRM_V1,1790856000000,2026-10-01T12:00:00+00:00,770.47,770.71,767.48,767.91,46.85547688463142,768.4145,764.5719567016048,770.4159999999999,3.4635714285714454,0.00451038719195146,58.3977226514846,1.25,False,TREND_SUPPORT_NOT_CONFIRMED|RSI_NOT_BELOW_32|CLOSE_NOT_NEAR_OR_BELOW_LOWER_BB|CLOSE_NOT_ABOVE_MA200|RSI_RECOVERY_NOT_CONFIRMED
2026-10-01T13:02:55.120191+00:00,SIE_OLD_MR_REGIME_EXHAUSTION_CONFIRM_V1,BNB,BNBUSDT,strategy-lab-v1.0.0:SIE_OLD_MR_REGIME_EXHAUSTION_CONFIRM_V1,1790859600000,2026-10-01T13:00:00+00:00,768.41,768.41,767.67,767.67,47.3883740522325,768.337,764.5000475634897,770.3021500000001,3.343571428571441,0.004355480126319175,46.85547688463142,1.2500000000000084,False,TREND_SUPPORT_NOT_CONFIRMED|RSI_NOT_BELOW_32|CLOSE_NOT_NEAR_OR_BELOW_LOWER_BB|CLOSE_NOT_ABOVE_MA200|RSI_RECOVERY_NOT_CONFIRMED
2026-10-01T13:02:55.120191+00:00,SIE_OLD_MR_REGIME_EXHAUSTION_CONFIRM_V1,PAXG,PAXGUSDT,strategy-lab-v1.0.0:SIE_OLD_MR_REGIME_EXHAUSTION_CONFIRM_V1,1790834400000,2026-10-01T06:00:00+00:00,4194.55,4196.67,4185.04,4187.19,65.50998948475225,4173.3205,4144.364895723807,4237.71985,9.54642857142861,0.002279912918073603,74.66500467435351,1.2500000000000238,False,TREND_SUPPORT_NOT_CONFIRMED|RSI_NOT_BELOW_32|CLOSE_NOT_NEAR_OR_BELOW_LOWER_BB|CLOSE_NOT_ABOVE_MA200|RSI_RECOVERY_NOT_CONFIRMED
2026-10-01T13:02:55.120191+00:00,SIE_OLD_MR_REGIME_EXHAUSTION_CONFIRM_V1,PAXG,PAXGUSDT,strategy-lab-v1.0.0:SIE_OLD_MR_REGIME_EXHAUSTION_CONFIRM_V1,1790838000000,2026-10-01T07:00:00+00:00,4185.66,4185.66,4161.8,4169.88,57.34385272846806,4172.3234999999995,4144.352592059794,4236.7713,10.545000000000007,0.002528849751071975,65.50998948475225,1.250000000000043,False,TREND_SUPPORT_NOT_CONFIRMED|RSI_NOT_BELOW_32|CLOSE_NOT_NEAR_OR_BELOW_LOWER_BB|CLOSE_NOT_ABOVE_MA200|RSI_RECOVERY_NOT_CONFIRMED
2026-10-01T13:02:55.120191+00:00,SIE_OLD_MR_REGIME_EXHAUSTION_CONFIRM_V1,PAXG,PAXGUSDT,strategy-lab-v1.0.0:SIE_OLD_MR_REGIME_EXHAUSTION_CONFIRM_V1,1790841600000,2026-10-01T08:00:00+00:00,4171.56,4172.23,4159.07,4161.0,50.372327648330455,4169.655499999999,4149.01259179889,4235.80755,10.985714285714298,0.0026401620489580144,57.34385272846806,1.25,False,TREND_SUPPORT_NOT_CONFIRMED|RSI_NOT_BELOW_32|CLOSE_NOT_NEAR_OR_BELOW_LOWER_BB|CLOSE_NOT_ABOVE_MA200|RSI_RECOVERY_NOT_CONFIRMED
2026-10-01T13:02:55.120191+00:00,SIE_OLD_MR_REGIME_EXHAUSTION_CONFIRM_V1,PAXG,PAXGUSDT,strategy-lab-v1.0.0:SIE_OLD_MR_REGIME_EXHAUSTION_CONFIRM_V1,1790845200000,2026-10-01T09:00:00+00:00,4163.9,4169.7,4161.19,4161.19,47.80851332575457,4168.563499999999,4148.565567831912,4234.92,11.115714285714278,0.0026712825623714078,50.372327648330455,1.2500000000000204,False,TREND_SUPPORT_NOT_CONFIRMED|RSI_NOT_BELOW_32|CLOSE_NOT_NEAR_OR_BELOW_LOWER_BB|CLOSE_NOT_ABOVE_MA200|RSI_RECOVERY_NOT_CONFIRMED
2026-10-01T13:02:55.120191+00:00,SIE_OLD_MR_REGIME_EXHAUSTION_CONFIRM_V1,PAXG,PAXGUSDT,strategy-lab-v1.0.0:SIE_OLD_MR_REGIME_EXHAUSTION_CONFIRM_V1,1790848800000,2026-10-01T10:00:00+00:00,4161.35,4184.44,4159.49,4180.79,57.48096316114416,4168.989,4148.341286421992,4234.16615,12.338571428571413,0.002951253573743578,47.80851332575457,1.2500000000000184,False,TREND_SUPPORT_NOT_CONFIRMED|RSI_NOT_BELOW_32|CLOSE_NOT_NEAR_OR_BELOW_LOWER_BB|CLOSE_NOT_ABOVE_MA200
2026-10-01T13:02:55.120191+00:00,SIE_OLD_MR_REGIME_EXHAUSTION_CONFIRM_V1,PAXG,PAXGUSDT,strategy-lab-v1.0.0:SIE_OLD_MR_REGIME_EXHAUSTION_CONFIRM_V1,1790852400000,2026-10-01T11:00:00+00:00,4180.61,4191.1,4175.04,4188.87,60.90103819411381,4170.321,4148.204372861138,4233.4015,13.207142857142896,0.003152913042692396,57.48096316114416,1.2500000000000173,False,TREND_SUPPORT_NOT_CONFIRMED|RSI_NOT_BELOW_32|CLOSE_NOT_NEAR_OR_BELOW_LOWER_BB|CLOSE_NOT_ABOVE_MA200
2026-10-01T13:02:55.120191+00:00,SIE_OLD_MR_REGIME_EXHAUSTION_CONFIRM_V1,PAXG,PAXGUSDT,strategy-lab-v1.0.0:SIE_OLD_MR_REGIME_EXHAUSTION_CONFIRM_V1,1790856000000,2026-10-01T12:00:00+00:00,4187.54,4192.17,4181.95,4185.62,62.150077760497545,4171.275,4148.2650582356355,4232.61875,13.503571428571506,0.0032261818866909818,60.90103819411381,1.2500000000000338,False,TREND_SUPPORT_NOT_CONFIRMED|RSI_NOT_BELOW_32|CLOSE_NOT_NEAR_OR_BELOW_LOWER_BB|CLOSE_NOT_ABOVE_MA200|RSI_RECOVERY_NOT_CONFIRMED
2026-10-01T13:02:55.120191+00:00,SIE_OLD_MR_REGIME_EXHAUSTION_CONFIRM_V1,PAXG,PAXGUSDT,strategy-lab-v1.0.0:SIE_OLD_MR_REGIME_EXHAUSTION_CONFIRM_V1,1790859600000,2026-10-01T13:00:00+00:00,4185.36,4186.17,4184.12,4184.75,60.9399529042386,4172.576999999999,4149.611463124075,4231.8767,13.404285714285768,0.00320312700024751,62.150077760497545,1.2499999999999831,False,TREND_SUPPORT_NOT_CONFIRMED|PLANNED_REWARD_TOO_LOW|RSI_NOT_BELOW_32|CLOSE_NOT_NEAR_OR_BELOW_LOWER_BB|CLOSE_NOT_ABOVE_MA200|RSI_RECOVERY_NOT_CONFIRMED
2026-10-01T19:28:15.945552+00:00,SIE_OLD_MR_REGIME_EXHAUSTION_CONFIRM_V1,BTC,BTCUSDT,strategy-lab-v1.0.0:SIE_OLD_MR_REGIME_EXHAUSTION_CONFIRM_V1,1790859600000,2026-10-01T13:00:00+00:00,83708.07,84012.99,83396.24,83913.54,56.322664647565304,83723.8315,83248.71315283586,84016.19789999998,423.3035714285735,0.005044520484162312,51.505537331010224,1.25,False,TREND_SUPPORT_NOT_CONFIRMED|RSI_NOT_BELOW_32|CLOSE_NOT_NEAR_OR_BELOW_LOWER_BB|CLOSE_NOT_ABOVE_MA200
2026-10-01T19:28:15.945552+00:00,SIE_OLD_MR_REGIME_EXHAUSTION_CONFIRM_V1,BTC,BTCUSDT,strategy-lab-v1.0.0:SIE_OLD_MR_REGIME_EXHAUSTION_CONFIRM_V1,1790863200000,2026-10-01T14:00:00+00:00,83901.84,84322.25,83516.29,84026.41,60.06920463995269,83729.55649999999,83242.89194754936,84004.0474,463.83928571428777,0.005520160693694849,56.322664647565304,1.2499999999999842,False,TREND_SUPPORT_NOT_CONFIRMED|PLANNED_REWARD_TOO_LOW|RSI_NOT_BELOW_32|CLOSE_NOT_NEAR_OR_BELOW_LOWER_BB
2026-10-01T19:28:15.945552+00:00,SIE_OLD_MR_REGIME_EXHAUSTION_CONFIRM_V1,BTC,BTCUSDT,strategy-lab-v1.0.0:SIE_OLD_MR_REGIME_EXHAUSTION_CONFIRM_V1,1790866800000,2026-10-01T15:00:00+00:00,84026.41,84340.03,83779.26,84130.06,61.41415379586502,83758.218,83248.63956420727,83994.0567,488.7035714285739,0.005808905537789631,60.06920463995269,1.2499999999999851,False,TREND_SUPPORT_NOT_CONFIRMED|PLANNED_REWARD_TOO_LOW|RSI_NOT_BELOW_32|CLOSE_NOT_NEAR_OR_BELOW_LOWER_BB
2026-10-01T19:28:15.945552+00:00,SIE_OLD_MR_REGIME_EXHAUSTION_CONFIRM_V1,BTC,BTCUSDT,strategy-lab-v1.0.0:SIE_OLD_MR_REGIME_EXHAUSTION_CONFIRM_V1,1790870400000,2026-10-01T16:00:00+00:00,84130.07,84553.7,84027.78,84164.7,62.45965248472735,83785.3735,83250.55336323257,83985.37115,507.3835714285732,0.00602846052357548,61.41415379586502,1.2499999999999856,False,TREND_SUPPORT_NOT_CONFIRMED|PLANNED_REWARD_TOO_LOW|RSI_NOT_BELOW_32|CLOSE_NOT_NEAR_OR_BELOW_LOWER_BB
2026-10-01T19:28:15.945552+00:00,SIE_OLD_MR_REGIME_EXHAUSTION_CONFIRM_V1,BTC,BTCUSDT,strategy-lab-v1.0.0:SIE_OLD_MR_REGIME_EXHAUSTION_CONFIRM_V1,1790874000000,2026-10-01T17:00:00+00:00,84164.71,85057.73,84157.02,84872.88,67.36328753851107,83843.7915,83131.3249761465,83980.4912,546.268571428572,0.00643631477367767,62.45965248472735,1.2499999999999867,False,TREND_SUPPORT_NOT_CONFIRMED|PLANNED_REWARD_TOO_LOW|RSI_NOT_BELOW_32|CLOSE_NOT_NEAR_OR_BELOW_LOWER_BB
2026-10-01T19:28:15.945552+00:00,SIE_OLD_MR_REGIME_EXHAUSTION_CONFIRM_V1,BTC,BTCUSDT,strategy-lab-v1.0.0:SIE_OLD_MR_REGIME_EXHAUSTION_CONFIRM_V1,1790877600000,2026-10-01T18:00:00+00:00,84872.88,85244.0,84625.02,84769.93,61.35587038316795,83900.9375,83090.57119589063,83974.80755000001,554.768571428571,0.006544402849318987,67.36328753851107,1.249999999999987,False,TREND_SUPPORT_NOT_CONFIRMED|PLANNED_REWARD_TOO_LOW|RSI_NOT_BELOW_32|CLOSE_NOT_NEAR_OR_BELOW_LOWER_BB|RSI_RECOVERY_NOT_CONFIRMED
2026-10-01T19:28:15.945552+00:00,SIE_OLD_MR_REGIME_EXHAUSTION_CONFIRM_V1,BTC,BTCUSDT,strategy-lab-v1.0.0:SIE_OLD_MR_REGIME_EXHAUSTION_CONFIRM_V1,1790881200000,2026-10-01T19:00:00+00:00,84769.93,84872.27,84570.0,84585.96,55.35596862921219,83952.4285,83106.16473709162,83969.54879999999,550.702142857143,0.006510562070314542,61.35587038316795,1.2499999999999933,False,TREND_SUPPORT_NOT_CONFIRMED|PLANNED_REWARD_TOO_LOW|RSI_NOT_BELOW_32|CLOSE_NOT_NEAR_OR_BELOW_LOWER_BB|RSI_RECOVERY_NOT_CONFIRMED
2026-10-01T19:28:15.945552+00:00,SIE_OLD_MR_REGIME_EXHAUSTION_CONFIRM_V1,SOL,SOLUSDT,strategy-lab-v1.0.0:SIE_OLD_MR_REGIME_EXHAUSTION_CONFIRM_V1,1790863200000,2026-10-01T14:00:00+00:00,117.92,118.18,116.88,117.35,45.49839228295816,118.046,116.89173140040893,118.89385,0.951428571428573,0.008107614583967387,49.04679376083189,1.2499999999999925,False,TREND_SUPPORT_NOT_CONFIRMED|PLANNED_REWARD_TOO_LOW|RSI_NOT_BELOW_32|CLOSE_NOT_NEAR_OR_BELOW_LOWER_BB|CLOSE_NOT_ABOVE_MA200|RSI_RECOVERY_NOT_CONFIRMED
2026-10-01T19:28:15.945552+00:00,SIE_OLD_MR_REGIME_EXHAUSTION_CONFIRM_V1,SOL,SOLUSDT,strategy-lab-v1.0.0:SIE_OLD_MR_REGIME_EXHAUSTION_CONFIRM_V1,1790866800000,2026-10-01T15:00:00+00:00,117.35,117.9,116.64,117.32,44.3902439024389,118.05250000000001,116.91626278885,118.891,1.0014285714285731,0.008535872582923399,45.49839228295816,1.2499999999999964,False,TREND_SUPPORT_NOT_CONFIRMED|PLANNED_REWARD_TOO_LOW|RSI_NOT_BELOW_32|CLOSE_NOT_NEAR_OR_BELOW_LOWER_BB|CLOSE_NOT_ABOVE_MA200|RSI_RECOVERY_NOT_CONFIRMED
2026-10-01T19:28:15.945552+00:00,SIE_OLD_MR_REGIME_EXHAUSTION_CONFIRM_V1,SOL,SOLUSDT,strategy-lab-v1.0.0:SIE_OLD_MR_REGIME_EXHAUSTION_CONFIRM_V1,1790870400000,2026-10-01T16:00:00+00:00,117.31,117.93,116.87,117.09,41.878980891719735,118.00800000000001,116.79666024584269,118.88959999999999,1.0307142857142872,0.008802752461476533,44.3902439024389,1.25,False,TREND_SUPPORT_NOT_CONFIRMED|RSI_NOT_BELOW_32|CLOSE_NOT_NEAR_OR_BELOW_LOWER_BB|CLOSE_NOT_ABOVE_MA200|RSI_RECOVERY_NOT_CONFIRMED
2026-10-01T19:28:15.945552+00:00,SIE_OLD_MR_REGIME_EXHAUSTION_CONFIRM_V1,SOL,SOLUSDT,strategy-lab-v1.0.0:SIE_OLD_MR_REGIME_EXHAUSTION_CONFIRM_V1,1790874000000,2026-10-01T17:00:00+00:00,117.08,119.11,117.08,118.32,48.07965860597431,118.024,116.80507588423154,118.8943,1.1128571428571448,0.009405486332464037,41.878980891719735,1.25,False,TREND_SUPPORT_NOT_CONFIRMED|RSI_NOT_BELOW_32|CLOSE_NOT_NEAR_OR_BELOW_LOWER_BB|CLOSE_NOT_ABOVE_MA200
2026-10-01T19:28:15.945552+00:00,SIE_OLD_MR_REGIME_EXHAUSTION_CONFIRM_V1,SOL,SOLUSDT,strategy-lab-v1.0.0:SIE_OLD_MR_REGIME_EXHAUSTION_CONFIRM_V1,1790877600000,2026-10-01T18:00:00+00:00,118.31,119.02,118.03,118.35,44.86404833836849,118.0365,116.80961328966285,118.89795,1.1078571428571442,0.009360854608002908,48.07965860597431,1.25,False,TREND_SUPPORT_NOT_CONFIRMED|RSI_NOT_BELOW_32|CLOSE_NOT_NEAR_OR_BELOW_LOWER_BB|CLOSE_NOT_ABOVE_MA200|RSI_RECOVERY_NOT_CONFIRMED
2026-10-01T19:28:15.945552+00:00,SIE_OLD_MR_REGIME_EXHAUSTION_CONFIRM_V1,SOL,SOLUSDT,strategy-lab-v1.0.0:SIE_OLD_MR_REGIME_EXHAUSTION_CONFIRM_V1,1790881200000,2026-10-01T19:00:00+00:00,118.33,118.6,117.9,117.9,39.16913946587532,118.02849999999998,116.80024473337096,118.90205,1.1164285714285722,0.009469283896764819,44.86404833836849,1.25,False,TREND_SUPPORT_NOT_CONFIRMED|RSI_NOT_BELOW_32|CLOSE_NOT_NEAR_OR_BELOW_LOWER_BB|CLOSE_NOT_ABOVE_MA200|RSI_RECOVERY_NOT_CONFIRMED
2026-10-01T19:28:15.945552+00:00,SIE_OLD_MR_REGIME_EXHAUSTION_CONFIRM_V1,XRP,XRPUSDT,strategy-lab-v1.0.0:SIE_OLD_MR_REGIME_EXHAUSTION_CONFIRM_V1,1790863200000,2026-10-01T14:00:00+00:00,1.4894,1.4899,1.474,1.4822,43.75987361769352,1.4919550000000001,1.4785912467846916,1.5180654999999998,0.01226428571428568,0.008274379782948104,50.0,1.249999999999991,False,TREND_SUPPORT_NOT_CONFIRMED|PLANNED_REWARD_TOO_LOW|RSI_NOT_BELOW_32|CLOSE_NOT_NEAR_OR_BELOW_LOWER_BB|CLOSE_NOT_ABOVE_MA200|RSI_RECOVERY_NOT_CONFIRMED
2026-10-01T19:28:15.945552+00:00,SIE_OLD_MR_REGIME_EXHAUSTION_CONFIRM_V1,XRP,XRPUSDT,strategy-lab-v1.0.0:SIE_OLD_MR_REGIME_EXHAUSTION_CONFIRM_V1,1790866800000,2026-10-01T15:00:00+00:00,1.4821,1.4914,1.4756,1.4866,48.34337349397592,1.491855,1.4783630060776893,1.5174144999999999,0.01282142857142854,0.00862466606446155,43.75987361769352,1.2500000000000042,False,TREND_SUPPORT_NOT_CONFIRMED|RSI_NOT_BELOW_32|CLOSE_NOT_NEAR_OR_BELOW_LOWER_BB|CLOSE_NOT_ABOVE_MA200
2026-10-01T19:28:15.945552+00:00,SIE_OLD_MR_REGIME_EXHAUSTION_CONFIRM_V1,XRP,XRPUSDT,strategy-lab-v1.0.0:SIE_OLD_MR_REGIME_EXHAUSTION_CONFIRM_V1,1790870400000,2026-10-01T16:00:00+00:00,1.4866,1.4914,1.4781,1.4809,42.196531791907546,1.491365,1.4770538470066292,1.5168325000000003,0.013292857142857122,0.00897620173060782,48.34337349397592,1.2499999999999958,False,TREND_SUPPORT_NOT_CONFIRMED|PLANNED_REWARD_TOO_LOW|RSI_NOT_BELOW_32|CLOSE_NOT_NEAR_OR_BELOW_LOWER_BB|CLOSE_NOT_ABOVE_MA200|RSI_RECOVERY_NOT_CONFIRMED
2026-10-01T19:28:15.945552+00:00,SIE_OLD_MR_REGIME_EXHAUSTION_CONFIRM_V1,XRP,XRPUSDT,strategy-lab-v1.0.0:SIE_OLD_MR_REGIME_EXHAUSTION_CONFIRM_V1,1790874000000,2026-10-01T17:00:00+00:00,1.481,1.5054,1.4802,1.4996,49.74874371859299,1.491925,1.477249867973348,1.5163605000000002,0.014264285714285714,0.009512060358952863,42.196531791907546,1.250000000000004,False,TREND_SUPPORT_NOT_CONFIRMED|RSI_NOT_BELOW_32|CLOSE_NOT_NEAR_OR_BELOW_LOWER_BB|CLOSE_NOT_ABOVE_MA200
2026-10-01T19:28:15.945552+00:00,SIE_OLD_MR_REGIME_EXHAUSTION_CONFIRM_V1,XRP,XRPUSDT,strategy-lab-v1.0.0:SIE_OLD_MR_REGIME_EXHAUSTION_CONFIRM_V1,1790877600000,2026-10-01T18:00:00+00:00,1.4996,1.509,1.4957,1.5006,48.11932555123207,1.49254,1.477497739531584,1.5158915000000002,0.014314285714285708,0.00953904152624664,49.74874371859299,1.25,False,TREND_SUPPORT_NOT_CONFIRMED|RSI_NOT_BELOW_32|CLOSE_NOT_NEAR_OR_BELOW_LOWER_BB|CLOSE_NOT_ABOVE_MA200|RSI_RECOVERY_NOT_CONFIRMED
2026-10-01T19:28:15.945552+00:00,SIE_OLD_MR_REGIME_EXHAUSTION_CONFIRM_V1,XRP,XRPUSDT,strategy-lab-v1.0.0:SIE_OLD_MR_REGIME_EXHAUSTION_CONFIRM_V1,1790881200000,2026-10-01T19:00:00+00:00,1.5004,1.5036,1.496,1.4971,42.68774703557314,1.4929400000000002,1.4778594960296525,1.5155129999999999,0.014278571428571427,0.009537486760117177,48.11932555123207,1.249999999999996,False,TREND_SUPPORT_NOT_CONFIRMED|PLANNED_REWARD_TOO_LOW|RSI_NOT_BELOW_32|CLOSE_NOT_NEAR_OR_BELOW_LOWER_BB|CLOSE_NOT_ABOVE_MA200|RSI_RECOVERY_NOT_CONFIRMED
2026-10-01T19:28:15.945552+00:00,SIE_OLD_MR_REGIME_EXHAUSTION_CONFIRM_V1,DOGE,DOGEUSDT,strategy-lab-v1.0.0:SIE_OLD_MR_REGIME_EXHAUSTION_CONFIRM_V1,1790863200000,2026-10-01T14:00:00+00:00,0.0946,0.09486,0.09381,0.09412,46.26556016597508,0.0947365,0.09360378158838957,0.09544269999999999,0.0008821428571428581,0.009372533543804273,52.22482435597186,1.2500000000000078,False,TREND_SUPPORT_NOT_CONFIRMED|RSI_NOT_BELOW_32|CLOSE_NOT_NEAR_OR_BELOW_LOWER_BB|CLOSE_NOT_ABOVE_MA200|RSI_RECOVERY_NOT_CONFIRMED
2026-10-01T19:28:15.945552+00:00,SIE_OLD_MR_REGIME_EXHAUSTION_CONFIRM_V1,DOGE,DOGEUSDT,strategy-lab-v1.0.0:SIE_OLD_MR_REGIME_EXHAUSTION_CONFIRM_V1,1790866800000,2026-10-01T15:00:00+00:00,0.09416,0.09481,0.09353,0.09427,45.70230607966461,0.094751,0.09365042015282794,0.09540975,0.0009150000000000011,0.009706163148403533,46.26556016597508,1.25,False,TREND_SUPPORT_NOT_CONFIRMED|RSI_NOT_BELOW_32|CLOSE_NOT_NEAR_OR_BELOW_LOWER_BB|CLOSE_NOT_ABOVE_MA200|RSI_RECOVERY_NOT_CONFIRMED
2026-10-01T19:28:15.945552+00:00,SIE_OLD_MR_REGIME_EXHAUSTION_CONFIRM_V1,DOGE,DOGEUSDT,strategy-lab-v1.0.0:SIE_OLD_MR_REGIME_EXHAUSTION_CONFIRM_V1,1790870400000,2026-10-01T16:00:00+00:00,0.09425,0.09456,0.09356,0.09374,33.47547974413641,0.094718,0.0935404160327173,0.09537975000000001,0.0009300000000000012,0.009921058246212942,45.70230607966461,1.2499999999999962,False,TREND_SUPPORT_NOT_CONFIRMED|PLANNED_REWARD_TOO_LOW|RSI_NOT_BELOW_32|CLOSE_NOT_NEAR_OR_BELOW_LOWER_BB|CLOSE_NOT_ABOVE_MA200|RSI_RECOVERY_NOT_CONFIRMED
2026-10-01T19:28:15.945552+00:00,SIE_OLD_MR_REGIME_EXHAUSTION_CONFIRM_V1,DOGE,DOGEUSDT,strategy-lab-v1.0.0:SIE_OLD_MR_REGIME_EXHAUSTION_CONFIRM_V1,1790874000000,2026-10-01T17:00:00+00:00,0.09374,0.09524,0.09374,0.09484,42.32902033271703,0.094751,0.09359885591178826,0.0953545,0.0009728571428571443,0.010257877929746357,33.47547974413641,1.2500000000000036,False,TREND_SUPPORT_NOT_CONFIRMED|RSI_NOT_BELOW_32|CLOSE_NOT_NEAR_OR_BELOW_LOWER_BB|CLOSE_NOT_ABOVE_MA200
2026-10-01T19:28:15.945552+00:00,SIE_OLD_MR_REGIME_EXHAUSTION_CONFIRM_V1,DOGE,DOGEUSDT,strategy-lab-v1.0.0:SIE_OLD_MR_REGIME_EXHAUSTION_CONFIRM_V1,1790877600000,2026-10-01T18:00:00+00:00,0.0948,0.09542,0.09466,0.09495,43.169398907103925,0.0947765,0.09363045855223238,0.0953289,0.0009778571428571445,0.010298653426615527,42.32902033271703,1.25,False,TREND_SUPPORT_NOT_CONFIRMED|RSI_NOT_BELOW_32|CLOSE_NOT_NEAR_OR_BELOW_LOWER_BB|CLOSE_NOT_ABOVE_MA200
2026-10-01T19:28:15.945552+00:00,SIE_OLD_MR_REGIME_EXHAUSTION_CONFIRM_V1,DOGE,DOGEUSDT,strategy-lab-v1.0.0:SIE_OLD_MR_REGIME_EXHAUSTION_CONFIRM_V1,1790881200000,2026-10-01T19:00:00+00:00,0.09496,0.09515,0.09456,0.0946,39.54703832752616,0.094782,0.0936404641924139,0.09530519999999999,0.000992142857142858,0.01048776804590759,43.169398907103925,1.2500000000000069,False,TREND_SUPPORT_NOT_CONFIRMED|RSI_NOT_BELOW_32|CLOSE_NOT_NEAR_OR_BELOW_LOWER_BB|CLOSE_NOT_ABOVE_MA200|RSI_RECOVERY_NOT_CONFIRMED
2026-10-01T19:28:15.945552+00:00,SIE_OLD_MR_REGIME_EXHAUSTION_CONFIRM_V1,BNB,BNBUSDT,strategy-lab-v1.0.0:SIE_OLD_MR_REGIME_EXHAUSTION_CONFIRM_V1,1790863200000,2026-10-01T14:00:00+00:00,769.32,771.0,765.82,767.08,45.23641496118573,768.394,764.4278108970893,770.1929999999999,3.776428571428588,0.004923122192507415,52.775636083269184,1.249999999999985,False,TREND_SUPPORT_NOT_CONFIRMED|PLANNED_REWARD_TOO_LOW|RSI_NOT_BELOW_32|CLOSE_NOT_NEAR_OR_BELOW_LOWER_BB|CLOSE_NOT_ABOVE_MA200|RSI_RECOVERY_NOT_CONFIRMED
2026-10-01T19:28:15.945552+00:00,SIE_OLD_MR_REGIME_EXHAUSTION_CONFIRM_V1,BNB,BNBUSDT,strategy-lab-v1.0.0:SIE_OLD_MR_REGIME_EXHAUSTION_CONFIRM_V1,1790866800000,2026-10-01T15:00:00+00:00,766.51,768.38,764.18,765.96,44.840853445260706,768.433,764.5802757690113,770.0804,3.9000000000000177,0.005091649694501041,45.23641496118573,1.2500000000000073,False,TREND_SUPPORT_NOT_CONFIRMED|RSI_NOT_BELOW_32|CLOSE_NOT_NEAR_OR_BELOW_LOWER_BB|CLOSE_NOT_ABOVE_MA200|RSI_RECOVERY_NOT_CONFIRMED
2026-10-01T19:28:15.945552+00:00,SIE_OLD_MR_REGIME_EXHAUSTION_CONFIRM_V1,BNB,BNBUSDT,strategy-lab-v1.0.0:SIE_OLD_MR_REGIME_EXHAUSTION_CONFIRM_V1,1790870400000,2026-10-01T16:00:00+00:00,766.15,768.82,765.88,766.48,46.97183098591546,768.4005,764.4937700374805,769.9815,3.9214285714285944,0.005116152504212236,44.840853445260706,1.2500000000000144,False,TREND_SUPPORT_NOT_CONFIRMED|RSI_NOT_BELOW_32|CLOSE_NOT_NEAR_OR_BELOW_LOWER_BB|CLOSE_NOT_ABOVE_MA200
2026-10-01T19:28:15.945552+00:00,SIE_OLD_MR_REGIME_EXHAUSTION_CONFIRM_V1,BNB,BNBUSDT,strategy-lab-v1.0.0:SIE_OLD_MR_REGIME_EXHAUSTION_CONFIRM_V1,1790874000000,2026-10-01T17:00:00+00:00,766.48,774.27,766.48,772.27,54.78835184629231,768.6985,764.572013479963,769.93155,4.278571428571444,0.005540253316290214,46.97183098591546,1.25,False,TREND_SUPPORT_NOT_CONFIRMED|RSI_NOT_BELOW_32|CLOSE_NOT_NEAR_OR_BELOW_LOWER_BB
2026-10-01T19:28:15.945552+00:00,SIE_OLD_MR_REGIME_EXHAUSTION_CONFIRM_V1,BNB,BNBUSDT,strategy-lab-v1.0.0:SIE_OLD_MR_REGIME_EXHAUSTION_CONFIRM_V1,1790877600000,2026-10-01T18:00:00+00:00,771.87,772.2,769.2,770.23,51.1568123393317,768.739,764.5693098436399,769.8562999999999,4.302857142857151,0.005586457477451088,54.78835184629231,1.25,False,TREND_SUPPORT_NOT_CONFIRMED|RSI_NOT_BELOW_32|CLOSE_NOT_NEAR_OR_BELOW_LOWER_BB|RSI_RECOVERY_NOT_CONFIRMED
2026-10-01T19:28:15.945552+00:00,SIE_OLD_MR_REGIME_EXHAUSTION_CONFIRM_V1,BNB,BNBUSDT,strategy-lab-v1.0.0:SIE_OLD_MR_REGIME_EXHAUSTION_CONFIRM_V1,1790881200000,2026-10-01T19:00:00+00:00,770.27,770.34,768.96,769.08,46.3235294117647,768.7475000000001,764.5757575582802,769.7869999999999,4.20357142857143,0.005465714137113733,51.1568123393317,1.2500000000000135,False,TREND_SUPPORT_NOT_CONFIRMED|RSI_NOT_BELOW_32|CLOSE_NOT_NEAR_OR_BELOW_LOWER_BB|CLOSE_NOT_ABOVE_MA200|RSI_RECOVERY_NOT_CONFIRMED
2026-10-01T19:28:15.945552+00:00,SIE_OLD_MR_REGIME_EXHAUSTION_CONFIRM_V1,PAXG,PAXGUSDT,strategy-lab-v1.0.0:SIE_OLD_MR_REGIME_EXHAUSTION_CONFIRM_V1,1790863200000,2026-10-01T14:00:00+00:00,4165.12,4180.79,4160.35,4169.08,53.84239263303733,4172.0305,4150.112501482853,4230.97895,15.028571428571468,0.0036047692605014696,51.09831345125465,1.25,False,TREND_SUPPORT_NOT_CONFIRMED|RSI_NOT_BELOW_32|CLOSE_NOT_NEAR_OR_BELOW_LOWER_BB|CLOSE_NOT_ABOVE_MA200
2026-10-01T19:28:15.945552+00:00,SIE_OLD_MR_REGIME_EXHAUSTION_CONFIRM_V1,PAXG,PAXGUSDT,strategy-lab-v1.0.0:SIE_OLD_MR_REGIME_EXHAUSTION_CONFIRM_V1,1790866800000,2026-10-01T15:00:00+00:00,4165.29,4180.02,4160.28,4179.31,56.30303965437434,4172.763,4150.900113548352,4230.272150000001,15.637142857142928,0.003741560893339553,53.84239263303733,1.2500000000000144,False,TREND_SUPPORT_NOT_CONFIRMED|RSI_NOT_BELOW_32|CLOSE_NOT_NEAR_OR_BELOW_LOWER_BB|CLOSE_NOT_ABOVE_MA200
2026-10-01T19:28:15.945552+00:00,SIE_OLD_MR_REGIME_EXHAUSTION_CONFIRM_V1,PAXG,PAXGUSDT,strategy-lab-v1.0.0:SIE_OLD_MR_REGIME_EXHAUSTION_CONFIRM_V1,1790870400000,2026-10-01T16:00:00+00:00,4178.0,4183.75,4167.69,4169.67,50.22903056243886,4172.933999999999,4151.224593375275,4229.5294,15.97000000000006,0.0038300393076670476,56.30303965437434,1.2500000000000142,False,TREND_SUPPORT_NOT_CONFIRMED|RSI_NOT_BELOW_32|CLOSE_NOT_NEAR_OR_BELOW_LOWER_BB|CLOSE_NOT_ABOVE_MA200|RSI_RECOVERY_NOT_CONFIRMED
2026-10-01T19:28:15.945552+00:00,SIE_OLD_MR_REGIME_EXHAUSTION_CONFIRM_V1,PAXG,PAXGUSDT,strategy-lab-v1.0.0:SIE_OLD_MR_REGIME_EXHAUSTION_CONFIRM_V1,1790874000000,2026-10-01T17:00:00+00:00,4171.02,4186.14,4171.02,4176.71,48.37202056395067,4173.4705,4151.945467619127,4228.84655,16.07928571428582,0.003849749136110915,50.22903056243886,1.2499999999999718,False,TREND_SUPPORT_NOT_CONFIRMED|PLANNED_REWARD_TOO_LOW|RSI_NOT_BELOW_32|CLOSE_NOT_NEAR_OR_BELOW_LOWER_BB|CLOSE_NOT_ABOVE_MA200|RSI_RECOVERY_NOT_CONFIRMED
2026-10-01T19:28:15.945552+00:00,SIE_OLD_MR_REGIME_EXHAUSTION_CONFIRM_V1,PAXG,PAXGUSDT,strategy-lab-v1.0.0:SIE_OLD_MR_REGIME_EXHAUSTION_CONFIRM_V1,1790877600000,2026-10-01T18:00:00+00:00,4174.48,4188.25,4171.21,4180.54,48.07677242459859,4174.4665,4153.578047424531,4228.1643,16.608571428571526,0.003972829210717162,48.37202056395067,1.2500000000000138,False,TREND_SUPPORT_NOT_CONFIRMED|RSI_NOT_BELOW_32|CLOSE_NOT_NEAR_OR_BELOW_LOWER_BB|CLOSE_NOT_ABOVE_MA200|RSI_RECOVERY_NOT_CONFIRMED
2026-10-01T19:28:15.945552+00:00,SIE_OLD_MR_REGIME_EXHAUSTION_CONFIRM_V1,PAXG,PAXGUSDT,strategy-lab-v1.0.0:SIE_OLD_MR_REGIME_EXHAUSTION_CONFIRM_V1,1790881200000,2026-10-01T19:00:00+00:00,4182.44,4185.05,4179.83,4185.05,46.42741674749432,4175.596500000001,4154.987213476745,4227.52175,16.15214285714293,0.003859486232456704,48.07677242459859,1.25,False,TREND_SUPPORT_NOT_CONFIRMED|RSI_NOT_BELOW_32|CLOSE_NOT_NEAR_OR_BELOW_LOWER_BB|CLOSE_NOT_ABOVE_MA200|RSI_RECOVERY_NOT_CONFIRMED
2026-10-01T23:51:42.248397+00:00,SIE_OLD_MR_REGIME_EXHAUSTION_CONFIRM_V1,BTC,BTCUSDT,strategy-lab-v1.0.0:SIE_OLD_MR_REGIME_EXHAUSTION_CONFIRM_V1,1790884800000,2026-10-01T20:00:00+00:00,84644.92,84842.91,84528.21,84603.84,59.03269503109396,84012.824,83145.31790168313,83965.4523,553.6107142857145,0.0065435648581165405,56.42305768344237,1.2499999999999933,False,PLANNED_REWARD_TOO_LOW|RSI_NOT_BELOW_32|CLOSE_NOT_NEAR_OR_BELOW_LOWER_BB|RSI_RECOVERY_NOT_CONFIRMED
2026-10-01T23:51:42.248397+00:00,SIE_OLD_MR_REGIME_EXHAUSTION_CONFIRM_V1,BTC,BTCUSDT,strategy-lab-v1.0.0:SIE_OLD_MR_REGIME_EXHAUSTION_CONFIRM_V1,1790888400000,2026-10-01T21:00:00+00:00,84605.14,84664.96,84461.73,84515.18,74.76734715097697,84065.602,83210.79784786636,83959.1132,504.1600000000014,0.00596531889300835,59.03269503109396,1.2500000000000144,False,RSI_NOT_BELOW_32|CLOSE_NOT_NEAR_OR_BELOW_LOWER_BB|RSI_RECOVERY_NOT_CONFIRMED
2026-10-01T23:51:42.248397+00:00,SIE_OLD_MR_REGIME_EXHAUSTION_CONFIRM_V1,BTC,BTCUSDT,strategy-lab-v1.0.0:SIE_OLD_MR_REGIME_EXHAUSTION_CONFIRM_V1,1790892000000,2026-10-01T22:00:00+00:00,84516.28,84771.66,84510.01,84719.22,75.41495002026167,84129.999,83282.01747772674,83960.1025,492.06142857143067,0.005808143991073462,74.76734715097697,1.2499999999999927,False,PLANNED_REWARD_TOO_LOW|RSI_NOT_BELOW_32|CLOSE_NOT_NEAR_OR_BELOW_LOWER_BB
2026-10-01T23:51:42.248397+00:00,SIE_OLD_MR_REGIME_EXHAUSTION_CONFIRM_V1,BTC,BTCUSDT,strategy-lab-v1.0.0:SIE_OLD_MR_REGIME_EXHAUSTION_CONFIRM_V1,1790895600000,2026-10-01T23:00:00+00:00,84719.22,84856.68,84616.87,84811.03,73.89899478795503,84185.688,83312.77683130935,83964.166,483.44642857143066,0.005700277765420732,75.41495002026167,1.2499999999999925,False,PLANNED_REWARD_TOO_LOW|RSI_NOT_BELOW_32|CLOSE_NOT_NEAR_OR_BELOW_LOWER_BB|RSI_RECOVERY_NOT_CONFIRMED
2026-10-01T23:51:42.248397+00:00,SIE_OLD_MR_REGIME_EXHAUSTION_CONFIRM_V1,SOL,SOLUSDT,strategy-lab-v1.0.0:SIE_OLD_MR_REGIME_EXHAUSTION_CONFIRM_V1,1790884800000,2026-10-01T20:00:00+00:00,118.22,118.47,117.84,118.1,41.574803149606176,118.054,116.82588925580714,118.90969999999999,1.1500000000000006,0.00973751058425064,41.12149532710272,1.2499999999999938,False,TREND_SUPPORT_NOT_CONFIRMED|PLANNED_REWARD_TOO_LOW|RSI_NOT_BELOW_32|CLOSE_NOT_NEAR_OR_BELOW_LOWER_BB|CLOSE_NOT_ABOVE_MA200|RSI_RECOVERY_NOT_CONFIRMED
2026-10-01T23:51:42.248397+00:00,SIE_OLD_MR_REGIME_EXHAUSTION_CONFIRM_V1,SOL,SOLUSDT,strategy-lab-v1.0.0:SIE_OLD_MR_REGIME_EXHAUSTION_CONFIRM_V1,1790888400000,2026-10-01T21:00:00+00:00,118.09,118.14,117.37,117.63,51.96850393700778,118.035,116.79307407628235,118.9139,1.056428571428572,0.008980945094181517,41.574803149606176,1.25,False,TREND_SUPPORT_NOT_CONFIRMED|RSI_NOT_BELOW_32|CLOSE_NOT_NEAR_OR_BELOW_LOWER_BB|CLOSE_NOT_ABOVE_MA200|RSI_RECOVERY_NOT_CONFIRMED
2026-10-01T23:51:42.248397+00:00,SIE_OLD_MR_REGIME_EXHAUSTION_CONFIRM_V1,SOL,SOLUSDT,strategy-lab-v1.0.0:SIE_OLD_MR_REGIME_EXHAUSTION_CONFIRM_V1,1790892000000,2026-10-01T22:00:00+00:00,117.62,118.29,117.59,118.26,53.87523629489615,118.04249999999999,116.7970462674182,118.92945,1.0535714285714295,0.008908941557343392,51.96850393700778,1.2500000000000033,False,TREND_SUPPORT_NOT_CONFIRMED|RSI_NOT_BELOW_32|CLOSE_NOT_NEAR_OR_BELOW_LOWER_BB|CLOSE_NOT_ABOVE_MA200
2026-10-01T23:51:42.248397+00:00,SIE_OLD_MR_REGIME_EXHAUSTION_CONFIRM_V1,SOL,SOLUSDT,strategy-lab-v1.0.0:SIE_OLD_MR_REGIME_EXHAUSTION_CONFIRM_V1,1790895600000,2026-10-01T23:00:00+00:00,118.28,118.43,118.06,118.28,56.2745098039216,118.027,116.80163311616401,118.9515,1.0307142857142872,0.00871418909126046,53.87523629489615,1.25,False,TREND_SUPPORT_NOT_CONFIRMED|RSI_NOT_BELOW_32|CLOSE_NOT_NEAR_OR_BELOW_LOWER_BB|CLOSE_NOT_ABOVE_MA200
2026-10-01T23:51:42.248397+00:00,SIE_OLD_MR_REGIME_EXHAUSTION_CONFIRM_V1,XRP,XRPUSDT,strategy-lab-v1.0.0:SIE_OLD_MR_REGIME_EXHAUSTION_CONFIRM_V1,1790884800000,2026-10-01T20:00:00+00:00,1.5003,1.5052,1.4959,1.4978,44.75138121546955,1.49349,1.478095468503414,1.5151849999999998,0.014821428571428572,0.009895465730690728,44.628099173553665,1.25,False,TREND_SUPPORT_NOT_CONFIRMED|RSI_NOT_BELOW_32|CLOSE_NOT_NEAR_OR_BELOW_LOWER_BB|CLOSE_NOT_ABOVE_MA200|RSI_RECOVERY_NOT_CONFIRMED
2026-10-01T23:51:42.248397+00:00,SIE_OLD_MR_REGIME_EXHAUSTION_CONFIRM_V1,XRP,XRPUSDT,strategy-lab-v1.0.0:SIE_OLD_MR_REGIME_EXHAUSTION_CONFIRM_V1,1790888400000,2026-10-01T21:00:00+00:00,1.4977,1.528,1.4865,1.4905,53.37726523887976,1.493575,1.4782664566336514,1.5147605,0.015835714285714304,0.010624430919633884,44.75138121546955,1.2499999999999964,False,TREND_SUPPORT_NOT_CONFIRMED|PLANNED_REWARD_TOO_LOW|RSI_NOT_BELOW_32|CLOSE_NOT_NEAR_OR_BELOW_LOWER_BB|CLOSE_NOT_ABOVE_MA200|RSI_RECOVERY_NOT_CONFIRMED
2026-10-01T23:51:42.248397+00:00,SIE_OLD_MR_REGIME_EXHAUSTION_CONFIRM_V1,XRP,XRPUSDT,strategy-lab-v1.0.0:SIE_OLD_MR_REGIME_EXHAUSTION_CONFIRM_V1,1790892000000,2026-10-01T22:00:00+00:00,1.4905,1.4966,1.4886,1.4938,55.36277602523658,1.49368,1.4783955503861153,1.5145885000000001,0.015528571428571447,0.010395348392402897,53.37726523887976,1.250000000000007,False,TREND_SUPPORT_NOT_CONFIRMED|RSI_NOT_BELOW_32|CLOSE_NOT_NEAR_OR_BELOW_LOWER_BB|CLOSE_NOT_ABOVE_MA200
2026-10-01T23:51:42.248397+00:00,SIE_OLD_MR_REGIME_EXHAUSTION_CONFIRM_V1,XRP,XRPUSDT,strategy-lab-v1.0.0:SIE_OLD_MR_REGIME_EXHAUSTION_CONFIRM_V1,1790895600000,2026-10-01T23:00:00+00:00,1.4939,1.4946,1.4897,1.4923,52.472089314194506,1.493295,1.4782812096724587,1.514519,0.015335714285714295,0.010276562544873212,55.36277602523658,1.2500000000000036,False,TREND_SUPPORT_NOT_CONFIRMED|RSI_NOT_BELOW_32|CLOSE_NOT_NEAR_OR_BELOW_LOWER_BB|CLOSE_NOT_ABOVE_MA200|RSI_RECOVERY_NOT_CONFIRMED
2026-10-01T23:51:42.248397+00:00,SIE_OLD_MR_REGIME_EXHAUSTION_CONFIRM_V1,DOGE,DOGEUSDT,strategy-lab-v1.0.0:SIE_OLD_MR_REGIME_EXHAUSTION_CONFIRM_V1,1790884800000,2026-10-01T20:00:00+00:00,0.09482,0.09497,0.09447,0.09454,39.61605584642234,0.0947945,0.09365900935714938,0.0952816,0.0010157142857142875,0.010743751699960731,40.90090090090091,1.25,False,TREND_SUPPORT_NOT_CONFIRMED|RSI_NOT_BELOW_32|CLOSE_NOT_NEAR_OR_BELOW_LOWER_BB|CLOSE_NOT_ABOVE_MA200|RSI_RECOVERY_NOT_CONFIRMED
2026-10-01T23:51:42.248397+00:00,SIE_OLD_MR_REGIME_EXHAUSTION_CONFIRM_V1,DOGE,DOGEUSDT,strategy-lab-v1.0.0:SIE_OLD_MR_REGIME_EXHAUSTION_CONFIRM_V1,1790888400000,2026-10-01T21:00:00+00:00,0.09453,0.09459,0.09372,0.09396,46.80412371134015,0.0947585,0.09356652223175038,0.09525440000000002,0.0009435714285714296,0.010042267226175282,39.61605584642234,1.25,False,TREND_SUPPORT_NOT_CONFIRMED|RSI_NOT_BELOW_32|CLOSE_NOT_NEAR_OR_BELOW_LOWER_BB|CLOSE_NOT_ABOVE_MA200|RSI_RECOVERY_NOT_CONFIRMED
2026-10-01T23:51:42.248397+00:00,SIE_OLD_MR_REGIME_EXHAUSTION_CONFIRM_V1,DOGE,DOGEUSDT,strategy-lab-v1.0.0:SIE_OLD_MR_REGIME_EXHAUSTION_CONFIRM_V1,1790892000000,2026-10-01T22:00:00+00:00,0.09395,0.09439,0.09378,0.09415,47.34693877551024,0.09470150000000001,0.09350761097668113,0.09525064999999999,0.0009314285714285721,0.009893027843107511,46.80412371134015,1.2500000000000038,False,TREND_SUPPORT_NOT_CONFIRMED|RSI_NOT_BELOW_32|CLOSE_NOT_NEAR_OR_BELOW_LOWER_BB|CLOSE_NOT_ABOVE_MA200
2026-10-01T23:51:42.248397+00:00,SIE_OLD_MR_REGIME_EXHAUSTION_CONFIRM_V1,DOGE,DOGEUSDT,strategy-lab-v1.0.0:SIE_OLD_MR_REGIME_EXHAUSTION_CONFIRM_V1,1790895600000,2026-10-01T23:00:00+00:00,0.09414,0.09431,0.09399,0.09416,48.54166666666665,0.094626,0.09349745403283638,0.09525765,0.0009185714285714293,0.009755431484403455,47.34693877551024,1.25,False,TREND_SUPPORT_NOT_CONFIRMED|RSI_NOT_BELOW_32|CLOSE_NOT_NEAR_OR_BELOW_LOWER_BB|CLOSE_NOT_ABOVE_MA200
2026-10-01T23:51:42.248397+00:00,SIE_OLD_MR_REGIME_EXHAUSTION_CONFIRM_V1,BNB,BNBUSDT,strategy-lab-v1.0.0:SIE_OLD_MR_REGIME_EXHAUSTION_CONFIRM_V1,1790884800000,2026-10-01T20:00:00+00:00,769.66,770.24,768.61,769.76,49.07296650717703,768.7475,764.5764096149819,769.7389999999999,4.286428571428579,0.005568525996971237,46.35079458505001,1.25,False,TREND_SUPPORT_NOT_CONFIRMED|RSI_NOT_BELOW_32|CLOSE_NOT_NEAR_OR_BELOW_LOWER_BB
2026-10-01T23:51:42.248397+00:00,SIE_OLD_MR_REGIME_EXHAUSTION_CONFIRM_V1,BNB,BNBUSDT,strategy-lab-v1.0.0:SIE_OLD_MR_REGIME_EXHAUSTION_CONFIRM_V1,1790888400000,2026-10-01T21:00:00+00:00,769.59,770.37,768.82,770.37,62.78126152711167,768.8205,764.5899091429224,769.6857999999999,3.740000000000009,0.004854810026350986,49.07296650717703,1.250000000000015,False,TREND_SUPPORT_NOT_CONFIRMED|RSI_NOT_BELOW_32|CLOSE_NOT_NEAR_OR_BELOW_LOWER_BB
2026-10-01T23:51:42.248397+00:00,SIE_OLD_MR_REGIME_EXHAUSTION_CONFIRM_V1,BNB,BNBUSDT,strategy-lab-v1.0.0:SIE_OLD_MR_REGIME_EXHAUSTION_CONFIRM_V1,1790892000000,2026-10-01T22:00:00+00:00,770.38,771.66,769.6,770.77,59.78477481068147,768.9490000000001,764.646099118038,769.7075500000001,3.656428571428575,0.004743864669653172,62.78126152711167,1.2499999999999922,False,TREND_SUPPORT_NOT_CONFIRMED|PLANNED_REWARD_TOO_LOW|RSI_NOT_BELOW_32|CLOSE_NOT_NEAR_OR_BELOW_LOWER_BB|RSI_RECOVERY_NOT_CONFIRMED
2026-10-01T23:51:42.248397+00:00,SIE_OLD_MR_REGIME_EXHAUSTION_CONFIRM_V1,BNB,BNBUSDT,strategy-lab-v1.0.0:SIE_OLD_MR_REGIME_EXHAUSTION_CONFIRM_V1,1790895600000,2026-10-01T23:00:00+00:00,770.57,770.96,769.77,770.96,55.21526853084779,769.043,764.6515305420635,769.75675,3.4850000000000056,0.004520338279547584,59.78477481068147,1.2500000000000082,False,TREND_SUPPORT_NOT_CONFIRMED|RSI_NOT_BELOW_32|CLOSE_NOT_NEAR_OR_BELOW_LOWER_BB|RSI_RECOVERY_NOT_CONFIRMED
2026-10-01T23:51:42.248397+00:00,SIE_OLD_MR_REGIME_EXHAUSTION_CONFIRM_V1,PAXG,PAXGUSDT,strategy-lab-v1.0.0:SIE_OLD_MR_REGIME_EXHAUSTION_CONFIRM_V1,1790884800000,2026-10-01T20:00:00+00:00,4182.36,4186.51,4180.47,4183.49,48.39771349385076,4176.654,4157.3369604753425,4226.8769,15.890000000000068,0.0037982641287537602,45.23671816904875,1.2499999999999858,False,TREND_SUPPORT_NOT_CONFIRMED|PLANNED_REWARD_TOO_LOW|RSI_NOT_BELOW_32|CLOSE_NOT_NEAR_OR_BELOW_LOWER_BB|CLOSE_NOT_ABOVE_MA200
2026-10-01T23:51:42.248397+00:00,SIE_OLD_MR_REGIME_EXHAUSTION_CONFIRM_V1,PAXG,PAXGUSDT,strategy-lab-v1.0.0:SIE_OLD_MR_REGIME_EXHAUSTION_CONFIRM_V1,1790888400000,2026-10-01T21:00:00+00:00,4183.49,4185.58,4182.94,4185.55,57.81858097994208,4177.782999999999,4159.170454660976,4226.3597500000005,14.265000000000132,0.003408154244961864,48.39771349385076,1.249999999999984,False,TREND_SUPPORT_NOT_CONFIRMED|PLANNED_REWARD_TOO_LOW|RSI_NOT_BELOW_32|CLOSE_NOT_NEAR_OR_BELOW_LOWER_BB|CLOSE_NOT_ABOVE_MA200
2026-10-01T23:51:42.248397+00:00,SIE_OLD_MR_REGIME_EXHAUSTION_CONFIRM_V1,PAXG,PAXGUSDT,strategy-lab-v1.0.0:SIE_OLD_MR_REGIME_EXHAUSTION_CONFIRM_V1,1790892000000,2026-10-01T22:00:00+00:00,4184.04,4185.99,4178.23,4185.99,63.615560640732085,4178.6295,4160.14130325188,4225.827950000001,13.879285714285873,0.0033156519041578868,57.81858097994208,1.2500000000000164,False,TREND_SUPPORT_NOT_CONFIRMED|RSI_NOT_BELOW_32|CLOSE_NOT_NEAR_OR_BELOW_LOWER_BB|CLOSE_NOT_ABOVE_MA200
2026-10-01T23:51:42.248397+00:00,SIE_OLD_MR_REGIME_EXHAUSTION_CONFIRM_V1,PAXG,PAXGUSDT,strategy-lab-v1.0.0:SIE_OLD_MR_REGIME_EXHAUSTION_CONFIRM_V1,1790895600000,2026-10-01T23:00:00+00:00,4185.99,4189.54,4185.9,4187.44,64.10835214446942,4178.957,4160.0920217599605,4225.36345,13.517857142857338,0.003228191244019577,63.615560640732085,1.2499999999999662,False,TREND_SUPPORT_NOT_CONFIRMED|PLANNED_REWARD_TOO_LOW|RSI_NOT_BELOW_32|CLOSE_NOT_NEAR_OR_BELOW_LOWER_BB|CLOSE_NOT_ABOVE_MA200
2026-10-02T05:26:22.012744+00:00,SIE_OLD_MR_REGIME_EXHAUSTION_CONFIRM_V1,BTC,BTCUSDT,strategy-lab-v1.0.0:SIE_OLD_MR_REGIME_EXHAUSTION_CONFIRM_V1,1790899200000,2026-10-02T00:00:00+00:00,84848.73,84934.09,84673.41,84762.75,69.15255958204847,84222.70700000001,83311.85529290135,83968.01779999999,453.2542857142866,0.005347328699390789,74.33265611021217,1.250000000000008,False,RSI_NOT_BELOW_32|CLOSE_NOT_NEAR_OR_BELOW_LOWER_BB|RSI_RECOVERY_NOT_CONFIRMED
2026-10-02T05:26:22.012744+00:00,SIE_OLD_MR_REGIME_EXHAUSTION_CONFIRM_V1,BTC,BTCUSDT,strategy-lab-v1.0.0:SIE_OLD_MR_REGIME_EXHAUSTION_CONFIRM_V1,1790902800000,2026-10-02T01:00:00+00:00,84762.75,84967.0,84489.45,84877.17,72.30847863416436,84253.965,83299.37859082557,83970.83129999999,467.65857142857254,0.00550982757116634,69.15255958204847,1.2499999999999922,False,PLANNED_REWARD_TOO_LOW|RSI_NOT_BELOW_32|CLOSE_NOT_NEAR_OR_BELOW_LOWER_BB
2026-10-02T05:26:22.012744+00:00,SIE_OLD_MR_REGIME_EXHAUSTION_CONFIRM_V1,BTC,BTCUSDT,strategy-lab-v1.0.0:SIE_OLD_MR_REGIME_EXHAUSTION_CONFIRM_V1,1790906400000,2026-10-02T02:00:00+00:00,84877.17,85187.03,84821.2,85165.16,81.07538622966467,84308.43699999999,83279.32698302198,83975.0921,464.7235714285728,0.005456733380511148,72.30847863416436,1.2499999999999922,False,PLANNED_REWARD_TOO_LOW|RSI_NOT_BELOW_32|CLOSE_NOT_NEAR_OR_BELOW_LOWER_BB
2026-10-02T05:26:22.012744+00:00,SIE_OLD_MR_REGIME_EXHAUSTION_CONFIRM_V1,BTC,BTCUSDT,strategy-lab-v1.0.0:SIE_OLD_MR_REGIME_EXHAUSTION_CONFIRM_V1,1790910000000,2026-10-02T03:00:00+00:00,85165.16,85546.62,85155.92,85483.53,81.94477791116431,84414.0215,83357.9907219772,83979.9304,448.577142857144,0.005247527130163483,81.07538622966467,1.2499999999999918,False,PLANNED_REWARD_TOO_LOW|RSI_NOT_BELOW_32|CLOSE_NOT_NEAR_OR_BELOW_LOWER_BB
2026-10-02T05:26:22.012744+00:00,SIE_OLD_MR_REGIME_EXHAUSTION_CONFIRM_V1,BTC,BTCUSDT,strategy-lab-v1.0.0:SIE_OLD_MR_REGIME_EXHAUSTION_CONFIRM_V1,1790913600000,2026-10-02T04:00:00+00:00,85483.53,86885.28,85422.41,86632.2,87.29857005854296,84569.8775,83213.23434843974,83991.9141,495.4992857142861,0.005719574081164811,81.94477791116431,1.2500000000000073,False,RSI_NOT_BELOW_32|CLOSE_NOT_NEAR_OR_BELOW_LOWER_BB
2026-10-02T05:26:22.012744+00:00,SIE_OLD_MR_REGIME_EXHAUSTION_CONFIRM_V1,BTC,BTCUSDT,strategy-lab-v1.0.0:SIE_OLD_MR_REGIME_EXHAUSTION_CONFIRM_V1,1790917200000,2026-10-02T05:00:00+00:00,86632.21,86668.95,86320.17,86334.03,79.88296132788446,84699.355,83196.1538987829,84001.58744999999,480.35714285714283,0.005563937451514111,87.29857005854296,1.2500000000000075,False,RSI_NOT_BELOW_32|CLOSE_NOT_NEAR_OR_BELOW_LOWER_BB|RSI_RECOVERY_NOT_CONFIRMED
2026-10-02T05:26:22.012744+00:00,SIE_OLD_MR_REGIME_EXHAUSTION_CONFIRM_V1,SOL,SOLUSDT,strategy-lab-v1.0.0:SIE_OLD_MR_REGIME_EXHAUSTION_CONFIRM_V1,1790899200000,2026-10-02T00:00:00+00:00,118.36,119.13,118.22,118.86,58.395522388059774,118.02350000000001,116.8188544089643,118.9744,1.0114285714285722,0.008509410831470405,57.1153846153846,1.2499999999999964,False,TREND_SUPPORT_NOT_CONFIRMED|PLANNED_REWARD_TOO_LOW|RSI_NOT_BELOW_32|CLOSE_NOT_NEAR_OR_BELOW_LOWER_BB|CLOSE_NOT_ABOVE_MA200
2026-10-02T05:26:22.012744+00:00,SIE_OLD_MR_REGIME_EXHAUSTION_CONFIRM_V1,SOL,SOLUSDT,strategy-lab-v1.0.0:SIE_OLD_MR_REGIME_EXHAUSTION_CONFIRM_V1,1790902800000,2026-10-02T01:00:00+00:00,118.86,119.78,118.35,119.48,63.13131313131315,118.02950000000001,116.79740463031396,118.9991,1.066428571428572,0.008925582285140374,58.395522388059774,1.2499999999999967,False,TREND_SUPPORT_NOT_CONFIRMED|PLANNED_REWARD_TOO_LOW|RSI_NOT_BELOW_32|CLOSE_NOT_NEAR_OR_BELOW_LOWER_BB
2026-10-02T05:26:22.012744+00:00,SIE_OLD_MR_REGIME_EXHAUSTION_CONFIRM_V1,SOL,SOLUSDT,strategy-lab-v1.0.0:SIE_OLD_MR_REGIME_EXHAUSTION_CONFIRM_V1,1790906400000,2026-10-02T02:00:00+00:00,119.44,120.34,119.32,120.02,73.08347529812605,118.072,116.64262810997215,119.02779999999998,1.076428571428573,0.008968743304687329,63.13131313131315,1.2500000000000067,False,TREND_SUPPORT_NOT_CONFIRMED|RSI_NOT_BELOW_32|CLOSE_NOT_NEAR_OR_BELOW_LOWER_BB
2026-10-02T05:26:22.012744+00:00,SIE_OLD_MR_REGIME_EXHAUSTION_CONFIRM_V1,SOL,SOLUSDT,strategy-lab-v1.0.0:SIE_OLD_MR_REGIME_EXHAUSTION_CONFIRM_V1,1790910000000,2026-10-02T03:00:00+00:00,120.03,121.26,119.89,121.19,75.31249999999999,118.25999999999999,116.31997938155237,119.06120000000001,1.0714285714285734,0.008840899178385786,73.08347529812605,1.2499999999999967,False,TREND_SUPPORT_NOT_CONFIRMED|PLANNED_REWARD_TOO_LOW|RSI_NOT_BELOW_32|CLOSE_NOT_NEAR_OR_BELOW_LOWER_BB
2026-10-02T05:26:22.012744+00:00,SIE_OLD_MR_REGIME_EXHAUSTION_CONFIRM_V1,SOL,SOLUSDT,strategy-lab-v1.0.0:SIE_OLD_MR_REGIME_EXHAUSTION_CONFIRM_V1,1790913600000,2026-10-02T04:00:00+00:00,121.2,123.63,120.64,123.46,87.85625774473368,118.5405,115.57008942231853,119.10835000000002,1.192142857142858,0.009656106084098965,75.31249999999999,1.2500000000000029,False,TREND_SUPPORT_NOT_CONFIRMED|RSI_NOT_BELOW_32|CLOSE_NOT_NEAR_OR_BELOW_LOWER_BB
2026-10-02T05:26:22.012744+00:00,SIE_OLD_MR_REGIME_EXHAUSTION_CONFIRM_V1,SOL,SOLUSDT,strategy-lab-v1.0.0:SIE_OLD_MR_REGIME_EXHAUSTION_CONFIRM_V1,1790917200000,2026-10-02T05:00:00+00:00,123.45,123.73,122.7,122.94,82.82710280373846,118.80549999999998,115.30530300554354,119.14955,1.1757142857142864,0.00956331776243929,87.85625774473368,1.250000000000006,False,TREND_SUPPORT_NOT_CONFIRMED|RSI_NOT_BELOW_32|CLOSE_NOT_NEAR_OR_BELOW_LOWER_BB|RSI_RECOVERY_NOT_CONFIRMED
2026-10-02T05:26:22.012744+00:00,SIE_OLD_MR_REGIME_EXHAUSTION_CONFIRM_V1,XRP,XRPUSDT,strategy-lab-v1.0.0:SIE_OLD_MR_REGIME_EXHAUSTION_CONFIRM_V1,1790899200000,2026-10-02T00:00:00+00:00,1.4937,1.4984,1.4913,1.4945,51.457975986277916,1.4929200000000002,1.4786313191651625,1.5144975,0.014428571428571426,0.009654447258997275,53.75816993464051,1.2500000000000038,False,TREND_SUPPORT_NOT_CONFIRMED|RSI_NOT_BELOW_32|CLOSE_NOT_NEAR_OR_BELOW_LOWER_BB|CLOSE_NOT_ABOVE_MA200|RSI_RECOVERY_NOT_CONFIRMED
2026-10-02T05:26:22.012744+00:00,SIE_OLD_MR_REGIME_EXHAUSTION_CONFIRM_V1,XRP,XRPUSDT,strategy-lab-v1.0.0:SIE_OLD_MR_REGIME_EXHAUSTION_CONFIRM_V1,1790902800000,2026-10-02T01:00:00+00:00,1.4946,1.4979,1.4856,1.4964,53.3444816053512,1.49233,1.4797403058019722,1.5144635000000002,0.01465714285714286,0.009794936418833774,51.457975986277916,1.2499999999999962,False,TREND_SUPPORT_NOT_CONFIRMED|PLANNED_REWARD_TOO_LOW|RSI_NOT_BELOW_32|CLOSE_NOT_NEAR_OR_BELOW_LOWER_BB|CLOSE_NOT_ABOVE_MA200
2026-10-02T05:26:22.012744+00:00,SIE_OLD_MR_REGIME_EXHAUSTION_CONFIRM_V1,XRP,XRPUSDT,strategy-lab-v1.0.0:SIE_OLD_MR_REGIME_EXHAUSTION_CONFIRM_V1,1790906400000,2026-10-02T02:00:00+00:00,1.4965,1.503,1.4945,1.5021,62.35489220563844,1.4921650000000002,1.480193487981886,1.514494,0.014521428571428574,0.00966741799575832,53.3444816053512,1.2499999999999962,False,TREND_SUPPORT_NOT_CONFIRMED|PLANNED_REWARD_TOO_LOW|RSI_NOT_BELOW_32|CLOSE_NOT_NEAR_OR_BELOW_LOWER_BB|CLOSE_NOT_ABOVE_MA200
2026-10-02T05:26:22.012744+00:00,SIE_OLD_MR_REGIME_EXHAUSTION_CONFIRM_V1,XRP,XRPUSDT,strategy-lab-v1.0.0:SIE_OLD_MR_REGIME_EXHAUSTION_CONFIRM_V1,1790910000000,2026-10-02T03:00:00+00:00,1.5021,1.5096,1.5003,1.5086,65.02311248073954,1.4932750000000001,1.479645491571599,1.5145690000000003,0.014000000000000012,0.009280127270316858,62.35489220563844,1.250000000000004,False,TREND_SUPPORT_NOT_CONFIRMED|RSI_NOT_BELOW_32|CLOSE_NOT_NEAR_OR_BELOW_LOWER_BB|CLOSE_NOT_ABOVE_MA200
2026-10-02T05:26:22.012744+00:00,SIE_OLD_MR_REGIME_EXHAUSTION_CONFIRM_V1,XRP,XRPUSDT,strategy-lab-v1.0.0:SIE_OLD_MR_REGIME_EXHAUSTION_CONFIRM_V1,1790913600000,2026-10-02T04:00:00+00:00,1.5086,1.5334,1.5041,1.5298,80.05050505050522,1.495415,1.4747659055888673,1.514802,0.014957142857142875,0.009777188427992467,65.02311248073954,1.25,False,TREND_SUPPORT_NOT_CONFIRMED|RSI_NOT_BELOW_32|CLOSE_NOT_NEAR_OR_BELOW_LOWER_BB
2026-10-02T05:26:22.012744+00:00,SIE_OLD_MR_REGIME_EXHAUSTION_CONFIRM_V1,XRP,XRPUSDT,strategy-lab-v1.0.0:SIE_OLD_MR_REGIME_EXHAUSTION_CONFIRM_V1,1790917200000,2026-10-02T05:00:00+00:00,1.5296,1.53,1.5198,1.5209,70.4898446833931,1.4969999999999999,1.4737942248567328,1.5149105,0.014557142857142871,0.009571400392624677,80.05050505050522,1.25,False,TREND_SUPPORT_NOT_CONFIRMED|RSI_NOT_BELOW_32|CLOSE_NOT_NEAR_OR_BELOW_LOWER_BB|RSI_RECOVERY_NOT_CONFIRMED
2026-10-02T05:26:22.012744+00:00,SIE_OLD_MR_REGIME_EXHAUSTION_CONFIRM_V1,DOGE,DOGEUSDT,strategy-lab-v1.0.0:SIE_OLD_MR_REGIME_EXHAUSTION_CONFIRM_V1,1790899200000,2026-10-02T00:00:00+00:00,0.09428,0.09448,0.09399,0.09402,43.181818181818215,0.094549,0.09351436189901885,0.09526605,0.0008514285714285705,0.009055823988816958,50.0,1.249999999999996,False,TREND_SUPPORT_NOT_CONFIRMED|PLANNED_REWARD_TOO_LOW|RSI_NOT_BELOW_32|CLOSE_NOT_NEAR_OR_BELOW_LOWER_BB|CLOSE_NOT_ABOVE_MA200|RSI_RECOVERY_NOT_CONFIRMED
2026-10-02T05:26:22.012744+00:00,SIE_OLD_MR_REGIME_EXHAUSTION_CONFIRM_V1,DOGE,DOGEUSDT,strategy-lab-v1.0.0:SIE_OLD_MR_REGIME_EXHAUSTION_CONFIRM_V1,1790902800000,2026-10-02T01:00:00+00:00,0.09402,0.09406,0.09315,0.09381,38.58921161825735,0.0944495,0.09354005016630831,0.09527305,0.0008678571428571424,0.009251222075014843,43.181818181818215,1.25,False,TREND_SUPPORT_NOT_CONFIRMED|RSI_NOT_BELOW_32|CLOSE_NOT_NEAR_OR_BELOW_LOWER_BB|CLOSE_NOT_ABOVE_MA200|RSI_RECOVERY_NOT_CONFIRMED
2026-10-02T05:26:22.012744+00:00,SIE_OLD_MR_REGIME_EXHAUSTION_CONFIRM_V1,DOGE,DOGEUSDT,strategy-lab-v1.0.0:SIE_OLD_MR_REGIME_EXHAUSTION_CONFIRM_V1,1790906400000,2026-10-02T02:00:00+00:00,0.09384,0.0943,0.09359,0.09425,47.22792607802868,0.0943755,0.09367892337104823,0.09528394999999999,0.0008628571428571424,0.009154982948086391,38.58921161825735,1.249999999999992,False,TREND_SUPPORT_NOT_CONFIRMED|PLANNED_REWARD_TOO_LOW|RSI_NOT_BELOW_32|CLOSE_NOT_NEAR_OR_BELOW_LOWER_BB|CLOSE_NOT_ABOVE_MA200
2026-10-02T05:26:22.012744+00:00,SIE_OLD_MR_REGIME_EXHAUSTION_CONFIRM_V1,DOGE,DOGEUSDT,strategy-lab-v1.0.0:SIE_OLD_MR_REGIME_EXHAUSTION_CONFIRM_V1,1790910000000,2026-10-02T03:00:00+00:00,0.09427,0.09489,0.09415,0.09476,50.76628352490419,0.0944,0.0936857451435224,0.0952962,0.0008349999999999995,0.008811734909244402,47.22792607802868,1.2500000000000082,False,TREND_SUPPORT_NOT_CONFIRMED|RSI_NOT_BELOW_32|CLOSE_NOT_NEAR_OR_BELOW_LOWER_BB|CLOSE_NOT_ABOVE_MA200
2026-10-02T05:26:22.012744+00:00,SIE_OLD_MR_REGIME_EXHAUSTION_CONFIRM_V1,DOGE,DOGEUSDT,strategy-lab-v1.0.0:SIE_OLD_MR_REGIME_EXHAUSTION_CONFIRM_V1,1790913600000,2026-10-02T04:00:00+00:00,0.09479,0.09702,0.09467,0.09673,69.68325791855204,0.094516,0.09327418842008868,0.09532045,0.0009278571428571419,0.009592237598026899,50.76628352490419,1.25,False,TREND_SUPPORT_NOT_CONFIRMED|RSI_NOT_BELOW_32|CLOSE_NOT_NEAR_OR_BELOW_LOWER_BB
2026-10-02T05:26:22.012744+00:00,SIE_OLD_MR_REGIME_EXHAUSTION_CONFIRM_V1,DOGE,DOGEUSDT,strategy-lab-v1.0.0:SIE_OLD_MR_REGIME_EXHAUSTION_CONFIRM_V1,1790917200000,2026-10-02T05:00:00+00:00,0.0967,0.09675,0.09608,0.09611,62.95774647887323,0.09460650000000001,0.09318940049749432,0.09533845000000002,0.0008842857142857134,0.00920076697831353,69.68325791855204,1.250000000000004,False,TREND_SUPPORT_NOT_CONFIRMED|RSI_NOT_BELOW_32|CLOSE_NOT_NEAR_OR_BELOW_LOWER_BB|RSI_RECOVERY_NOT_CONFIRMED
2026-10-02T05:26:22.012744+00:00,SIE_OLD_MR_REGIME_EXHAUSTION_CONFIRM_V1,BNB,BNBUSDT,strategy-lab-v1.0.0:SIE_OLD_MR_REGIME_EXHAUSTION_CONFIRM_V1,1790899200000,2026-10-02T00:00:00+00:00,771.39,772.66,770.53,771.43,53.532110091743,769.1690000000001,764.6109613867361,769.7903,3.2292857142857088,0.004186103359067847,56.206597222222236,1.2499999999999911,False,TREND_SUPPORT_NOT_CONFIRMED|PLANNED_REWARD_TOO_LOW|RSI_NOT_BELOW_32|CLOSE_NOT_NEAR_OR_BELOW_LOWER_BB|RSI_RECOVERY_NOT_CONFIRMED
2026-10-02T05:26:22.012744+00:00,SIE_OLD_MR_REGIME_EXHAUSTION_CONFIRM_V1,BNB,BNBUSDT,strategy-lab-v1.0.0:SIE_OLD_MR_REGIME_EXHAUSTION_CONFIRM_V1,1790902800000,2026-10-02T01:00:00+00:00,771.36,772.7,768.11,771.42,52.30479774223871,769.161,764.6193839880494,769.81375,3.3864285714285693,0.004389863591076936,53.532110091743,1.2499999999999916,False,TREND_SUPPORT_NOT_CONFIRMED|PLANNED_REWARD_TOO_LOW|RSI_NOT_BELOW_32|CLOSE_NOT_NEAR_OR_BELOW_LOWER_BB|RSI_RECOVERY_NOT_CONFIRMED
2026-10-02T05:26:22.012744+00:00,SIE_OLD_MR_REGIME_EXHAUSTION_CONFIRM_V1,BNB,BNBUSDT,strategy-lab-v1.0.0:SIE_OLD_MR_REGIME_EXHAUSTION_CONFIRM_V1,1790906400000,2026-10-02T02:00:00+00:00,771.16,774.07,771.0,773.9,64.12069778406412,769.3370000000001,764.3674120895186,769.8511,3.375,0.004361028556661067,52.30479774223871,1.25,False,TREND_SUPPORT_NOT_CONFIRMED|RSI_NOT_BELOW_32|CLOSE_NOT_NEAR_OR_BELOW_LOWER_BB
2026-10-02T05:26:22.012744+00:00,SIE_OLD_MR_REGIME_EXHAUSTION_CONFIRM_V1,BNB,BNBUSDT,strategy-lab-v1.0.0:SIE_OLD_MR_REGIME_EXHAUSTION_CONFIRM_V1,1790910000000,2026-10-02T03:00:00+00:00,773.9,776.1,773.25,775.7,63.00437530384057,769.95,765.0168103624527,769.8908,3.25142857142857,0.004191605738595552,64.12069778406412,1.2500000000000087,False,RSI_NOT_BELOW_32|CLOSE_NOT_NEAR_OR_BELOW_LOWER_BB|RSI_RECOVERY_NOT_CONFIRMED
2026-10-02T05:26:22.012744+00:00,SIE_OLD_MR_REGIME_EXHAUSTION_CONFIRM_V1,BNB,BNBUSDT,strategy-lab-v1.0.0:SIE_OLD_MR_REGIME_EXHAUSTION_CONFIRM_V1,1790913600000,2026-10-02T04:00:00+00:00,776.01,783.0,774.54,781.32,81.06457242582889,770.723,764.0554664230314,769.97045,3.4857142857142907,0.004461314551930439,63.00437530384057,1.2499999999999838,False,PLANNED_REWARD_TOO_LOW|RSI_NOT_BELOW_32|CLOSE_NOT_NEAR_OR_BELOW_LOWER_BB
2026-10-02T05:26:22.012744+00:00,SIE_OLD_MR_REGIME_EXHAUSTION_CONFIRM_V1,BNB,BNBUSDT,strategy-lab-v1.0.0:SIE_OLD_MR_REGIME_EXHAUSTION_CONFIRM_V1,1790917200000,2026-10-02T05:00:00+00:00,780.92,780.92,778.97,779.09,77.32001664585923,771.247,763.7326082082443,770.0333499999999,3.3535714285714318,0.004304472433956836,81.06457242582889,1.2499999999999916,False,PLANNED_REWARD_TOO_LOW|RSI_NOT_BELOW_32|CLOSE_NOT_NEAR_OR_BELOW_LOWER_BB|RSI_RECOVERY_NOT_CONFIRMED
2026-10-02T05:26:22.012744+00:00,SIE_OLD_MR_REGIME_EXHAUSTION_CONFIRM_V1,PAXG,PAXGUSDT,strategy-lab-v1.0.0:SIE_OLD_MR_REGIME_EXHAUSTION_CONFIRM_V1,1790899200000,2026-10-02T00:00:00+00:00,4189.81,4190.11,4164.12,4164.5,42.09606986899566,4178.0765,4158.083504951759,4224.78335,13.77785714285736,0.0033084060854502006,65.35228805644905,1.25,False,TREND_SUPPORT_NOT_CONFIRMED|RSI_NOT_BELOW_32|CLOSE_NOT_NEAR_OR_BELOW_LOWER_BB|CLOSE_NOT_ABOVE_MA200|RSI_RECOVERY_NOT_CONFIRMED
2026-10-02T05:26:22.012744+00:00,SIE_OLD_MR_REGIME_EXHAUSTION_CONFIRM_V1,PAXG,PAXGUSDT,strategy-lab-v1.0.0:SIE_OLD_MR_REGIME_EXHAUSTION_CONFIRM_V1,1790902800000,2026-10-02T01:00:00+00:00,4162.42,4162.42,4148.5,4160.24,35.57391917766806,4176.394,4156.343777657118,4224.12835,13.773571428571618,0.0033107636647336735,42.09606986899566,1.250000000000033,False,TREND_SUPPORT_NOT_CONFIRMED|RSI_NOT_BELOW_32|CLOSE_NOT_NEAR_OR_BELOW_LOWER_BB|CLOSE_NOT_ABOVE_MA200|RSI_RECOVERY_NOT_CONFIRMED
2026-10-02T05:26:22.012744+00:00,SIE_OLD_MR_REGIME_EXHAUSTION_CONFIRM_V1,PAXG,PAXGUSDT,strategy-lab-v1.0.0:SIE_OLD_MR_REGIME_EXHAUSTION_CONFIRM_V1,1790906400000,2026-10-02T02:00:00+00:00,4160.68,4175.98,4160.68,4175.98,45.68564267812375,4175.8335,4156.404698415779,4223.56755,14.167857142857299,0.0033927023460019684,35.57391917766806,1.249999999999984,False,TREND_SUPPORT_NOT_CONFIRMED|PLANNED_REWARD_TOO_LOW|RSI_NOT_BELOW_32|CLOSE_NOT_NEAR_OR_BELOW_LOWER_BB|CLOSE_NOT_ABOVE_MA200
2026-10-02T05:26:22.012744+00:00,SIE_OLD_MR_REGIME_EXHAUSTION_CONFIRM_V1,PAXG,PAXGUSDT,strategy-lab-v1.0.0:SIE_OLD_MR_REGIME_EXHAUSTION_CONFIRM_V1,1790910000000,2026-10-02T03:00:00+00:00,4176.79,4184.69,4175.58,4184.69,59.79185429800844,4176.574,4156.981050860092,4223.08185,13.31500000000012,0.003181836647398044,45.68564267812375,1.2500000000000342,False,TREND_SUPPORT_NOT_CONFIRMED|RSI_NOT_BELOW_32|CLOSE_NOT_NEAR_OR_BELOW_LOWER_BB|CLOSE_NOT_ABOVE_MA200
2026-10-02T05:26:22.012744+00:00,SIE_OLD_MR_REGIME_EXHAUSTION_CONFIRM_V1,PAXG,PAXGUSDT,strategy-lab-v1.0.0:SIE_OLD_MR_REGIME_EXHAUSTION_CONFIRM_V1,1790913600000,2026-10-02T04:00:00+00:00,4184.41,4196.97,4184.41,4192.52,61.29094412331419,4178.15,4158.751710384701,4222.63675,12.752142857143033,0.0030416415084824956,59.79185429800844,1.2499999999999822,False,TREND_SUPPORT_NOT_CONFIRMED|PLANNED_REWARD_TOO_LOW|RSI_NOT_BELOW_32|CLOSE_NOT_NEAR_OR_BELOW_LOWER_BB|CLOSE_NOT_ABOVE_MA200
2026-10-02T05:26:22.012744+00:00,SIE_OLD_MR_REGIME_EXHAUSTION_CONFIRM_V1,PAXG,PAXGUSDT,strategy-lab-v1.0.0:SIE_OLD_MR_REGIME_EXHAUSTION_CONFIRM_V1,1790917200000,2026-10-02T05:00:00+00:00,4192.32,4197.79,4190.62,4193.77,57.624973634254346,4179.7789999999995,4160.885942121535,4222.1811,11.854285714285847,0.0028266418316421375,61.29094412331419,1.25,False,TREND_SUPPORT_NOT_CONFIRMED|RSI_NOT_BELOW_32|CLOSE_NOT_NEAR_OR_BELOW_LOWER_BB|CLOSE_NOT_ABOVE_MA200|RSI_RECOVERY_NOT_CONFIRMED
2026-10-02T12:23:46.288179+00:00,SIE_OLD_MR_REGIME_EXHAUSTION_CONFIRM_V1,BTC,BTCUSDT,strategy-lab-v1.0.0:SIE_OLD_MR_REGIME_EXHAUSTION_CONFIRM_V1,1790920800000,2026-10-02T06:00:00+00:00,85979.95,86097.92,85859.06,85964.37,72.36898692168661,84783.231,83290.73405377977,84006.88795,492.78857142857095,0.005732474645350987,72.88476526257182,1.25,False,RSI_NOT_BELOW_32|CLOSE_NOT_NEAR_OR_BELOW_LOWER_BB|RSI_RECOVERY_NOT_CONFIRMED
2026-10-02T12:23:46.288179+00:00,SIE_OLD_MR_REGIME_EXHAUSTION_CONFIRM_V1,BTC,BTCUSDT,strategy-lab-v1.0.0:SIE_OLD_MR_REGIME_EXHAUSTION_CONFIRM_V1,1790924400000,2026-10-02T07:00:00+00:00,85964.36,86152.85,85740.27,86088.51,67.6759774911664,84893.55549999999,83358.2459046611,84015.43895,457.9221428571431,0.00531920163163636,72.36898692168661,1.250000000000008,False,RSI_NOT_BELOW_32|CLOSE_NOT_NEAR_OR_BELOW_LOWER_BB|RSI_RECOVERY_NOT_CONFIRMED
2026-10-02T12:23:46.288179+00:00,SIE_OLD_MR_REGIME_EXHAUSTION_CONFIRM_V1,BTC,BTCUSDT,strategy-lab-v1.0.0:SIE_OLD_MR_REGIME_EXHAUSTION_CONFIRM_V1,1790928000000,2026-10-02T08:00:00+00:00,86088.51,86625.08,86054.08,86235.65,71.04202317648819,85019.935,83479.6583836935,84025.1109,454.4950000000005,0.005270384116081928,67.6759774911664,1.25,False,RSI_NOT_BELOW_32|CLOSE_NOT_NEAR_OR_BELOW_LOWER_BB
2026-10-02T12:23:46.288179+00:00,SIE_OLD_MR_REGIME_EXHAUSTION_CONFIRM_V1,BTC,BTCUSDT,strategy-lab-v1.0.0:SIE_OLD_MR_REGIME_EXHAUSTION_CONFIRM_V1,1790931600000,2026-10-02T09:00:00+00:00,86235.65,86428.1,86100.0,86352.27,74.57007583934148,85141.87150000001,83585.21503634096,84036.37030000001,454.48357142857174,0.005263134037224172,71.04202317648819,1.25,False,RSI_NOT_BELOW_32|CLOSE_NOT_NEAR_OR_BELOW_LOWER_BB
2026-10-02T12:23:46.288179+00:00,SIE_OLD_MR_REGIME_EXHAUSTION_CONFIRM_V1,BTC,BTCUSDT,strategy-lab-v1.0.0:SIE_OLD_MR_REGIME_EXHAUSTION_CONFIRM_V1,1790935200000,2026-10-02T10:00:00+00:00,86352.28,86496.01,86158.0,86281.0,73.92770726807885,85254.601,83710.89783505007,84046.0259,456.14857142857153,0.005286778913417456,74.57007583934148,1.249999999999992,False,PLANNED_REWARD_TOO_LOW|RSI_NOT_BELOW_32|CLOSE_NOT_NEAR_OR_BELOW_LOWER_BB|RSI_RECOVERY_NOT_CONFIRMED
2026-10-02T12:23:46.288179+00:00,SIE_OLD_MR_REGIME_EXHAUSTION_CONFIRM_V1,BTC,BTCUSDT,strategy-lab-v1.0.0:SIE_OLD_MR_REGIME_EXHAUSTION_CONFIRM_V1,1790938800000,2026-10-02T11:00:00+00:00,86281.01,86564.3,86259.68,86412.21,76.739898342068,85368.7085,83837.0327502111,84058.44615,463.39071428571435,0.005362560618293576,73.92770726807885,1.25,False,RSI_NOT_BELOW_32|CLOSE_NOT_NEAR_OR_BELOW_LOWER_BB
2026-10-02T12:23:46.288179+00:00,SIE_OLD_MR_REGIME_EXHAUSTION_CONFIRM_V1,BTC,BTCUSDT,strategy-lab-v1.0.0:SIE_OLD_MR_REGIME_EXHAUSTION_CONFIRM_V1,1790942400000,2026-10-02T12:00:00+00:00,86412.21,86596.86,86289.22,86544.6,76.26037968200626,85487.70349999999,83979.05899822654,84071.0473,466.6757142857137,0.00539231464800477,76.739898342068,1.2499999999999922,False,PLANNED_REWARD_TOO_LOW|RSI_NOT_BELOW_32|CLOSE_NOT_NEAR_OR_BELOW_LOWER_BB|RSI_RECOVERY_NOT_CONFIRMED
2026-10-02T12:23:46.288179+00:00,SIE_OLD_MR_REGIME_EXHAUSTION_CONFIRM_V1,SOL,SOLUSDT,strategy-lab-v1.0.0:SIE_OLD_MR_REGIME_EXHAUSTION_CONFIRM_V1,1790920800000,2026-10-02T06:00:00+00:00,121.87,122.08,121.43,121.71,74.16317991631797,118.939,115.45023001618021,119.17705,1.212142857142857,0.009959270866345057,73.54771784232375,1.25,False,TREND_SUPPORT_NOT_CONFIRMED|RSI_NOT_BELOW_32|CLOSE_NOT_NEAR_OR_BELOW_LOWER_BB|RSI_RECOVERY_NOT_CONFIRMED
2026-10-02T12:23:46.288179+00:00,SIE_OLD_MR_REGIME_EXHAUSTION_CONFIRM_V1,SOL,SOLUSDT,strategy-lab-v1.0.0:SIE_OLD_MR_REGIME_EXHAUSTION_CONFIRM_V1,1790924400000,2026-10-02T07:00:00+00:00,121.69,121.85,120.99,121.68,70.09569377990442,119.127,115.47664604455927,119.21050000000001,1.1285714285714283,0.009274913121066965,74.16317991631797,1.25,False,TREND_SUPPORT_NOT_CONFIRMED|RSI_NOT_BELOW_32|CLOSE_NOT_NEAR_OR_BELOW_LOWER_BB|RSI_RECOVERY_NOT_CONFIRMED
2026-10-02T12:23:46.288179+00:00,SIE_OLD_MR_REGIME_EXHAUSTION_CONFIRM_V1,SOL,SOLUSDT,strategy-lab-v1.0.0:SIE_OLD_MR_REGIME_EXHAUSTION_CONFIRM_V1,1790928000000,2026-10-02T08:00:00+00:00,121.7,122.94,121.69,122.03,71.19815668202774,119.36299999999999,115.60434545348983,119.245,1.1478571428571425,0.009406352067992644,70.09569377990442,1.250000000000003,False,RSI_NOT_BELOW_32|CLOSE_NOT_NEAR_OR_BELOW_LOWER_BB
2026-10-02T12:23:46.288179+00:00,SIE_OLD_MR_REGIME_EXHAUSTION_CONFIRM_V1,SOL,SOLUSDT,strategy-lab-v1.0.0:SIE_OLD_MR_REGIME_EXHAUSTION_CONFIRM_V1,1790931600000,2026-10-02T09:00:00+00:00,122.01,122.17,121.56,121.76,70.06802721088444,119.55350000000001,115.71525417671025,119.28030000000001,1.1121428571428567,0.009133893373380886,71.19815668202774,1.2499999999999936,False,PLANNED_REWARD_TOO_LOW|RSI_NOT_BELOW_32|CLOSE_NOT_NEAR_OR_BELOW_LOWER_BB|RSI_RECOVERY_NOT_CONFIRMED
2026-10-02T12:23:46.288179+00:00,SIE_OLD_MR_REGIME_EXHAUSTION_CONFIRM_V1,SOL,SOLUSDT,strategy-lab-v1.0.0:SIE_OLD_MR_REGIME_EXHAUSTION_CONFIRM_V1,1790935200000,2026-10-02T10:00:00+00:00,121.75,122.17,121.34,121.91,71.52542372881365,119.78150000000001,115.95217486363444,119.31345000000002,1.1264285714285711,0.009239837350738833,70.06802721088444,1.249999999999997,False,PLANNED_REWARD_TOO_LOW|RSI_NOT_BELOW_32|CLOSE_NOT_NEAR_OR_BELOW_LOWER_BB
2026-10-02T12:23:46.288179+00:00,SIE_OLD_MR_REGIME_EXHAUSTION_CONFIRM_V1,SOL,SOLUSDT,strategy-lab-v1.0.0:SIE_OLD_MR_REGIME_EXHAUSTION_CONFIRM_V1,1790938800000,2026-10-02T11:00:00+00:00,121.89,122.4,121.76,121.8,74.5583038869259,120.00550000000001,116.25502016403222,119.34899999999999,1.1171428571428572,0.009171944639924936,71.52542372881365,1.2499999999999936,False,PLANNED_REWARD_TOO_LOW|RSI_NOT_BELOW_32|CLOSE_NOT_NEAR_OR_BELOW_LOWER_BB|RSI_RECOVERY_NOT_CONFIRMED
2026-10-02T12:23:46.288179+00:00,SIE_OLD_MR_REGIME_EXHAUSTION_CONFIRM_V1,SOL,SOLUSDT,strategy-lab-v1.0.0:SIE_OLD_MR_REGIME_EXHAUSTION_CONFIRM_V1,1790942400000,2026-10-02T12:00:00+00:00,121.79,122.11,121.56,122.07,73.43173431734323,120.25449999999998,116.6530421007596,119.38235,1.106428571428571,0.009063886060691171,74.5583038869259,1.250000000000003,False,RSI_NOT_BELOW_32|CLOSE_NOT_NEAR_OR_BELOW_LOWER_BB|RSI_RECOVERY_NOT_CONFIRMED
2026-10-02T12:23:46.288179+00:00,SIE_OLD_MR_REGIME_EXHAUSTION_CONFIRM_V1,XRP,XRPUSDT,strategy-lab-v1.0.0:SIE_OLD_MR_REGIME_EXHAUSTION_CONFIRM_V1,1790920800000,2026-10-02T06:00:00+00:00,1.5168,1.5275,1.5147,1.5225,73.5294117647058,1.498265,1.47335642517124,1.5149920000000001,0.015157142857142885,0.009955430448041303,66.96935300794557,1.2500000000000073,False,TREND_SUPPORT_NOT_CONFIRMED|RSI_NOT_BELOW_32|CLOSE_NOT_NEAR_OR_BELOW_LOWER_BB
2026-10-02T12:23:46.288179+00:00,SIE_OLD_MR_REGIME_EXHAUSTION_CONFIRM_V1,XRP,XRPUSDT,strategy-lab-v1.0.0:SIE_OLD_MR_REGIME_EXHAUSTION_CONFIRM_V1,1790924400000,2026-10-02T07:00:00+00:00,1.5223,1.5342,1.519,1.5316,70.30456852791875,1.500225,1.4715817547229728,1.5151454999999998,0.01444285714285717,0.009429914561802802,73.5294117647058,1.2499999999999962,False,TREND_SUPPORT_NOT_CONFIRMED|PLANNED_REWARD_TOO_LOW|RSI_NOT_BELOW_32|CLOSE_NOT_NEAR_OR_BELOW_LOWER_BB|RSI_RECOVERY_NOT_CONFIRMED
2026-10-02T12:23:46.288179+00:00,SIE_OLD_MR_REGIME_EXHAUSTION_CONFIRM_V1,XRP,XRPUSDT,strategy-lab-v1.0.0:SIE_OLD_MR_REGIME_EXHAUSTION_CONFIRM_V1,1790928000000,2026-10-02T08:00:00+00:00,1.5317,1.5417,1.5304,1.5365,71.70495767835547,1.5026899999999999,1.4706685134636137,1.5153215,0.014300000000000044,0.009306866254474484,70.30456852791875,1.2500000000000078,False,TREND_SUPPORT_NOT_CONFIRMED|RSI_NOT_BELOW_32|CLOSE_NOT_NEAR_OR_BELOW_LOWER_BB
2026-10-02T12:23:46.288179+00:00,SIE_OLD_MR_REGIME_EXHAUSTION_CONFIRM_V1,XRP,XRPUSDT,strategy-lab-v1.0.0:SIE_OLD_MR_REGIME_EXHAUSTION_CONFIRM_V1,1790931600000,2026-10-02T09:00:00+00:00,1.5366,1.5415,1.5323,1.5389,72.67373380447579,1.50518,1.4701675679222368,1.5155675,0.014128571428571475,0.009180954856437374,71.70495767835547,1.25,False,TREND_SUPPORT_NOT_CONFIRMED|RSI_NOT_BELOW_32|CLOSE_NOT_NEAR_OR_BELOW_LOWER_BB
2026-10-02T12:23:46.288179+00:00,SIE_OLD_MR_REGIME_EXHAUSTION_CONFIRM_V1,XRP,XRPUSDT,strategy-lab-v1.0.0:SIE_OLD_MR_REGIME_EXHAUSTION_CONFIRM_V1,1790935200000,2026-10-02T10:00:00+00:00,1.5388,1.5499,1.5345,1.5388,74.87864077669892,1.50801,1.471757005640913,1.5157420000000001,0.01456428571428576,0.00946470347952025,72.67373380447579,1.2500000000000038,False,TREND_SUPPORT_NOT_CONFIRMED|RSI_NOT_BELOW_32|CLOSE_NOT_NEAR_OR_BELOW_LOWER_BB|RSI_RECOVERY_NOT_CONFIRMED
2026-10-02T12:23:46.288179+00:00,SIE_OLD_MR_REGIME_EXHAUSTION_CONFIRM_V1,XRP,XRPUSDT,strategy-lab-v1.0.0:SIE_OLD_MR_REGIME_EXHAUSTION_CONFIRM_V1,1790938800000,2026-10-02T11:00:00+00:00,1.5388,1.5438,1.5294,1.5314,74.78787878787888,1.5102499999999999,1.474029149651064,1.5159279999999997,0.012628571428571465,0.008246422507882633,74.87864077669892,1.25,False,TREND_SUPPORT_NOT_CONFIRMED|RSI_NOT_BELOW_32|CLOSE_NOT_NEAR_OR_BELOW_LOWER_BB|RSI_RECOVERY_NOT_CONFIRMED
2026-10-02T12:23:46.288179+00:00,SIE_OLD_MR_REGIME_EXHAUSTION_CONFIRM_V1,XRP,XRPUSDT,strategy-lab-v1.0.0:SIE_OLD_MR_REGIME_EXHAUSTION_CONFIRM_V1,1790942400000,2026-10-02T12:00:00+00:00,1.5312,1.539,1.5268,1.5383,75.8420441347271,1.51312,1.477566119761691,1.5161165000000003,0.012928571428571465,0.008404453896230556,74.78787878787888,1.2500000000000042,False,TREND_SUPPORT_NOT_CONFIRMED|RSI_NOT_BELOW_32|CLOSE_NOT_NEAR_OR_BELOW_LOWER_BB
2026-10-02T12:23:46.288179+00:00,SIE_OLD_MR_REGIME_EXHAUSTION_CONFIRM_V1,DOGE,DOGEUSDT,strategy-lab-v1.0.0:SIE_OLD_MR_REGIME_EXHAUSTION_CONFIRM_V1,1790920800000,2026-10-02T06:00:00+00:00,0.09583,0.09626,0.09572,0.09584,65.35087719298242,0.0946535,0.09317704106050942,0.09535345,0.0008935714285714271,0.009323575005962302,61.06557377049181,1.2500000000000038,False,TREND_SUPPORT_NOT_CONFIRMED|RSI_NOT_BELOW_32|CLOSE_NOT_NEAR_OR_BELOW_LOWER_BB|RSI_RECOVERY_NOT_CONFIRMED
2026-10-02T12:23:46.288179+00:00,SIE_OLD_MR_REGIME_EXHAUSTION_CONFIRM_V1,DOGE,DOGEUSDT,strategy-lab-v1.0.0:SIE_OLD_MR_REGIME_EXHAUSTION_CONFIRM_V1,1790924400000,2026-10-02T07:00:00+00:00,0.0958,0.09654,0.09539,0.09645,62.67716535433072,0.0947305,0.0930606080873297,0.09537219999999999,0.0008685714285714269,0.009005406206028273,65.35087719298242,1.250000000000004,False,TREND_SUPPORT_NOT_CONFIRMED|RSI_NOT_BELOW_32|CLOSE_NOT_NEAR_OR_BELOW_LOWER_BB|RSI_RECOVERY_NOT_CONFIRMED
2026-10-02T12:23:46.288179+00:00,SIE_OLD_MR_REGIME_EXHAUSTION_CONFIRM_V1,DOGE,DOGEUSDT,strategy-lab-v1.0.0:SIE_OLD_MR_REGIME_EXHAUSTION_CONFIRM_V1,1790928000000,2026-10-02T08:00:00+00:00,0.09643,0.09792,0.09632,0.09709,65.55232558139531,0.094859,0.09290270861066106,0.09539295,0.0009285714285714254,0.009564027485543573,62.67716535433072,1.2500000000000038,False,TREND_SUPPORT_NOT_CONFIRMED|RSI_NOT_BELOW_32|CLOSE_NOT_NEAR_OR_BELOW_LOWER_BB
2026-10-02T12:23:46.288179+00:00,SIE_OLD_MR_REGIME_EXHAUSTION_CONFIRM_V1,DOGE,DOGEUSDT,strategy-lab-v1.0.0:SIE_OLD_MR_REGIME_EXHAUSTION_CONFIRM_V1,1790931600000,2026-10-02T09:00:00+00:00,0.09709,0.09745,0.09662,0.09694,65.64774381368272,0.09497199999999999,0.09281893149203241,0.09541485,0.0009242857142857108,0.009534616404845377,65.55232558139531,1.25,False,TREND_SUPPORT_NOT_CONFIRMED|RSI_NOT_BELOW_32|CLOSE_NOT_NEAR_OR_BELOW_LOWER_BB|RSI_RECOVERY_NOT_CONFIRMED
2026-10-02T12:23:46.288179+00:00,SIE_OLD_MR_REGIME_EXHAUSTION_CONFIRM_V1,DOGE,DOGEUSDT,strategy-lab-v1.0.0:SIE_OLD_MR_REGIME_EXHAUSTION_CONFIRM_V1,1790935200000,2026-10-02T10:00:00+00:00,0.09697,0.09701,0.09635,0.09661,64.89208633093534,0.0950965,0.09286824260912216,0.095429,0.0009357142857142818,0.009685480651219148,65.64774381368272,1.2499999999999962,False,TREND_SUPPORT_NOT_CONFIRMED|PLANNED_REWARD_TOO_LOW|RSI_NOT_BELOW_32|CLOSE_NOT_NEAR_OR_BELOW_LOWER_BB|RSI_RECOVERY_NOT_CONFIRMED
2026-10-02T12:23:46.288179+00:00,SIE_OLD_MR_REGIME_EXHAUSTION_CONFIRM_V1,DOGE,DOGEUSDT,strategy-lab-v1.0.0:SIE_OLD_MR_REGIME_EXHAUSTION_CONFIRM_V1,1790938800000,2026-10-02T11:00:00+00:00,0.0966,0.09694,0.09644,0.09647,69.2780337941629,0.0952065,0.09293550660502903,0.09544554999999999,0.0009092857142857107,0.009425580121133105,64.89208633093534,1.2500000000000038,False,TREND_SUPPORT_NOT_CONFIRMED|RSI_NOT_BELOW_32|CLOSE_NOT_NEAR_OR_BELOW_LOWER_BB|RSI_RECOVERY_NOT_CONFIRMED
2026-10-02T12:23:46.288179+00:00,SIE_OLD_MR_REGIME_EXHAUSTION_CONFIRM_V1,DOGE,DOGEUSDT,strategy-lab-v1.0.0:SIE_OLD_MR_REGIME_EXHAUSTION_CONFIRM_V1,1790942400000,2026-10-02T12:00:00+00:00,0.09649,0.09658,0.09611,0.09658,68.89580093312605,0.09534849999999999,0.09310708727584546,0.0954579,0.0008992857142857107,0.009311303730438088,69.2780337941629,1.25,False,TREND_SUPPORT_NOT_CONFIRMED|RSI_NOT_BELOW_32|CLOSE_NOT_NEAR_OR_BELOW_LOWER_BB|RSI_RECOVERY_NOT_CONFIRMED
2026-10-02T12:23:46.288179+00:00,SIE_OLD_MR_REGIME_EXHAUSTION_CONFIRM_V1,BNB,BNBUSDT,strategy-lab-v1.0.0:SIE_OLD_MR_REGIME_EXHAUSTION_CONFIRM_V1,1790920800000,2026-10-02T06:00:00+00:00,776.97,778.43,776.56,777.0,70.54687499999986,771.5020000000001,763.9548585543904,770.0694500000001,3.5035714285714334,0.004509100937672372,71.35176651305679,1.2499999999999918,False,PLANNED_REWARD_TOO_LOW|RSI_NOT_BELOW_32|CLOSE_NOT_NEAR_OR_BELOW_LOWER_BB|RSI_RECOVERY_NOT_CONFIRMED
2026-10-02T12:23:46.288179+00:00,SIE_OLD_MR_REGIME_EXHAUSTION_CONFIRM_V1,BNB,BNBUSDT,strategy-lab-v1.0.0:SIE_OLD_MR_REGIME_EXHAUSTION_CONFIRM_V1,1790924400000,2026-10-02T07:00:00+00:00,776.81,777.47,774.52,776.15,59.39012584704734,771.7875,763.9946497512118,770.11385,3.1578571428571536,0.004068617075123564,70.54687499999986,1.25,False,RSI_NOT_BELOW_32|CLOSE_NOT_NEAR_OR_BELOW_LOWER_BB|RSI_RECOVERY_NOT_CONFIRMED
2026-10-02T12:23:46.288179+00:00,SIE_OLD_MR_REGIME_EXHAUSTION_CONFIRM_V1,BNB,BNBUSDT,strategy-lab-v1.0.0:SIE_OLD_MR_REGIME_EXHAUSTION_CONFIRM_V1,1790928000000,2026-10-02T08:00:00+00:00,776.54,780.08,776.54,777.26,67.81550937658359,772.255,764.3280245364301,770.16345,3.2192857142857343,0.004141838913987256,59.39012584704734,1.2500000000000089,False,RSI_NOT_BELOW_32|CLOSE_NOT_NEAR_OR_BELOW_LOWER_BB
2026-10-02T12:23:46.288179+00:00,SIE_OLD_MR_REGIME_EXHAUSTION_CONFIRM_V1,BNB,BNBUSDT,strategy-lab-v1.0.0:SIE_OLD_MR_REGIME_EXHAUSTION_CONFIRM_V1,1790931600000,2026-10-02T09:00:00+00:00,777.23,777.23,774.76,776.36,68.61538461538437,772.5555,764.4857949868017,770.2136999999999,3.2035714285714465,0.004126399387618432,67.81550937658359,1.2500000000000178,False,RSI_NOT_BELOW_32|CLOSE_NOT_NEAR_OR_BELOW_LOWER_BB|RSI_RECOVERY_NOT_CONFIRMED
2026-10-02T12:23:46.288179+00:00,SIE_OLD_MR_REGIME_EXHAUSTION_CONFIRM_V1,BNB,BNBUSDT,strategy-lab-v1.0.0:SIE_OLD_MR_REGIME_EXHAUSTION_CONFIRM_V1,1790935200000,2026-10-02T10:00:00+00:00,776.78,777.31,775.31,776.08,66.5271966527196,773.0055,765.2081710342554,770.23235,3.230000000000018,0.004161942067828082,68.61538461538437,1.25,False,RSI_NOT_BELOW_32|CLOSE_NOT_NEAR_OR_BELOW_LOWER_BB|RSI_RECOVERY_NOT_CONFIRMED
2026-10-02T12:23:46.288179+00:00,SIE_OLD_MR_REGIME_EXHAUSTION_CONFIRM_V1,BNB,BNBUSDT,strategy-lab-v1.0.0:SIE_OLD_MR_REGIME_EXHAUSTION_CONFIRM_V1,1790938800000,2026-10-02T11:00:00+00:00,776.11,778.55,775.78,777.6,68.0479281078381,773.5875,766.256912370073,770.2877000000001,3.317142857142877,0.0042658730158730415,66.5271966527196,1.249999999999983,False,PLANNED_REWARD_TOO_LOW|RSI_NOT_BELOW_32|CLOSE_NOT_NEAR_OR_BELOW_LOWER_BB
2026-10-02T12:23:46.288179+00:00,SIE_OLD_MR_REGIME_EXHAUSTION_CONFIRM_V1,BNB,BNBUSDT,strategy-lab-v1.0.0:SIE_OLD_MR_REGIME_EXHAUSTION_CONFIRM_V1,1790942400000,2026-10-02T12:00:00+00:00,777.86,779.0,777.17,778.89,69.40726577437843,774.208,767.3002200382439,770.3274,3.300714285714313,0.004237715576929108,68.0479281078381,1.2499999999999827,False,PLANNED_REWARD_TOO_LOW|RSI_NOT_BELOW_32|CLOSE_NOT_NEAR_OR_BELOW_LOWER_BB
2026-10-02T12:23:46.288179+00:00,SIE_OLD_MR_REGIME_EXHAUSTION_CONFIRM_V1,PAXG,PAXGUSDT,strategy-lab-v1.0.0:SIE_OLD_MR_REGIME_EXHAUSTION_CONFIRM_V1,1790920800000,2026-10-02T06:00:00+00:00,4194.6,4198.19,4183.52,4187.31,59.894547902176505,4179.95,4161.173882190459,4221.6667,11.906428571428608,0.0028434552424894755,55.952630475791004,1.2500000000000382,False,TREND_SUPPORT_NOT_CONFIRMED|RSI_NOT_BELOW_32|CLOSE_NOT_NEAR_OR_BELOW_LOWER_BB|CLOSE_NOT_ABOVE_MA200|RSI_RECOVERY_NOT_CONFIRMED
2026-10-02T12:23:46.288179+00:00,SIE_OLD_MR_REGIME_EXHAUSTION_CONFIRM_V1,PAXG,PAXGUSDT,strategy-lab-v1.0.0:SIE_OLD_MR_REGIME_EXHAUSTION_CONFIRM_V1,1790924400000,2026-10-02T07:00:00+00:00,4186.6,4193.99,4183.68,4187.39,56.497931370163215,4179.876,4161.229870750267,4221.1662,11.466428571428553,0.002738323531227937,59.894547902176505,1.2499999999999802,False,TREND_SUPPORT_NOT_CONFIRMED|PLANNED_REWARD_TOO_LOW|RSI_NOT_BELOW_32|CLOSE_NOT_NEAR_OR_BELOW_LOWER_BB|CLOSE_NOT_ABOVE_MA200|RSI_RECOVERY_NOT_CONFIRMED
2026-10-02T12:23:46.288179+00:00,SIE_OLD_MR_REGIME_EXHAUSTION_CONFIRM_V1,PAXG,PAXGUSDT,strategy-lab-v1.0.0:SIE_OLD_MR_REGIME_EXHAUSTION_CONFIRM_V1,1790928000000,2026-10-02T08:00:00+00:00,4187.9,4196.56,4183.28,4185.69,53.21673953778862,4179.8795,4161.229033544767,4220.6154,11.197857142857174,0.002675271494749295,56.497931370163215,1.2499999999999594,False,TREND_SUPPORT_NOT_CONFIRMED|PLANNED_REWARD_TOO_LOW|RSI_NOT_BELOW_32|CLOSE_NOT_NEAR_OR_BELOW_LOWER_BB|CLOSE_NOT_ABOVE_MA200|RSI_RECOVERY_NOT_CONFIRMED
2026-10-02T12:23:46.288179+00:00,SIE_OLD_MR_REGIME_EXHAUSTION_CONFIRM_V1,PAXG,PAXGUSDT,strategy-lab-v1.0.0:SIE_OLD_MR_REGIME_EXHAUSTION_CONFIRM_V1,1790931600000,2026-10-02T09:00:00+00:00,4186.15,4190.41,4183.41,4186.79,52.79213412328261,4180.963,4163.381007962755,4220.1632,11.187857142857151,0.0026721801530186972,53.21673953778862,1.25,False,TREND_SUPPORT_NOT_CONFIRMED|RSI_NOT_BELOW_32|CLOSE_NOT_NEAR_OR_BELOW_LOWER_BB|CLOSE_NOT_ABOVE_MA200|RSI_RECOVERY_NOT_CONFIRMED
2026-10-02T12:23:46.288179+00:00,SIE_OLD_MR_REGIME_EXHAUSTION_CONFIRM_V1,PAXG,PAXGUSDT,strategy-lab-v1.0.0:SIE_OLD_MR_REGIME_EXHAUSTION_CONFIRM_V1,1790935200000,2026-10-02T10:00:00+00:00,4186.76,4188.0,4172.63,4187.19,52.35368956742987,4181.8685000000005,4164.975877616316,4219.650299999999,11.854285714285718,0.0028310837851365043,52.79213412328261,1.25,False,TREND_SUPPORT_NOT_CONFIRMED|RSI_NOT_BELOW_32|CLOSE_NOT_NEAR_OR_BELOW_LOWER_BB|CLOSE_NOT_ABOVE_MA200|RSI_RECOVERY_NOT_CONFIRMED
2026-10-02T12:23:46.288179+00:00,SIE_OLD_MR_REGIME_EXHAUSTION_CONFIRM_V1,PAXG,PAXGUSDT,strategy-lab-v1.0.0:SIE_OLD_MR_REGIME_EXHAUSTION_CONFIRM_V1,1790938800000,2026-10-02T11:00:00+00:00,4186.7,4191.24,4181.24,4184.61,49.405965621839925,4182.1335,4165.243450532998,4219.157999999999,12.37999999999998,0.002958459689194448,52.35368956742987,1.2500000000000184,False,TREND_SUPPORT_NOT_CONFIRMED|RSI_NOT_BELOW_32|CLOSE_NOT_NEAR_OR_BELOW_LOWER_BB|CLOSE_NOT_ABOVE_MA200|RSI_RECOVERY_NOT_CONFIRMED
2026-10-02T12:23:46.288179+00:00,SIE_OLD_MR_REGIME_EXHAUSTION_CONFIRM_V1,PAXG,PAXGUSDT,strategy-lab-v1.0.0:SIE_OLD_MR_REGIME_EXHAUSTION_CONFIRM_V1,1790942400000,2026-10-02T12:00:00+00:00,4181.86,4184.0,4179.23,4182.98,48.126011704644405,4182.799,4166.906304948569,4218.6279,12.20999999999997,0.0029189716422263487,49.405965621839925,1.2499999999999813,False,TREND_SUPPORT_NOT_CONFIRMED|PLANNED_REWARD_TOO_LOW|RSI_NOT_BELOW_32|CLOSE_NOT_NEAR_OR_BELOW_LOWER_BB|CLOSE_NOT_ABOVE_MA200|RSI_RECOVERY_NOT_CONFIRMED
2026-10-02T19:12:13.538450+00:00,SIE_OLD_MR_REGIME_EXHAUSTION_CONFIRM_V1,BTC,BTCUSDT,strategy-lab-v1.0.0:SIE_OLD_MR_REGIME_EXHAUSTION_CONFIRM_V1,1790946000000,2026-10-02T13:00:00+00:00,86803.4,87178.19,86449.7,86564.35,72.31567281827705,85585.2195,83998.7030551501,84085.33625,546.3571428571429,0.006311572175579703,77.90589627757139,1.2500000000000067,False,RSI_NOT_BELOW_32|CLOSE_NOT_NEAR_OR_BELOW_LOWER_BB|RSI_RECOVERY_NOT_CONFIRMED
2026-10-02T19:12:13.538450+00:00,SIE_OLD_MR_REGIME_EXHAUSTION_CONFIRM_V1,BTC,BTCUSDT,strategy-lab-v1.0.0:SIE_OLD_MR_REGIME_EXHAUSTION_CONFIRM_V1,1790949600000,2026-10-02T14:00:00+00:00,86565.98,86841.05,85377.29,85676.41,59.832886348080294,85630.5435,84088.61577226072,84093.24025,632.2914285714297,0.007379994429872,72.31567281827705,1.2500000000000058,False,RSI_NOT_BELOW_32|CLOSE_NOT_NEAR_OR_BELOW_LOWER_BB|RSI_RECOVERY_NOT_CONFIRMED
2026-10-02T19:12:13.538450+00:00,SIE_OLD_MR_REGIME_EXHAUSTION_CONFIRM_V1,BTC,BTCUSDT,strategy-lab-v1.0.0:SIE_OLD_MR_REGIME_EXHAUSTION_CONFIRM_V1,1790953200000,2026-10-02T15:00:00+00:00,85682.77,85759.78,85129.49,85321.76,54.54947330936086,85664.3855,84181.9082802967,84097.3318,643.2014285714291,0.007538539155444393,59.832886348080294,1.25,False,RSI_NOT_BELOW_32|CLOSE_NOT_NEAR_OR_BELOW_LOWER_BB|RSI_RECOVERY_NOT_CONFIRMED
2026-10-02T19:12:13.538450+00:00,SIE_OLD_MR_REGIME_EXHAUSTION_CONFIRM_V1,BTC,BTCUSDT,strategy-lab-v1.0.0:SIE_OLD_MR_REGIME_EXHAUSTION_CONFIRM_V1,1790956800000,2026-10-02T16:00:00+00:00,85314.59,85506.99,85001.58,85143.52,49.77347050719996,85691.3695,84268.64852095343,84104.87865,653.1714285714291,0.007671416786285429,54.54947330936086,1.249999999999989,False,PLANNED_REWARD_TOO_LOW|RSI_NOT_BELOW_32|CLOSE_NOT_NEAR_OR_BELOW_LOWER_BB|RSI_RECOVERY_NOT_CONFIRMED
2026-10-02T19:12:13.538450+00:00,SIE_OLD_MR_REGIME_EXHAUSTION_CONFIRM_V1,BTC,BTCUSDT,strategy-lab-v1.0.0:SIE_OLD_MR_REGIME_EXHAUSTION_CONFIRM_V1,1790960400000,2026-10-02T17:00:00+00:00,85143.51,85256.31,84481.99,84760.35,42.53101490946504,85703.628,84317.91193426927,84112.45555,680.5728571428574,0.008029377617516414,49.77347050719996,1.2500000000000107,False,RSI_NOT_BELOW_32|CLOSE_NOT_NEAR_OR_BELOW_LOWER_BB|RSI_RECOVERY_NOT_CONFIRMED
2026-10-02T19:12:13.538450+00:00,SIE_OLD_MR_REGIME_EXHAUSTION_CONFIRM_V1,BTC,BTCUSDT,strategy-lab-v1.0.0:SIE_OLD_MR_REGIME_EXHAUSTION_CONFIRM_V1,1790964000000,2026-10-02T18:00:00+00:00,84760.0,84896.87,83850.02,84237.83,21.597506091239396,85679.5585,84211.9779792887,84116.1599,650.8571428571429,0.00772642342350394,42.53101490946504,1.2500000000000056,False,RSI_RECOVERY_NOT_CONFIRMED
2026-10-02T19:12:13.538450+00:00,SIE_OLD_MR_REGIME_EXHAUSTION_CONFIRM_V1,BTC,BTCUSDT,strategy-lab-v1.0.0:SIE_OLD_MR_REGIME_EXHAUSTION_CONFIRM_V1,1790967600000,2026-10-02T19:00:00+00:00,84240.86,84299.99,84076.0,84082.81,24.485991866245,85641.2625,84053.87716383388,84119.23015,609.0078571428583,0.007242953192725817,21.597506091239396,1.249999999999988,False,PLANNED_REWARD_TOO_LOW|CLOSE_NOT_ABOVE_MA200|RSI_RECOVERY_NOT_CONFIRMED
2026-10-02T19:12:13.538450+00:00,SIE_OLD_MR_REGIME_EXHAUSTION_CONFIRM_V1,SOL,SOLUSDT,strategy-lab-v1.0.0:SIE_OLD_MR_REGIME_EXHAUSTION_CONFIRM_V1,1790946000000,2026-10-02T13:00:00+00:00,122.52,123.36,121.88,122.06,70.53571428571436,120.465,116.8480593037761,119.4209,1.2614285714285711,0.010334495915357783,74.88372093023267,1.2499999999999971,False,PLANNED_REWARD_TOO_LOW|RSI_NOT_BELOW_32|CLOSE_NOT_NEAR_OR_BELOW_LOWER_BB|RSI_RECOVERY_NOT_CONFIRMED
2026-10-02T19:12:13.538450+00:00,SIE_OLD_MR_REGIME_EXHAUSTION_CONFIRM_V1,SOL,SOLUSDT,strategy-lab-v1.0.0:SIE_OLD_MR_REGIME_EXHAUSTION_CONFIRM_V1,1790949600000,2026-10-02T14:00:00+00:00,122.06,122.43,120.08,120.62,58.87096774193553,120.57849999999999,117.09412186323001,119.44994999999999,1.364285714285715,0.011310609470118678,70.53571428571436,1.2499999999999973,False,PLANNED_REWARD_TOO_LOW|RSI_NOT_BELOW_32|CLOSE_NOT_NEAR_OR_BELOW_LOWER_BB|RSI_RECOVERY_NOT_CONFIRMED
2026-10-02T19:12:13.538450+00:00,SIE_OLD_MR_REGIME_EXHAUSTION_CONFIRM_V1,SOL,SOLUSDT,strategy-lab-v1.0.0:SIE_OLD_MR_REGIME_EXHAUSTION_CONFIRM_V1,1790953200000,2026-10-02T15:00:00+00:00,120.62,120.71,119.64,119.95,52.35707121364092,120.665,117.33671816097247,119.47215,1.3385714285714283,0.011159411659620077,58.87096774193553,1.2499999999999973,False,PLANNED_REWARD_TOO_LOW|RSI_NOT_BELOW_32|CLOSE_NOT_NEAR_OR_BELOW_LOWER_BB|RSI_RECOVERY_NOT_CONFIRMED
2026-10-02T19:12:13.538450+00:00,SIE_OLD_MR_REGIME_EXHAUSTION_CONFIRM_V1,SOL,SOLUSDT,strategy-lab-v1.0.0:SIE_OLD_MR_REGIME_EXHAUSTION_CONFIRM_V1,1790956800000,2026-10-02T16:00:00+00:00,119.98,120.41,119.45,119.96,49.68220338983049,120.758,117.62328725398953,119.50139999999999,1.3342857142857127,0.011122755204115646,52.35707121364092,1.2500000000000027,False,RSI_NOT_BELOW_32|CLOSE_NOT_NEAR_OR_BELOW_LOWER_BB|RSI_RECOVERY_NOT_CONFIRMED
2026-10-02T19:12:13.538450+00:00,SIE_OLD_MR_REGIME_EXHAUSTION_CONFIRM_V1,SOL,SOLUSDT,strategy-lab-v1.0.0:SIE_OLD_MR_REGIME_EXHAUSTION_CONFIRM_V1,1790960400000,2026-10-02T17:00:00+00:00,119.96,120.17,119.17,119.68,41.16959064327486,120.8605,118.02149682987137,119.53424999999999,1.307857142857141,0.010927950725744828,49.68220338983049,1.2499999999999973,False,PLANNED_REWARD_TOO_LOW|RSI_NOT_BELOW_32|CLOSE_NOT_NEAR_OR_BELOW_LOWER_BB|RSI_RECOVERY_NOT_CONFIRMED
2026-10-02T19:12:13.538450+00:00,SIE_OLD_MR_REGIME_EXHAUSTION_CONFIRM_V1,SOL,SOLUSDT,strategy-lab-v1.0.0:SIE_OLD_MR_REGIME_EXHAUSTION_CONFIRM_V1,1790964000000,2026-10-02T18:00:00+00:00,119.66,119.85,117.07,118.14,15.984654731457695,120.8545,117.99311938917585,119.55820000000001,1.2928571428571414,0.010943432731142216,41.16959064327486,1.25,False,CLOSE_NOT_NEAR_OR_BELOW_LOWER_BB|CLOSE_NOT_ABOVE_MA200|RSI_RECOVERY_NOT_CONFIRMED
2026-10-02T19:12:13.538450+00:00,SIE_OLD_MR_REGIME_EXHAUSTION_CONFIRM_V1,SOL,SOLUSDT,strategy-lab-v1.0.0:SIE_OLD_MR_REGIME_EXHAUSTION_CONFIRM_V1,1790967600000,2026-10-02T19:00:00+00:00,118.14,118.51,118.04,118.11,19.999999999999858,120.84100000000001,117.93091477788015,119.58215,1.1871428571428555,0.010051162959468762,15.984654731457695,1.2500000000000029,False,CLOSE_NOT_NEAR_OR_BELOW_LOWER_BB|CLOSE_NOT_ABOVE_MA200|RSI_RECOVERY_NOT_CONFIRMED
2026-10-02T19:12:13.538450+00:00,SIE_OLD_MR_REGIME_EXHAUSTION_CONFIRM_V1,XRP,XRPUSDT,strategy-lab-v1.0.0:SIE_OLD_MR_REGIME_EXHAUSTION_CONFIRM_V1,1790946000000,2026-10-02T13:00:00+00:00,1.5421,1.55,1.5289,1.5316,68.90000000000006,1.5149000000000001,1.4785406820746034,1.5162705,0.01522857142857148,0.00994291683766746,76.81159420289859,1.25,False,TREND_SUPPORT_NOT_CONFIRMED|RSI_NOT_BELOW_32|CLOSE_NOT_NEAR_OR_BELOW_LOWER_BB|RSI_RECOVERY_NOT_CONFIRMED
2026-10-02T19:12:13.538450+00:00,SIE_OLD_MR_REGIME_EXHAUSTION_CONFIRM_V1,XRP,XRPUSDT,strategy-lab-v1.0.0:SIE_OLD_MR_REGIME_EXHAUSTION_CONFIRM_V1,1790949600000,2026-10-02T14:00:00+00:00,1.5319,1.5373,1.5054,1.5128,57.747671464860275,1.51551,1.4797259868097488,1.516324,0.017000000000000064,0.011237440507667944,68.90000000000006,1.2500000000000033,False,TREND_SUPPORT_NOT_CONFIRMED|RSI_NOT_BELOW_32|CLOSE_NOT_NEAR_OR_BELOW_LOWER_BB|CLOSE_NOT_ABOVE_MA200|RSI_RECOVERY_NOT_CONFIRMED
2026-10-02T19:12:13.538450+00:00,SIE_OLD_MR_REGIME_EXHAUSTION_CONFIRM_V1,XRP,XRPUSDT,strategy-lab-v1.0.0:SIE_OLD_MR_REGIME_EXHAUSTION_CONFIRM_V1,1790953200000,2026-10-02T15:00:00+00:00,1.5129,1.5146,1.501,1.5066,54.166666666666664,1.51582,1.4804600452488965,1.5163265000000001,0.01709285714285721,0.01134531869298899,57.747671464860275,1.2499999999999967,False,TREND_SUPPORT_NOT_CONFIRMED|PLANNED_REWARD_TOO_LOW|RSI_NOT_BELOW_32|CLOSE_NOT_NEAR_OR_BELOW_LOWER_BB|CLOSE_NOT_ABOVE_MA200|RSI_RECOVERY_NOT_CONFIRMED
2026-10-02T19:12:13.538450+00:00,SIE_OLD_MR_REGIME_EXHAUSTION_CONFIRM_V1,XRP,XRPUSDT,strategy-lab-v1.0.0:SIE_OLD_MR_REGIME_EXHAUSTION_CONFIRM_V1,1790956800000,2026-10-02T16:00:00+00:00,1.5066,1.5104,1.4982,1.5033,50.500000000000036,1.516095,1.481217644882387,1.516427,0.01735714285714293,0.011546027311343663,54.166666666666664,1.249999999999997,False,TREND_SUPPORT_NOT_CONFIRMED|PLANNED_REWARD_TOO_LOW|RSI_NOT_BELOW_32|CLOSE_NOT_NEAR_OR_BELOW_LOWER_BB|CLOSE_NOT_ABOVE_MA200|RSI_RECOVERY_NOT_CONFIRMED
2026-10-02T19:12:13.538450+00:00,SIE_OLD_MR_REGIME_EXHAUSTION_CONFIRM_V1,XRP,XRPUSDT,strategy-lab-v1.0.0:SIE_OLD_MR_REGIME_EXHAUSTION_CONFIRM_V1,1790960400000,2026-10-02T17:00:00+00:00,1.5034,1.526,1.4921,1.4977,45.424013434089034,1.516455,1.4825055390322603,1.5166265,0.01911428571428578,0.01276242619635827,50.500000000000036,1.2500000000000029,False,TREND_SUPPORT_NOT_CONFIRMED|RSI_NOT_BELOW_32|CLOSE_NOT_NEAR_OR_BELOW_LOWER_BB|CLOSE_NOT_ABOVE_MA200|RSI_RECOVERY_NOT_CONFIRMED
2026-10-02T19:12:13.538450+00:00,SIE_OLD_MR_REGIME_EXHAUSTION_CONFIRM_V1,XRP,XRPUSDT,strategy-lab-v1.0.0:SIE_OLD_MR_REGIME_EXHAUSTION_CONFIRM_V1,1790964000000,2026-10-02T18:00:00+00:00,1.4976,1.5008,1.4459,1.4643,25.057121096725012,1.51498,1.4751648973378182,1.5166125,0.0209428571428572,0.014302299489761116,45.424013434089034,1.2499999999999973,False,TREND_SUPPORT_NOT_CONFIRMED|PLANNED_REWARD_TOO_LOW|CLOSE_NOT_ABOVE_MA200|RSI_RECOVERY_NOT_CONFIRMED
2026-10-02T19:12:13.538450+00:00,SIE_OLD_MR_REGIME_EXHAUSTION_CONFIRM_V1,XRP,XRPUSDT,strategy-lab-v1.0.0:SIE_OLD_MR_REGIME_EXHAUSTION_CONFIRM_V1,1790967600000,2026-10-02T19:00:00+00:00,1.4642,1.4705,1.4634,1.466,28.905597326649954,1.51359,1.4692323219724017,1.5165955,0.020085714285714325,0.013701032937049336,25.057121096725012,1.2499999999999973,False,TREND_SUPPORT_NOT_CONFIRMED|PLANNED_REWARD_TOO_LOW|CLOSE_NOT_ABOVE_MA200
2026-10-02T19:12:13.538450+00:00,SIE_OLD_MR_REGIME_EXHAUSTION_CONFIRM_V1,DOGE,DOGEUSDT,strategy-lab-v1.0.0:SIE_OLD_MR_REGIME_EXHAUSTION_CONFIRM_V1,1790946000000,2026-10-02T13:00:00+00:00,0.09714,0.09772,0.0965,0.09663,65.85034013605443,0.095466,0.09310294773650671,0.0954734,0.0010299999999999973,0.010659215564524448,71.38769670958521,1.2500000000000067,False,TREND_SUPPORT_NOT_CONFIRMED|RSI_NOT_BELOW_32|CLOSE_NOT_NEAR_OR_BELOW_LOWER_BB|RSI_RECOVERY_NOT_CONFIRMED
2026-10-02T19:12:13.538450+00:00,SIE_OLD_MR_REGIME_EXHAUSTION_CONFIRM_V1,DOGE,DOGEUSDT,strategy-lab-v1.0.0:SIE_OLD_MR_REGIME_EXHAUSTION_CONFIRM_V1,1790949600000,2026-10-02T14:00:00+00:00,0.0966,0.09707,0.09483,0.09541,58.38359469240041,0.095489,0.09313755873983619,0.09547845,0.0011549999999999983,0.012105649303008052,65.85034013605443,1.250000000000003,False,RSI_NOT_BELOW_32|CLOSE_NOT_NEAR_OR_BELOW_LOWER_BB|CLOSE_NOT_ABOVE_MA200|RSI_RECOVERY_NOT_CONFIRMED
2026-10-02T19:12:13.538450+00:00,SIE_OLD_MR_REGIME_EXHAUSTION_CONFIRM_V1,DOGE,DOGEUSDT,strategy-lab-v1.0.0:SIE_OLD_MR_REGIME_EXHAUSTION_CONFIRM_V1,1790953200000,2026-10-02T15:00:00+00:00,0.09544,0.09554,0.09474,0.09513,57.89473684210528,0.095506,0.09317015411467262,0.09548129999999999,0.0011471428571428546,0.01205868660930153,58.38359469240041,1.249999999999997,False,PLANNED_REWARD_TOO_LOW|RSI_NOT_BELOW_32|CLOSE_NOT_NEAR_OR_BELOW_LOWER_BB|CLOSE_NOT_ABOVE_MA200|RSI_RECOVERY_NOT_CONFIRMED
2026-10-02T19:12:13.538450+00:00,SIE_OLD_MR_REGIME_EXHAUSTION_CONFIRM_V1,DOGE,DOGEUSDT,strategy-lab-v1.0.0:SIE_OLD_MR_REGIME_EXHAUSTION_CONFIRM_V1,1790956800000,2026-10-02T16:00:00+00:00,0.09515,0.09552,0.0947,0.095,54.65838509316771,0.095529,0.09322278318452042,0.0954899,0.0011549999999999974,0.012157894736842078,57.89473684210528,1.250000000000003,False,RSI_NOT_BELOW_32|CLOSE_NOT_NEAR_OR_BELOW_LOWER_BB|CLOSE_NOT_ABOVE_MA200|RSI_RECOVERY_NOT_CONFIRMED
2026-10-02T19:12:13.538450+00:00,SIE_OLD_MR_REGIME_EXHAUSTION_CONFIRM_V1,DOGE,DOGEUSDT,strategy-lab-v1.0.0:SIE_OLD_MR_REGIME_EXHAUSTION_CONFIRM_V1,1790960400000,2026-10-02T17:00:00+00:00,0.09501,0.09519,0.09416,0.0945,48.383084577114445,0.095556,0.09331208912832956,0.09550215000000001,0.001175714285714283,0.012441421012849556,54.65838509316771,1.25,False,RSI_NOT_BELOW_32|CLOSE_NOT_NEAR_OR_BELOW_LOWER_BB|CLOSE_NOT_ABOVE_MA200|RSI_RECOVERY_NOT_CONFIRMED
2026-10-02T19:12:13.538450+00:00,SIE_OLD_MR_REGIME_EXHAUSTION_CONFIRM_V1,DOGE,DOGEUSDT,strategy-lab-v1.0.0:SIE_OLD_MR_REGIME_EXHAUSTION_CONFIRM_V1,1790964000000,2026-10-02T18:00:00+00:00,0.09449,0.09463,0.09035,0.09108,20.231822971549022,0.0954025,0.0924780453499839,0.09549389999999999,0.0013135714285714268,0.014422172030867665,48.383084577114445,1.2499999999999973,False,TREND_SUPPORT_NOT_CONFIRMED|PLANNED_REWARD_TOO_LOW|CLOSE_NOT_ABOVE_MA200|RSI_RECOVERY_NOT_CONFIRMED
2026-10-02T19:12:13.538450+00:00,SIE_OLD_MR_REGIME_EXHAUSTION_CONFIRM_V1,DOGE,DOGEUSDT,strategy-lab-v1.0.0:SIE_OLD_MR_REGIME_EXHAUSTION_CONFIRM_V1,1790967600000,2026-10-02T19:00:00+00:00,0.09109,0.09142,0.09105,0.09123,23.52272727272738,0.095249,0.09182890701880772,0.0954867,0.001249999999999998,0.013701633234681551,20.231822971549022,1.2499999999999944,False,TREND_SUPPORT_NOT_CONFIRMED|PLANNED_REWARD_TOO_LOW|CLOSE_NOT_ABOVE_MA200
2026-10-02T19:12:13.538450+00:00,SIE_OLD_MR_REGIME_EXHAUSTION_CONFIRM_V1,BNB,BNBUSDT,strategy-lab-v1.0.0:SIE_OLD_MR_REGIME_EXHAUSTION_CONFIRM_V1,1790946000000,2026-10-02T13:00:00+00:00,781.43,784.08,779.74,780.8,70.09909521757825,774.757,766.9955308091825,770.3800500000001,3.707142857142888,0.0047478776346604615,72.61446298673502,1.2500000000000078,False,RSI_NOT_BELOW_32|CLOSE_NOT_NEAR_OR_BELOW_LOWER_BB|RSI_RECOVERY_NOT_CONFIRMED
2026-10-02T19:12:13.538450+00:00,SIE_OLD_MR_REGIME_EXHAUSTION_CONFIRM_V1,BNB,BNBUSDT,strategy-lab-v1.0.0:SIE_OLD_MR_REGIME_EXHAUSTION_CONFIRM_V1,1790949600000,2026-10-02T14:00:00+00:00,780.6,782.33,773.0,775.69,57.5318246110327,775.03,767.5455066971765,770.39745,4.221428571428605,0.005442159330955156,70.09909521757825,1.2499999999999933,False,PLANNED_REWARD_TOO_LOW|RSI_NOT_BELOW_32|CLOSE_NOT_NEAR_OR_BELOW_LOWER_BB|RSI_RECOVERY_NOT_CONFIRMED
2026-10-02T19:12:13.538450+00:00,SIE_OLD_MR_REGIME_EXHAUSTION_CONFIRM_V1,BNB,BNBUSDT,strategy-lab-v1.0.0:SIE_OLD_MR_REGIME_EXHAUSTION_CONFIRM_V1,1790953200000,2026-10-02T15:00:00+00:00,775.43,776.0,772.21,773.5,53.414313854235104,775.25,768.2315072843231,770.3849,4.164285714285744,0.005383691938313825,57.5318246110327,1.2499999999999931,False,PLANNED_REWARD_TOO_LOW|RSI_NOT_BELOW_32|CLOSE_NOT_NEAR_OR_BELOW_LOWER_BB|RSI_RECOVERY_NOT_CONFIRMED
2026-10-02T19:12:13.538450+00:00,SIE_OLD_MR_REGIME_EXHAUSTION_CONFIRM_V1,BNB,BNBUSDT,strategy-lab-v1.0.0:SIE_OLD_MR_REGIME_EXHAUSTION_CONFIRM_V1,1790956800000,2026-10-02T16:00:00+00:00,773.77,775.68,772.83,774.02,50.21052631578947,775.463,768.8787518272767,770.4068,4.148571428571448,0.005359772910999003,53.414313854235104,1.2499999999999931,False,PLANNED_REWARD_TOO_LOW|RSI_NOT_BELOW_32|CLOSE_NOT_NEAR_OR_BELOW_LOWER_BB|RSI_RECOVERY_NOT_CONFIRMED
2026-10-02T19:12:13.538450+00:00,SIE_OLD_MR_REGIME_EXHAUSTION_CONFIRM_V1,BNB,BNBUSDT,strategy-lab-v1.0.0:SIE_OLD_MR_REGIME_EXHAUSTION_CONFIRM_V1,1790960400000,2026-10-02T17:00:00+00:00,773.71,774.99,771.14,773.85,46.5574990695943,775.6370000000001,769.4270206119497,770.4448,4.220000000000019,0.005453253214447269,50.21052631578947,1.2500000000000135,False,RSI_NOT_BELOW_32|CLOSE_NOT_NEAR_OR_BELOW_LOWER_BB|RSI_RECOVERY_NOT_CONFIRMED
2026-10-02T19:12:13.538450+00:00,SIE_OLD_MR_REGIME_EXHAUSTION_CONFIRM_V1,BNB,BNBUSDT,strategy-lab-v1.0.0:SIE_OLD_MR_REGIME_EXHAUSTION_CONFIRM_V1,1790964000000,2026-10-02T18:00:00+00:00,774.18,774.4,760.52,763.84,22.04094689699292,775.2905000000001,767.4687419495353,770.4217,4.607142857142874,0.006031554850679296,46.5574990695943,1.2500000000000124,False,CLOSE_NOT_ABOVE_MA200|RSI_RECOVERY_NOT_CONFIRMED
2026-10-02T19:12:13.538450+00:00,SIE_OLD_MR_REGIME_EXHAUSTION_CONFIRM_V1,BNB,BNBUSDT,strategy-lab-v1.0.0:SIE_OLD_MR_REGIME_EXHAUSTION_CONFIRM_V1,1790967600000,2026-10-02T19:00:00+00:00,764.18,765.93,764.06,765.33,29.39319537004559,774.9835,766.1672666206022,770.4004,4.362142857142861,0.005699688836374977,22.04094689699292,1.2499999999999936,False,PLANNED_REWARD_TOO_LOW|CLOSE_NOT_ABOVE_MA200
2026-10-02T19:12:13.538450+00:00,SIE_OLD_MR_REGIME_EXHAUSTION_CONFIRM_V1,PAXG,PAXGUSDT,strategy-lab-v1.0.0:SIE_OLD_MR_REGIME_EXHAUSTION_CONFIRM_V1,1790946000000,2026-10-02T13:00:00+00:00,4221.0,4224.77,4183.4,4187.46,48.83525119281517,4185.205,4162.658133698942,4218.36195,17.790714285714266,0.004248569367997369,65.0148575423877,1.2500000000000129,False,TREND_SUPPORT_NOT_CONFIRMED|RSI_NOT_BELOW_32|CLOSE_NOT_NEAR_OR_BELOW_LOWER_BB|CLOSE_NOT_ABOVE_MA200|RSI_RECOVERY_NOT_CONFIRMED
2026-10-02T19:12:13.538450+00:00,SIE_OLD_MR_REGIME_EXHAUSTION_CONFIRM_V1,PAXG,PAXGUSDT,strategy-lab-v1.0.0:SIE_OLD_MR_REGIME_EXHAUSTION_CONFIRM_V1,1790949600000,2026-10-02T14:00:00+00:00,4188.95,4194.82,4162.05,4162.99,49.46343543458169,4184.3275,4159.840157249147,4217.8078000000005,18.227142857142812,0.004378377766255219,48.83525119281517,1.2500000000000124,False,TREND_SUPPORT_NOT_CONFIRMED|RSI_NOT_BELOW_32|CLOSE_NOT_NEAR_OR_BELOW_LOWER_BB|CLOSE_NOT_ABOVE_MA200|RSI_RECOVERY_NOT_CONFIRMED
2026-10-02T19:12:13.538450+00:00,SIE_OLD_MR_REGIME_EXHAUSTION_CONFIRM_V1,PAXG,PAXGUSDT,strategy-lab-v1.0.0:SIE_OLD_MR_REGIME_EXHAUSTION_CONFIRM_V1,1790953200000,2026-10-02T15:00:00+00:00,4164.53,4165.19,4135.89,4136.57,42.733468410388745,4182.038,4149.881441353312,4217.1206999999995,19.177142857142762,0.0046360010484877,49.46343543458169,1.2500000000000238,False,TREND_SUPPORT_NOT_CONFIRMED|RSI_NOT_BELOW_32|CLOSE_NOT_ABOVE_MA200|RSI_RECOVERY_NOT_CONFIRMED
2026-10-02T19:12:13.538450+00:00,SIE_OLD_MR_REGIME_EXHAUSTION_CONFIRM_V1,PAXG,PAXGUSDT,strategy-lab-v1.0.0:SIE_OLD_MR_REGIME_EXHAUSTION_CONFIRM_V1,1790956800000,2026-10-02T16:00:00+00:00,4136.7,4151.45,4136.7,4148.77,41.4611184334405,4180.302,4145.046932506122,4216.5774,19.115714285714212,0.004607561828135619,42.733468410388745,1.250000000000012,False,TREND_SUPPORT_NOT_CONFIRMED|RSI_NOT_BELOW_32|CLOSE_NOT_NEAR_OR_BELOW_LOWER_BB|CLOSE_NOT_ABOVE_MA200|RSI_RECOVERY_NOT_CONFIRMED
2026-10-02T19:12:13.538450+00:00,SIE_OLD_MR_REGIME_EXHAUSTION_CONFIRM_V1,PAXG,PAXGUSDT,strategy-lab-v1.0.0:SIE_OLD_MR_REGIME_EXHAUSTION_CONFIRM_V1,1790960400000,2026-10-02T17:00:00+00:00,4148.28,4151.14,4141.0,4145.48,37.26203625495454,4178.298499999999,4140.037948893175,4216.03985,19.18928571428569,0.004628965937427195,41.4611184334405,1.2499999999999882,False,TREND_SUPPORT_NOT_CONFIRMED|PLANNED_REWARD_TOO_LOW|RSI_NOT_BELOW_32|CLOSE_NOT_NEAR_OR_BELOW_LOWER_BB|CLOSE_NOT_ABOVE_MA200|RSI_RECOVERY_NOT_CONFIRMED
2026-10-02T19:12:13.538450+00:00,SIE_OLD_MR_REGIME_EXHAUSTION_CONFIRM_V1,PAXG,PAXGUSDT,strategy-lab-v1.0.0:SIE_OLD_MR_REGIME_EXHAUSTION_CONFIRM_V1,1790964000000,2026-10-02T18:00:00+00:00,4145.84,4159.34,4144.86,4159.34,39.62736026009772,4176.966,4138.019618191187,4215.55875,19.32642857142855,0.004646513286105139,37.26203625495454,1.25,False,TREND_SUPPORT_NOT_CONFIRMED|RSI_NOT_BELOW_32|CLOSE_NOT_NEAR_OR_BELOW_LOWER_BB|CLOSE_NOT_ABOVE_MA200
2026-10-02T19:12:13.538450+00:00,SIE_OLD_MR_REGIME_EXHAUSTION_CONFIRM_V1,PAXG,PAXGUSDT,strategy-lab-v1.0.0:SIE_OLD_MR_REGIME_EXHAUSTION_CONFIRM_V1,1790967600000,2026-10-02T19:00:00+00:00,4151.48,4154.7,4151.0,4154.7,38.94795059300702,4175.162,4135.60454022314,4215.0276,19.258571428571422,0.004635369925282553,39.62736026009772,1.2499999999999882,False,TREND_SUPPORT_NOT_CONFIRMED|PLANNED_REWARD_TOO_LOW|RSI_NOT_BELOW_32|CLOSE_NOT_NEAR_OR_BELOW_LOWER_BB|CLOSE_NOT_ABOVE_MA200|RSI_RECOVERY_NOT_CONFIRMED
2026-10-02T23:43:36.313244+00:00,SIE_OLD_MR_REGIME_EXHAUSTION_CONFIRM_V1,BTC,BTCUSDT,strategy-lab-v1.0.0:SIE_OLD_MR_REGIME_EXHAUSTION_CONFIRM_V1,1790971200000,2026-10-02T20:00:00+00:00,84288.66,84531.93,84200.0,84430.55,29.494165713002417,85635.128,84042.4497145876,84124.53575000001,626.5135714285716,0.007420460620339102,26.672859113540383,1.2499999999999885,False,PLANNED_REWARD_TOO_LOW|CLOSE_NOT_NEAR_OR_BELOW_LOWER_BB
2026-10-02T23:43:36.313244+00:00,SIE_OLD_MR_REGIME_EXHAUSTION_CONFIRM_V1,BTC,BTCUSDT,strategy-lab-v1.0.0:SIE_OLD_MR_REGIME_EXHAUSTION_CONFIRM_V1,1790974800000,2026-10-02T21:00:00+00:00,84430.55,84539.0,84400.0,84514.02,28.719024461450886,85616.97050000001,83982.41187297582,84125.92435,606.9721428571429,0.007181910680111334,29.494165713002417,1.25,False,CLOSE_NOT_NEAR_OR_BELOW_LOWER_BB|RSI_RECOVERY_NOT_CONFIRMED
2026-10-02T23:43:36.313244+00:00,SIE_OLD_MR_REGIME_EXHAUSTION_CONFIRM_V1,BTC,BTCUSDT,strategy-lab-v1.0.0:SIE_OLD_MR_REGIME_EXHAUSTION_CONFIRM_V1,1790978400000,2026-10-02T22:00:00+00:00,84514.02,84557.0,84440.01,84549.58,26.50214203489149,85586.1915,83896.5079591761,84130.4475,574.5428571428575,0.006795336619565201,28.719024461450886,1.25,False,CLOSE_NOT_NEAR_OR_BELOW_LOWER_BB|RSI_RECOVERY_NOT_CONFIRMED
2026-10-02T23:43:36.313244+00:00,SIE_OLD_MR_REGIME_EXHAUSTION_CONFIRM_V1,BTC,BTCUSDT,strategy-lab-v1.0.0:SIE_OLD_MR_REGIME_EXHAUSTION_CONFIRM_V1,1790982000000,2026-10-02T23:00:00+00:00,84549.58,84552.0,84460.59,84513.34,23.78447422968459,85537.682,83784.4815056856,84131.0074,557.6364285714288,0.006598206017788776,26.50214203489149,1.25,False,CLOSE_NOT_NEAR_OR_BELOW_LOWER_BB|RSI_RECOVERY_NOT_CONFIRMED
2026-10-02T23:43:36.313244+00:00,SIE_OLD_MR_REGIME_EXHAUSTION_CONFIRM_V1,SOL,SOLUSDT,strategy-lab-v1.0.0:SIE_OLD_MR_REGIME_EXHAUSTION_CONFIRM_V1,1790971200000,2026-10-02T20:00:00+00:00,117.99,118.28,117.69,117.77,19.409937888198627,120.77850000000001,117.65853028860847,119.60125,1.2264285714285705,0.01041376047744392,19.500780031201117,1.2500000000000029,False,CLOSE_NOT_ABOVE_MA200|RSI_RECOVERY_NOT_CONFIRMED
2026-10-02T23:43:36.313244+00:00,SIE_OLD_MR_REGIME_EXHAUSTION_CONFIRM_V1,SOL,SOLUSDT,strategy-lab-v1.0.0:SIE_OLD_MR_REGIME_EXHAUSTION_CONFIRM_V1,1790974800000,2026-10-02T21:00:00+00:00,117.76,118.23,117.69,118.2,24.56140350877186,120.7145,117.44183457255396,119.6175,1.203571428571428,0.010182499395697361,19.409937888198627,1.25,False,CLOSE_NOT_NEAR_OR_BELOW_LOWER_BB|CLOSE_NOT_ABOVE_MA200
2026-10-02T23:43:36.313244+00:00,SIE_OLD_MR_REGIME_EXHAUSTION_CONFIRM_V1,SOL,SOLUSDT,strategy-lab-v1.0.0:SIE_OLD_MR_REGIME_EXHAUSTION_CONFIRM_V1,1790978400000,2026-10-02T22:00:00+00:00,118.2,118.59,118.0,118.51,24.11764705882355,120.63900000000001,117.23855355872195,119.63715,1.1557142857142861,0.009752040213604641,24.56140350877186,1.25,False,CLOSE_NOT_NEAR_OR_BELOW_LOWER_BB|CLOSE_NOT_ABOVE_MA200|RSI_RECOVERY_NOT_CONFIRMED
2026-10-02T23:43:36.313244+00:00,SIE_OLD_MR_REGIME_EXHAUSTION_CONFIRM_V1,SOL,SOLUSDT,strategy-lab-v1.0.0:SIE_OLD_MR_REGIME_EXHAUSTION_CONFIRM_V1,1790982000000,2026-10-02T23:00:00+00:00,118.51,118.72,118.29,118.67,26.90582959641253,120.513,117.01811745547855,119.649,1.1428571428571428,0.00963054809856866,24.11764705882355,1.2500000000000062,False,CLOSE_NOT_NEAR_OR_BELOW_LOWER_BB|CLOSE_NOT_ABOVE_MA200
2026-10-02T23:43:36.313244+00:00,SIE_OLD_MR_REGIME_EXHAUSTION_CONFIRM_V1,XRP,XRPUSDT,strategy-lab-v1.0.0:SIE_OLD_MR_REGIME_EXHAUSTION_CONFIRM_V1,1790971200000,2026-10-02T20:00:00+00:00,1.4699,1.4767,1.4699,1.4721,28.964941569282118,1.512645,1.4660482844505098,1.5165775,0.020014285714285745,0.013595737867186838,30.925324675324703,1.25,False,TREND_SUPPORT_NOT_CONFIRMED|CLOSE_NOT_NEAR_OR_BELOW_LOWER_BB|CLOSE_NOT_ABOVE_MA200|RSI_RECOVERY_NOT_CONFIRMED
2026-10-02T23:43:36.313244+00:00,SIE_OLD_MR_REGIME_EXHAUSTION_CONFIRM_V1,XRP,XRPUSDT,strategy-lab-v1.0.0:SIE_OLD_MR_REGIME_EXHAUSTION_CONFIRM_V1,1790974800000,2026-10-02T21:00:00+00:00,1.4719,1.4769,1.471,1.4765,26.06429192006938,1.51165,1.4629077595919093,1.5164489999999997,0.019350000000000027,0.013105316627158841,28.964941569282118,1.2500000000000029,False,TREND_SUPPORT_NOT_CONFIRMED|CLOSE_NOT_NEAR_OR_BELOW_LOWER_BB|CLOSE_NOT_ABOVE_MA200|RSI_RECOVERY_NOT_CONFIRMED
2026-10-02T23:43:36.313244+00:00,SIE_OLD_MR_REGIME_EXHAUSTION_CONFIRM_V1,XRP,XRPUSDT,strategy-lab-v1.0.0:SIE_OLD_MR_REGIME_EXHAUSTION_CONFIRM_V1,1790978400000,2026-10-02T22:00:00+00:00,1.4766,1.4805,1.4729,1.4803,25.350877192982423,1.51056,1.4600686383625863,1.5163559999999998,0.019085714285714293,0.012893139421545831,26.06429192006938,1.2500000000000029,False,TREND_SUPPORT_NOT_CONFIRMED|CLOSE_NOT_NEAR_OR_BELOW_LOWER_BB|CLOSE_NOT_ABOVE_MA200|RSI_RECOVERY_NOT_CONFIRMED
2026-10-02T23:43:36.313244+00:00,SIE_OLD_MR_REGIME_EXHAUSTION_CONFIRM_V1,XRP,XRPUSDT,strategy-lab-v1.0.0:SIE_OLD_MR_REGIME_EXHAUSTION_CONFIRM_V1,1790982000000,2026-10-02T23:00:00+00:00,1.4803,1.4858,1.4791,1.4855,27.140410958904155,1.509405,1.4577438550262378,1.5162109999999998,0.01890714285714285,0.012727797278453619,25.350877192982423,1.2499999999999971,False,TREND_SUPPORT_NOT_CONFIRMED|PLANNED_REWARD_TOO_LOW|CLOSE_NOT_NEAR_OR_BELOW_LOWER_BB|CLOSE_NOT_ABOVE_MA200
2026-10-02T23:43:36.313244+00:00,SIE_OLD_MR_REGIME_EXHAUSTION_CONFIRM_V1,DOGE,DOGEUSDT,strategy-lab-v1.0.0:SIE_OLD_MR_REGIME_EXHAUSTION_CONFIRM_V1,1790971200000,2026-10-02T20:00:00+00:00,0.09149,0.09182,0.09119,0.09133,25.355191256830693,0.095127,0.09138297489324634,0.09548065,0.0013042857142857131,0.014281021726548923,25.635359116022187,1.2499999999999973,False,TREND_SUPPORT_NOT_CONFIRMED|PLANNED_REWARD_TOO_LOW|CLOSE_NOT_ABOVE_MA200|RSI_RECOVERY_NOT_CONFIRMED
2026-10-02T23:43:36.313244+00:00,SIE_OLD_MR_REGIME_EXHAUSTION_CONFIRM_V1,DOGE,DOGEUSDT,strategy-lab-v1.0.0:SIE_OLD_MR_REGIME_EXHAUSTION_CONFIRM_V1,1790974800000,2026-10-02T21:00:00+00:00,0.09128,0.09215,0.09128,0.09215,27.02991452991462,0.09504399999999999,0.09111770709192477,0.09547035,0.001284285714285713,0.01393690411595999,25.355191256830693,1.2500000000000053,False,TREND_SUPPORT_NOT_CONFIRMED|CLOSE_NOT_NEAR_OR_BELOW_LOWER_BB|CLOSE_NOT_ABOVE_MA200
2026-10-02T23:43:36.313244+00:00,SIE_OLD_MR_REGIME_EXHAUSTION_CONFIRM_V1,DOGE,DOGEUSDT,strategy-lab-v1.0.0:SIE_OLD_MR_REGIME_EXHAUSTION_CONFIRM_V1,1790978400000,2026-10-02T22:00:00+00:00,0.09215,0.09251,0.09181,0.0924,23.857302118171788,0.0949515,0.09087061639470055,0.09546115000000001,0.0012199999999999989,0.013203463203463191,27.02991452991462,1.25,False,TREND_SUPPORT_NOT_CONFIRMED|CLOSE_NOT_NEAR_OR_BELOW_LOWER_BB|CLOSE_NOT_ABOVE_MA200|RSI_RECOVERY_NOT_CONFIRMED
2026-10-02T23:43:36.313244+00:00,SIE_OLD_MR_REGIME_EXHAUSTION_CONFIRM_V1,DOGE,DOGEUSDT,strategy-lab-v1.0.0:SIE_OLD_MR_REGIME_EXHAUSTION_CONFIRM_V1,1790982000000,2026-10-02T23:00:00+00:00,0.09241,0.09286,0.09232,0.09286,28.017241379310434,0.0948565,0.09067498699631321,0.09544725,0.0011992857142857133,0.012914987231162108,23.857302118171788,1.2500000000000058,False,TREND_SUPPORT_NOT_CONFIRMED|CLOSE_NOT_NEAR_OR_BELOW_LOWER_BB|CLOSE_NOT_ABOVE_MA200
2026-10-02T23:43:36.313244+00:00,SIE_OLD_MR_REGIME_EXHAUSTION_CONFIRM_V1,BNB,BNBUSDT,strategy-lab-v1.0.0:SIE_OLD_MR_REGIME_EXHAUSTION_CONFIRM_V1,1790971200000,2026-10-02T20:00:00+00:00,766.25,766.91,763.8,764.13,29.616724738675828,774.667,764.930361771124,770.3701,4.557857142857155,0.00596476665339295,31.71641791044756,1.2500000000000062,False,CLOSE_NOT_ABOVE_MA200|RSI_RECOVERY_NOT_CONFIRMED
2026-10-02T23:43:36.313244+00:00,SIE_OLD_MR_REGIME_EXHAUSTION_CONFIRM_V1,BNB,BNBUSDT,strategy-lab-v1.0.0:SIE_OLD_MR_REGIME_EXHAUSTION_CONFIRM_V1,1790974800000,2026-10-02T21:00:00+00:00,763.98,766.66,763.98,766.36,35.144157814870994,774.414,764.1067823346933,770.3170000000001,4.5385714285714345,0.00592224467426723,29.616724738675828,1.2500000000000124,False,RSI_NOT_BELOW_32|CLOSE_NOT_NEAR_OR_BELOW_LOWER_BB|CLOSE_NOT_ABOVE_MA200
2026-10-02T23:43:36.313244+00:00,SIE_OLD_MR_REGIME_EXHAUSTION_CONFIRM_V1,BNB,BNBUSDT,strategy-lab-v1.0.0:SIE_OLD_MR_REGIME_EXHAUSTION_CONFIRM_V1,1790978400000,2026-10-02T22:00:00+00:00,766.36,767.1,764.92,766.64,33.46824408468231,774.051,763.1999246615827,770.2702499999999,4.4135714285714345,0.005757032542746837,35.144157814870994,1.2499999999999871,False,PLANNED_REWARD_TOO_LOW|RSI_NOT_BELOW_32|CLOSE_NOT_NEAR_OR_BELOW_LOWER_BB|CLOSE_NOT_ABOVE_MA200|RSI_RECOVERY_NOT_CONFIRMED
2026-10-02T23:43:36.313244+00:00,SIE_OLD_MR_REGIME_EXHAUSTION_CONFIRM_V1,BNB,BNBUSDT,strategy-lab-v1.0.0:SIE_OLD_MR_REGIME_EXHAUSTION_CONFIRM_V1,1790982000000,2026-10-02T23:00:00+00:00,766.64,768.1,766.13,767.87,36.91833590138666,773.6595,762.5136550791333,770.20735,4.375714285714293,0.0056985092342639945,33.46824408468231,1.2500000000000064,False,RSI_NOT_BELOW_32|CLOSE_NOT_NEAR_OR_BELOW_LOWER_BB|CLOSE_NOT_ABOVE_MA200
2026-10-02T23:43:36.313244+00:00,SIE_OLD_MR_REGIME_EXHAUSTION_CONFIRM_V1,PAXG,PAXGUSDT,strategy-lab-v1.0.0:SIE_OLD_MR_REGIME_EXHAUSTION_CONFIRM_V1,1790971200000,2026-10-02T20:00:00+00:00,4152.78,4152.78,4145.0,4148.77,38.34240774349695,4174.3,4133.175707908854,4214.3645,19.023571428571422,0.004585352147400656,38.58986848514385,1.250000000000024,False,TREND_SUPPORT_NOT_CONFIRMED|RSI_NOT_BELOW_32|CLOSE_NOT_NEAR_OR_BELOW_LOWER_BB|CLOSE_NOT_ABOVE_MA200|RSI_RECOVERY_NOT_CONFIRMED
2026-10-02T23:43:36.313244+00:00,SIE_OLD_MR_REGIME_EXHAUSTION_CONFIRM_V1,PAXG,PAXGUSDT,strategy-lab-v1.0.0:SIE_OLD_MR_REGIME_EXHAUSTION_CONFIRM_V1,1790974800000,2026-10-02T21:00:00+00:00,4148.77,4153.1,4144.95,4148.51,38.25235678027582,4173.7135,4131.484131416064,4213.79825,18.869285714285784,0.0045484488923217695,38.34240774349695,1.249999999999988,False,TREND_SUPPORT_NOT_CONFIRMED|PLANNED_REWARD_TOO_LOW|RSI_NOT_BELOW_32|CLOSE_NOT_NEAR_OR_BELOW_LOWER_BB|CLOSE_NOT_ABOVE_MA200|RSI_RECOVERY_NOT_CONFIRMED
2026-10-02T23:43:36.313244+00:00,SIE_OLD_MR_REGIME_EXHAUSTION_CONFIRM_V1,PAXG,PAXGUSDT,strategy-lab-v1.0.0:SIE_OLD_MR_REGIME_EXHAUSTION_CONFIRM_V1,1790978400000,2026-10-02T22:00:00+00:00,4149.12,4153.8,4149.11,4151.76,39.843141950548194,4172.5025000000005,4129.2264406253535,4213.3123,18.29857142857145,0.004407425147063281,38.25235678027582,1.25,False,TREND_SUPPORT_NOT_CONFIRMED|RSI_NOT_BELOW_32|CLOSE_NOT_NEAR_OR_BELOW_LOWER_BB|CLOSE_NOT_ABOVE_MA200
2026-10-02T23:43:36.313244+00:00,SIE_OLD_MR_REGIME_EXHAUSTION_CONFIRM_V1,PAXG,PAXGUSDT,strategy-lab-v1.0.0:SIE_OLD_MR_REGIME_EXHAUSTION_CONFIRM_V1,1790982000000,2026-10-02T23:00:00+00:00,4151.82,4151.9,4150.53,4151.0,39.26450296958447,4170.818,4126.951935394226,4212.80325,17.896428571428583,0.004311353546477615,39.843141950548194,1.25,False,TREND_SUPPORT_NOT_CONFIRMED|RSI_NOT_BELOW_32|CLOSE_NOT_NEAR_OR_BELOW_LOWER_BB|CLOSE_NOT_ABOVE_MA200|RSI_RECOVERY_NOT_CONFIRMED
2026-10-03T05:09:19.567728+00:00,SIE_OLD_MR_REGIME_EXHAUSTION_CONFIRM_V1,BTC,BTCUSDT,strategy-lab-v1.0.0:SIE_OLD_MR_REGIME_EXHAUSTION_CONFIRM_V1,1790985600000,2026-10-03T00:00:00+00:00,84504.88,84674.8,84425.07,84669.71,27.67894496238938,85439.1345,83721.74480340265,84131.9747,552.5635714285714,0.006526106814686993,23.727241956999663,1.2500000000000067,False,CLOSE_NOT_NEAR_OR_BELOW_LOWER_BB
2026-10-03T05:09:19.567728+00:00,SIE_OLD_MR_REGIME_EXHAUSTION_CONFIRM_V1,BTC,BTCUSDT,strategy-lab-v1.0.0:SIE_OLD_MR_REGIME_EXHAUSTION_CONFIRM_V1,1790989200000,2026-10-03T01:00:00+00:00,84653.08,84716.59,84575.0,84628.15,24.65607864306598,85371.54449999999,83638.28265353282,84134.65745,540.9185714285704,0.006391709749398639,27.67894496238938,1.25,False,CLOSE_NOT_NEAR_OR_BELOW_LOWER_BB|RSI_RECOVERY_NOT_CONFIRMED
2026-10-03T05:09:19.567728+00:00,SIE_OLD_MR_REGIME_EXHAUSTION_CONFIRM_V1,BTC,BTCUSDT,strategy-lab-v1.0.0:SIE_OLD_MR_REGIME_EXHAUSTION_CONFIRM_V1,1790992800000,2026-10-03T02:00:00+00:00,84628.15,84706.47,84585.02,84585.03,15.026579811954974,85302.5775,83559.41846046435,84135.31620000002,481.0342857142844,0.005686990779742993,24.65607864306598,1.2499999999999925,False,PLANNED_REWARD_TOO_LOW|CLOSE_NOT_NEAR_OR_BELOW_LOWER_BB|RSI_RECOVERY_NOT_CONFIRMED
2026-10-03T05:09:19.567728+00:00,SIE_OLD_MR_REGIME_EXHAUSTION_CONFIRM_V1,BTC,BTCUSDT,strategy-lab-v1.0.0:SIE_OLD_MR_REGIME_EXHAUSTION_CONFIRM_V1,1790996400000,2026-10-03T03:00:00+00:00,84585.03,84682.0,84502.77,84680.99,18.905443066397382,85232.2015,83508.0992592002,84136.74380000001,441.8014285714266,0.005217244491017719,15.026579811954974,1.2500000000000164,False,CLOSE_NOT_NEAR_OR_BELOW_LOWER_BB
2026-10-03T05:09:19.567728+00:00,SIE_OLD_MR_REGIME_EXHAUSTION_CONFIRM_V1,BTC,BTCUSDT,strategy-lab-v1.0.0:SIE_OLD_MR_REGIME_EXHAUSTION_CONFIRM_V1,1791000000000,2026-10-03T04:00:00+00:00,84681.0,84733.86,84488.82,84573.84,25.472827175049588,85149.111,83466.78564309786,84137.8426,354.7499999999969,0.004194559452426388,18.905443066397382,1.25,False,CLOSE_NOT_NEAR_OR_BELOW_LOWER_BB|RSI_RECOVERY_NOT_CONFIRMED
2026-10-03T05:09:19.567728+00:00,SIE_OLD_MR_REGIME_EXHAUSTION_CONFIRM_V1,BTC,BTCUSDT,strategy-lab-v1.0.0:SIE_OLD_MR_REGIME_EXHAUSTION_CONFIRM_V1,1791003600000,2026-10-03T05:00:00+00:00,84573.84,84573.85,84538.01,84548.28,29.842173296639388,85058.9115,83452.56282379954,84138.9835,312.28928571428384,0.003693620801207119,25.472827175049588,1.2499999999999885,False,PLANNED_REWARD_TOO_LOW|CLOSE_NOT_NEAR_OR_BELOW_LOWER_BB|RSI_RECOVERY_NOT_CONFIRMED
2026-10-03T05:09:19.567728+00:00,SIE_OLD_MR_REGIME_EXHAUSTION_CONFIRM_V1,SOL,SOLUSDT,strategy-lab-v1.0.0:SIE_OLD_MR_REGIME_EXHAUSTION_CONFIRM_V1,1790985600000,2026-10-03T00:00:00+00:00,118.64,119.31,118.51,119.0,28.82096069869,120.2875,117.00587921142579,119.65844999999999,1.1414285714285717,0.00959183673469388,26.355421686746993,1.2500000000000062,False,CLOSE_NOT_NEAR_OR_BELOW_LOWER_BB|CLOSE_NOT_ABOVE_MA200
2026-10-03T05:09:19.567728+00:00,SIE_OLD_MR_REGIME_EXHAUSTION_CONFIRM_V1,SOL,SOLUSDT,strategy-lab-v1.0.0:SIE_OLD_MR_REGIME_EXHAUSTION_CONFIRM_V1,1790989200000,2026-10-03T01:00:00+00:00,119.0,119.71,118.81,119.11,30.42212518195055,120.15000000000002,116.91331033307142,119.67029999999998,1.1599999999999997,0.00973889681806733,28.82096069869,1.2500000000000062,False,CLOSE_NOT_NEAR_OR_BELOW_LOWER_BB|CLOSE_NOT_ABOVE_MA200
2026-10-03T05:09:19.567728+00:00,SIE_OLD_MR_REGIME_EXHAUSTION_CONFIRM_V1,SOL,SOLUSDT,strategy-lab-v1.0.0:SIE_OLD_MR_REGIME_EXHAUSTION_CONFIRM_V1,1790992800000,2026-10-03T02:00:00+00:00,119.11,119.29,118.86,118.89,21.259842519684966,120.00900000000001,116.81096372753494,119.6779,1.0721428571428575,0.009017939752231958,30.42212518195055,1.2500000000000033,False,CLOSE_NOT_NEAR_OR_BELOW_LOWER_BB|CLOSE_NOT_ABOVE_MA200|RSI_RECOVERY_NOT_CONFIRMED
2026-10-03T05:09:19.567728+00:00,SIE_OLD_MR_REGIME_EXHAUSTION_CONFIRM_V1,SOL,SOLUSDT,strategy-lab-v1.0.0:SIE_OLD_MR_REGIME_EXHAUSTION_CONFIRM_V1,1790996400000,2026-10-03T03:00:00+00:00,118.88,119.4,118.8,119.39,29.042386185243288,119.8945,116.78111293765097,119.68845000000002,1.009285714285715,0.008453687195625387,21.259842519684966,1.249999999999993,False,PLANNED_REWARD_TOO_LOW|CLOSE_NOT_NEAR_OR_BELOW_LOWER_BB|CLOSE_NOT_ABOVE_MA200
2026-10-03T05:09:19.567728+00:00,SIE_OLD_MR_REGIME_EXHAUSTION_CONFIRM_V1,SOL,SOLUSDT,strategy-lab-v1.0.0:SIE_OLD_MR_REGIME_EXHAUSTION_CONFIRM_V1,1791000000000,2026-10-03T04:00:00+00:00,119.38,119.54,118.92,119.15,35.783365570599585,119.75050000000002,116.78250084231782,119.7001,0.8857142857142861,0.007433607097895813,29.042386185243288,1.250000000000004,False,RSI_NOT_BELOW_32|CLOSE_NOT_NEAR_OR_BELOW_LOWER_BB|CLOSE_NOT_ABOVE_MA200|RSI_RECOVERY_NOT_CONFIRMED
2026-10-03T05:09:19.567728+00:00,SIE_OLD_MR_REGIME_EXHAUSTION_CONFIRM_V1,SOL,SOLUSDT,strategy-lab-v1.0.0:SIE_OLD_MR_REGIME_EXHAUSTION_CONFIRM_V1,1791003600000,2026-10-03T05:00:00+00:00,119.17,119.17,119.06,119.09,40.57017543859647,119.617,116.785504988526,119.71135,0.817142857142858,0.006861557285606331,35.783365570599585,1.2500000000000044,False,TREND_SUPPORT_NOT_CONFIRMED|RSI_NOT_BELOW_32|CLOSE_NOT_NEAR_OR_BELOW_LOWER_BB|CLOSE_NOT_ABOVE_MA200|RSI_RECOVERY_NOT_CONFIRMED
2026-10-03T05:09:19.567728+00:00,SIE_OLD_MR_REGIME_EXHAUSTION_CONFIRM_V1,XRP,XRPUSDT,strategy-lab-v1.0.0:SIE_OLD_MR_REGIME_EXHAUSTION_CONFIRM_V1,1790985600000,2026-10-03T00:00:00+00:00,1.4844,1.4914,1.4823,1.4893,29.460580912863122,1.507325,1.4557500109064478,1.5159890000000003,0.018514285714285705,0.012431535428916743,26.44770959377699,1.25,False,TREND_SUPPORT_NOT_CONFIRMED|CLOSE_NOT_NEAR_OR_BELOW_LOWER_BB|CLOSE_NOT_ABOVE_MA200
2026-10-03T05:09:19.567728+00:00,SIE_OLD_MR_REGIME_EXHAUSTION_CONFIRM_V1,XRP,XRPUSDT,strategy-lab-v1.0.0:SIE_OLD_MR_REGIME_EXHAUSTION_CONFIRM_V1,1790989200000,2026-10-03T01:00:00+00:00,1.4891,1.493,1.4864,1.4894,31.448763250883403,1.50597,1.4540078945769128,1.5157984999999998,0.017957142857142862,0.012056628747913833,29.460580912863122,1.250000000000003,False,TREND_SUPPORT_NOT_CONFIRMED|CLOSE_NOT_NEAR_OR_BELOW_LOWER_BB|CLOSE_NOT_ABOVE_MA200
2026-10-03T05:09:19.567728+00:00,SIE_OLD_MR_REGIME_EXHAUSTION_CONFIRM_V1,XRP,XRPUSDT,strategy-lab-v1.0.0:SIE_OLD_MR_REGIME_EXHAUSTION_CONFIRM_V1,1790992800000,2026-10-03T02:00:00+00:00,1.4896,1.491,1.485,1.4853,23.5018726591761,1.50411,1.451984923501255,1.5155414999999999,0.016371428571428575,0.011022304296390341,31.448763250883403,1.25,False,TREND_SUPPORT_NOT_CONFIRMED|CLOSE_NOT_NEAR_OR_BELOW_LOWER_BB|CLOSE_NOT_ABOVE_MA200|RSI_RECOVERY_NOT_CONFIRMED
2026-10-03T05:09:19.567728+00:00,SIE_OLD_MR_REGIME_EXHAUSTION_CONFIRM_V1,XRP,XRPUSDT,strategy-lab-v1.0.0:SIE_OLD_MR_REGIME_EXHAUSTION_CONFIRM_V1,1790996400000,2026-10-03T03:00:00+00:00,1.4853,1.4902,1.4847,1.4893,28.95522388059706,1.501995,1.451084707327496,1.515348,0.015257142857142858,0.010244506047903617,23.5018726591761,1.2500000000000036,False,TREND_SUPPORT_NOT_CONFIRMED|CLOSE_NOT_NEAR_OR_BELOW_LOWER_BB|CLOSE_NOT_ABOVE_MA200
2026-10-03T05:09:19.567728+00:00,SIE_OLD_MR_REGIME_EXHAUSTION_CONFIRM_V1,XRP,XRPUSDT,strategy-lab-v1.0.0:SIE_OLD_MR_REGIME_EXHAUSTION_CONFIRM_V1,1791000000000,2026-10-03T04:00:00+00:00,1.4893,1.4902,1.4819,1.4855,34.03508771929833,1.4994450000000001,1.4506377679539189,1.5151240000000001,0.013571428571428568,0.009135933067269316,28.95522388059706,1.250000000000004,False,TREND_SUPPORT_NOT_CONFIRMED|RSI_NOT_BELOW_32|CLOSE_NOT_NEAR_OR_BELOW_LOWER_BB|CLOSE_NOT_ABOVE_MA200|RSI_RECOVERY_NOT_CONFIRMED
2026-10-03T05:09:19.567728+00:00,SIE_OLD_MR_REGIME_EXHAUSTION_CONFIRM_V1,XRP,XRPUSDT,strategy-lab-v1.0.0:SIE_OLD_MR_REGIME_EXHAUSTION_CONFIRM_V1,1791003600000,2026-10-03T05:00:00+00:00,1.4855,1.4866,1.4845,1.4866,37.56218905472637,1.4968299999999999,1.4512618927318675,1.5148685,0.012749999999999992,0.008576617785550918,34.03508771929833,1.2499999999999913,False,TREND_SUPPORT_NOT_CONFIRMED|PLANNED_REWARD_TOO_LOW|RSI_NOT_BELOW_32|CLOSE_NOT_NEAR_OR_BELOW_LOWER_BB|CLOSE_NOT_ABOVE_MA200
2026-10-03T05:09:19.567728+00:00,SIE_OLD_MR_REGIME_EXHAUSTION_CONFIRM_V1,DOGE,DOGEUSDT,strategy-lab-v1.0.0:SIE_OLD_MR_REGIME_EXHAUSTION_CONFIRM_V1,1790985600000,2026-10-03T00:00:00+00:00,0.09286,0.09352,0.0928,0.0933,32.37486687965924,0.094687,0.09054924166969595,0.09543199999999999,0.0012178571428571436,0.0130531312203338,28.326180257510813,1.2500000000000029,False,TREND_SUPPORT_NOT_CONFIRMED|RSI_NOT_BELOW_32|CLOSE_NOT_NEAR_OR_BELOW_LOWER_BB|CLOSE_NOT_ABOVE_MA200
2026-10-03T05:09:19.567728+00:00,SIE_OLD_MR_REGIME_EXHAUSTION_CONFIRM_V1,DOGE,DOGEUSDT,strategy-lab-v1.0.0:SIE_OLD_MR_REGIME_EXHAUSTION_CONFIRM_V1,1790989200000,2026-10-03T01:00:00+00:00,0.09326,0.09362,0.09309,0.09316,32.374866879659294,0.0945505,0.09040038927858539,0.0954183,0.00122,0.01309574924860455,32.37486687965924,1.25,False,TREND_SUPPORT_NOT_CONFIRMED|RSI_NOT_BELOW_32|CLOSE_NOT_NEAR_OR_BELOW_LOWER_BB|CLOSE_NOT_ABOVE_MA200|RSI_RECOVERY_NOT_CONFIRMED
2026-10-03T05:09:19.567728+00:00,SIE_OLD_MR_REGIME_EXHAUSTION_CONFIRM_V1,DOGE,DOGEUSDT,strategy-lab-v1.0.0:SIE_OLD_MR_REGIME_EXHAUSTION_CONFIRM_V1,1790992800000,2026-10-03T02:00:00+00:00,0.09316,0.09337,0.093,0.09303,26.779661016949206,0.09441,0.09025376612785078,0.09540009999999999,0.0011421428571428565,0.01227714562122817,32.374866879659294,1.250000000000003,False,TREND_SUPPORT_NOT_CONFIRMED|CLOSE_NOT_NEAR_OR_BELOW_LOWER_BB|CLOSE_NOT_ABOVE_MA200|RSI_RECOVERY_NOT_CONFIRMED
2026-10-03T05:09:19.567728+00:00,SIE_OLD_MR_REGIME_EXHAUSTION_CONFIRM_V1,DOGE,DOGEUSDT,strategy-lab-v1.0.0:SIE_OLD_MR_REGIME_EXHAUSTION_CONFIRM_V1,1790996400000,2026-10-03T03:00:00+00:00,0.093,0.09332,0.09288,0.0933,30.662020905923356,0.0942525,0.09017952136023275,0.09538550000000001,0.0010864285714285704,0.011644464859898934,26.779661016949206,1.2500000000000064,False,TREND_SUPPORT_NOT_CONFIRMED|CLOSE_NOT_NEAR_OR_BELOW_LOWER_BB|CLOSE_NOT_ABOVE_MA200
2026-10-03T05:09:19.567728+00:00,SIE_OLD_MR_REGIME_EXHAUSTION_CONFIRM_V1,DOGE,DOGEUSDT,strategy-lab-v1.0.0:SIE_OLD_MR_REGIME_EXHAUSTION_CONFIRM_V1,1791000000000,2026-10-03T04:00:00+00:00,0.09331,0.09331,0.09278,0.09293,34.020618556701066,0.0940445,0.09015147816600005,0.09537145000000001,0.0009642857142857132,0.010376473843599627,30.662020905923356,1.2499999999999964,False,TREND_SUPPORT_NOT_CONFIRMED|PLANNED_REWARD_TOO_LOW|RSI_NOT_BELOW_32|CLOSE_NOT_NEAR_OR_BELOW_LOWER_BB|CLOSE_NOT_ABOVE_MA200|RSI_RECOVERY_NOT_CONFIRMED
2026-10-03T05:09:19.567728+00:00,SIE_OLD_MR_REGIME_EXHAUSTION_CONFIRM_V1,DOGE,DOGEUSDT,strategy-lab-v1.0.0:SIE_OLD_MR_REGIME_EXHAUSTION_CONFIRM_V1,1791003600000,2026-10-03T05:00:00+00:00,0.09293,0.09294,0.09288,0.09292,35.24699599465954,0.0938435,0.09015973412796087,0.09535665,0.00091142857142857,0.009808744849640227,34.020618556701066,1.2499999999999962,False,TREND_SUPPORT_NOT_CONFIRMED|PLANNED_REWARD_TOO_LOW|RSI_NOT_BELOW_32|CLOSE_NOT_NEAR_OR_BELOW_LOWER_BB|CLOSE_NOT_ABOVE_MA200|RSI_RECOVERY_NOT_CONFIRMED
2026-10-03T05:09:19.567728+00:00,SIE_OLD_MR_REGIME_EXHAUSTION_CONFIRM_V1,BNB,BNBUSDT,strategy-lab-v1.0.0:SIE_OLD_MR_REGIME_EXHAUSTION_CONFIRM_V1,1790985600000,2026-10-03T00:00:00+00:00,767.98,769.33,767.5,768.91,39.20505871725367,773.051,762.3281554147229,770.1504000000001,4.397142857142869,0.005718670399842464,37.38146222086258,1.2500000000000129,False,RSI_NOT_BELOW_32|CLOSE_NOT_NEAR_OR_BELOW_LOWER_BB|CLOSE_NOT_ABOVE_MA200
2026-10-03T05:09:19.567728+00:00,SIE_OLD_MR_REGIME_EXHAUSTION_CONFIRM_V1,BNB,BNBUSDT,strategy-lab-v1.0.0:SIE_OLD_MR_REGIME_EXHAUSTION_CONFIRM_V1,1790989200000,2026-10-03T01:00:00+00:00,768.95,769.87,768.33,769.02,36.50943396226401,772.648,761.9553397136162,770.1044499999999,4.309285714285726,0.005603606816839257,39.20505871725367,1.2499999999999933,False,PLANNED_REWARD_TOO_LOW|RSI_NOT_BELOW_32|CLOSE_NOT_NEAR_OR_BELOW_LOWER_BB|CLOSE_NOT_ABOVE_MA200|RSI_RECOVERY_NOT_CONFIRMED
2026-10-03T05:09:19.567728+00:00,SIE_OLD_MR_REGIME_EXHAUSTION_CONFIRM_V1,BNB,BNBUSDT,strategy-lab-v1.0.0:SIE_OLD_MR_REGIME_EXHAUSTION_CONFIRM_V1,1790992800000,2026-10-03T02:00:00+00:00,768.97,769.14,767.73,768.29,27.335880514067156,772.2125,761.5548832401419,770.03845,4.058571428571432,0.005282603481200371,36.50943396226401,1.250000000000014,False,CLOSE_NOT_NEAR_OR_BELOW_LOWER_BB|CLOSE_NOT_ABOVE_MA200|RSI_RECOVERY_NOT_CONFIRMED
2026-10-03T05:09:19.567728+00:00,SIE_OLD_MR_REGIME_EXHAUSTION_CONFIRM_V1,BNB,BNBUSDT,strategy-lab-v1.0.0:SIE_OLD_MR_REGIME_EXHAUSTION_CONFIRM_V1,1790996400000,2026-10-03T03:00:00+00:00,768.12,769.05,767.45,768.24,27.80918727915183,771.817,761.1861729390415,769.9819499999999,3.8628571428571377,0.005028190595200897,27.335880514067156,1.25,False,CLOSE_NOT_NEAR_OR_BELOW_LOWER_BB|CLOSE_NOT_ABOVE_MA200|RSI_RECOVERY_NOT_CONFIRMED
2026-10-03T05:09:19.567728+00:00,SIE_OLD_MR_REGIME_EXHAUSTION_CONFIRM_V1,BNB,BNBUSDT,strategy-lab-v1.0.0:SIE_OLD_MR_REGIME_EXHAUSTION_CONFIRM_V1,1791000000000,2026-10-03T04:00:00+00:00,768.3,768.46,765.0,766.82,31.978870377895007,771.2950000000001,760.7596642198739,769.91845,3.443571428571423,0.004490716763479595,27.80918727915183,1.25,False,CLOSE_NOT_NEAR_OR_BELOW_LOWER_BB|CLOSE_NOT_ABOVE_MA200|RSI_RECOVERY_NOT_CONFIRMED
2026-10-03T05:09:19.567728+00:00,SIE_OLD_MR_REGIME_EXHAUSTION_CONFIRM_V1,BNB,BNBUSDT,strategy-lab-v1.0.0:SIE_OLD_MR_REGIME_EXHAUSTION_CONFIRM_V1,1791003600000,2026-10-03T05:00:00+00:00,766.58,766.81,766.34,766.81,35.08693713776171,770.8175,760.3784638854918,769.86045,3.2071428571428555,0.0041824478777570135,31.978870377895007,1.2499999999999822,False,PLANNED_REWARD_TOO_LOW|RSI_NOT_BELOW_32|CLOSE_NOT_NEAR_OR_BELOW_LOWER_BB|CLOSE_NOT_ABOVE_MA200|RSI_RECOVERY_NOT_CONFIRMED
2026-10-03T05:09:19.567728+00:00,SIE_OLD_MR_REGIME_EXHAUSTION_CONFIRM_V1,PAXG,PAXGUSDT,strategy-lab-v1.0.0:SIE_OLD_MR_REGIME_EXHAUSTION_CONFIRM_V1,1790985600000,2026-10-03T00:00:00+00:00,4151.0,4151.44,4150.14,4150.14,38.917140293150304,4168.6990000000005,4125.137646072494,4212.21445,16.89142857142854,0.004070086448030317,39.26450296958447,1.2499999999999865,False,TREND_SUPPORT_NOT_CONFIRMED|PLANNED_REWARD_TOO_LOW|RSI_NOT_BELOW_32|CLOSE_NOT_NEAR_OR_BELOW_LOWER_BB|CLOSE_NOT_ABOVE_MA200|RSI_RECOVERY_NOT_CONFIRMED
2026-10-03T05:09:19.567728+00:00,SIE_OLD_MR_REGIME_EXHAUSTION_CONFIRM_V1,PAXG,PAXGUSDT,strategy-lab-v1.0.0:SIE_OLD_MR_REGIME_EXHAUSTION_CONFIRM_V1,1790989200000,2026-10-03T01:00:00+00:00,4150.14,4150.89,4145.56,4150.29,39.582321515298965,4166.68,4123.63909619911,4211.6584,16.557857142857106,0.003989566305693603,38.917140293150304,1.2499999999999862,False,TREND_SUPPORT_NOT_CONFIRMED|PLANNED_REWARD_TOO_LOW|RSI_NOT_BELOW_32|CLOSE_NOT_NEAR_OR_BELOW_LOWER_BB|CLOSE_NOT_ABOVE_MA200
2026-10-03T05:09:19.567728+00:00,SIE_OLD_MR_REGIME_EXHAUSTION_CONFIRM_V1,PAXG,PAXGUSDT,strategy-lab-v1.0.0:SIE_OLD_MR_REGIME_EXHAUSTION_CONFIRM_V1,1790992800000,2026-10-03T02:00:00+00:00,4150.29,4153.04,4150.0,4150.0,22.789510327222416,4164.8144999999995,4122.280700040467,4211.06925,13.367142857142815,0.003220998278829594,39.582321515298965,1.250000000000017,False,TREND_SUPPORT_NOT_CONFIRMED|CLOSE_NOT_NEAR_OR_BELOW_LOWER_BB|CLOSE_NOT_ABOVE_MA200|RSI_RECOVERY_NOT_CONFIRMED
2026-10-03T05:09:19.567728+00:00,SIE_OLD_MR_REGIME_EXHAUSTION_CONFIRM_V1,PAXG,PAXGUSDT,strategy-lab-v1.0.0:SIE_OLD_MR_REGIME_EXHAUSTION_CONFIRM_V1,1790996400000,2026-10-03T03:00:00+00:00,4150.01,4150.85,4150.0,4150.66,31.03874690849159,4162.978,4121.339405595319,4210.497549999999,10.47285714285707,0.002523178757801668,22.789510327222416,1.25,False,TREND_SUPPORT_NOT_CONFIRMED|CLOSE_NOT_NEAR_OR_BELOW_LOWER_BB|CLOSE_NOT_ABOVE_MA200
2026-10-03T05:09:19.567728+00:00,SIE_OLD_MR_REGIME_EXHAUSTION_CONFIRM_V1,PAXG,PAXGUSDT,strategy-lab-v1.0.0:SIE_OLD_MR_REGIME_EXHAUSTION_CONFIRM_V1,1791000000000,2026-10-03T04:00:00+00:00,4150.47,4150.58,4147.18,4149.0,40.57658628586857,4161.1435,4120.446806141683,4209.9028,8.380714285714216,0.002019935957029216,31.03874690849159,1.250000000000027,False,TREND_SUPPORT_NOT_CONFIRMED|RSI_NOT_BELOW_32|CLOSE_NOT_NEAR_OR_BELOW_LOWER_BB|CLOSE_NOT_ABOVE_MA200|RSI_RECOVERY_NOT_CONFIRMED
2026-10-03T05:09:19.567728+00:00,SIE_OLD_MR_REGIME_EXHAUSTION_CONFIRM_V1,PAXG,PAXGUSDT,strategy-lab-v1.0.0:SIE_OLD_MR_REGIME_EXHAUSTION_CONFIRM_V1,1791003600000,2026-10-03T05:00:00+00:00,4148.2,4149.0,4148.2,4148.96,62.94670846394984,4159.2519999999995,4120.008545208179,4209.31905,6.344999999999994,0.0015292989086421644,40.57658628586857,1.2500000000000357,False,TREND_SUPPORT_NOT_CONFIRMED|RSI_NOT_BELOW_32|CLOSE_NOT_NEAR_OR_BELOW_LOWER_BB|CLOSE_NOT_ABOVE_MA200|RSI_RECOVERY_NOT_CONFIRMED
2026-10-03T11:33:41.546067+00:00,SIE_OLD_MR_REGIME_EXHAUSTION_CONFIRM_V1,BTC,BTCUSDT,strategy-lab-v1.0.0:SIE_OLD_MR_REGIME_EXHAUSTION_CONFIRM_V1,1791007200000,2026-10-03T06:00:00+00:00,84629.22,84668.71,84508.65,84572.27,34.36721781630922,84977.522,83465.13942687109,84140.93245,293.4157142857127,0.0034694080493016524,32.22779950523034,1.2499999999999751,False,PLANNED_REWARD_TOO_LOW|RSI_NOT_BELOW_32|CLOSE_NOT_NEAR_OR_BELOW_LOWER_BB|RSI_RECOVERY_NOT_CONFIRMED
2026-10-03T11:33:41.546067+00:00,SIE_OLD_MR_REGIME_EXHAUSTION_CONFIRM_V1,BTC,BTCUSDT,strategy-lab-v1.0.0:SIE_OLD_MR_REGIME_EXHAUSTION_CONFIRM_V1,1791010800000,2026-10-03T07:00:00+00:00,84572.3,84643.0,84528.01,84539.11,42.51089988355402,84883.867,83513.10403862265,84141.7007,246.32071428571362,0.0029136894661620357,34.36721781630922,1.25,False,RSI_NOT_BELOW_32|CLOSE_NOT_NEAR_OR_BELOW_LOWER_BB|RSI_RECOVERY_NOT_CONFIRMED
2026-10-03T11:33:41.546067+00:00,SIE_OLD_MR_REGIME_EXHAUSTION_CONFIRM_V1,BTC,BTCUSDT,strategy-lab-v1.0.0:SIE_OLD_MR_REGIME_EXHAUSTION_CONFIRM_V1,1791014400000,2026-10-03T08:00:00+00:00,84540.21,84637.93,84535.99,84593.1,67.61290962272534,84773.3495,83719.74429123392,84141.77805,178.82714285714195,0.002113968430724751,42.51089988355402,1.2499999999999796,False,PLANNED_REWARD_TOO_LOW|RSI_NOT_BELOW_32|CLOSE_NOT_NEAR_OR_BELOW_LOWER_BB
2026-10-03T11:33:41.546067+00:00,SIE_OLD_MR_REGIME_EXHAUSTION_CONFIRM_V1,BTC,BTCUSDT,strategy-lab-v1.0.0:SIE_OLD_MR_REGIME_EXHAUSTION_CONFIRM_V1,1791018000000,2026-10-03T09:00:00+00:00,84599.0,84654.16,84558.91,84583.32,65.09586653386414,84674.298,84013.5977492781,84141.71429999999,158.7735714285705,0.0018771262635300966,67.61290962272534,1.2499999999999771,False,PLANNED_REWARD_TOO_LOW|RSI_NOT_BELOW_32|CLOSE_NOT_NEAR_OR_BELOW_LOWER_BB|RSI_RECOVERY_NOT_CONFIRMED
2026-10-03T11:33:41.546067+00:00,SIE_OLD_MR_REGIME_EXHAUSTION_CONFIRM_V1,BTC,BTCUSDT,strategy-lab-v1.0.0:SIE_OLD_MR_REGIME_EXHAUSTION_CONFIRM_V1,1791021600000,2026-10-03T10:00:00+00:00,84583.32,84629.38,84542.68,84621.05,61.03273333796617,84621.53,84147.0741518961,84143.71484999999,141.25714285714326,0.001669290830793795,65.09586653386414,1.2499999999999742,False,PLANNED_REWARD_TOO_LOW|RSI_NOT_BELOW_32|CLOSE_NOT_NEAR_OR_BELOW_LOWER_BB|RSI_RECOVERY_NOT_CONFIRMED
2026-10-03T11:33:41.546067+00:00,SIE_OLD_MR_REGIME_EXHAUSTION_CONFIRM_V1,BTC,BTCUSDT,strategy-lab-v1.0.0:SIE_OLD_MR_REGIME_EXHAUSTION_CONFIRM_V1,1791025200000,2026-10-03T11:00:00+00:00,84621.06,84653.73,84604.38,84639.03,57.83417935702147,84587.3935,84237.47352530438,84145.83,134.85357142857123,0.001593278791457927,61.03273333796617,1.25,False,RSI_NOT_BELOW_32|CLOSE_NOT_NEAR_OR_BELOW_LOWER_BB|RSI_RECOVERY_NOT_CONFIRMED
2026-10-03T11:33:41.546067+00:00,SIE_OLD_MR_REGIME_EXHAUSTION_CONFIRM_V1,SOL,SOLUSDT,strategy-lab-v1.0.0:SIE_OLD_MR_REGIME_EXHAUSTION_CONFIRM_V1,1791007200000,2026-10-03T06:00:00+00:00,119.63,119.81,119.37,119.44,44.941634241245175,119.52000000000001,116.89723809696696,119.7283,0.8178571428571441,0.006847430867859545,46.68008048289739,1.2500000000000087,False,TREND_SUPPORT_NOT_CONFIRMED|RSI_NOT_BELOW_32|CLOSE_NOT_NEAR_OR_BELOW_LOWER_BB|CLOSE_NOT_ABOVE_MA200|RSI_RECOVERY_NOT_CONFIRMED
2026-10-03T11:33:41.546067+00:00,SIE_OLD_MR_REGIME_EXHAUSTION_CONFIRM_V1,SOL,SOLUSDT,strategy-lab-v1.0.0:SIE_OLD_MR_REGIME_EXHAUSTION_CONFIRM_V1,1791010800000,2026-10-03T07:00:00+00:00,119.43,119.56,119.14,119.33,46.478873239436545,119.39649999999999,116.99121186757142,119.73985,0.7764285714285728,0.006506566424441237,44.941634241245175,1.249999999999991,False,TREND_SUPPORT_NOT_CONFIRMED|PLANNED_REWARD_TOO_LOW|RSI_NOT_BELOW_32|CLOSE_NOT_NEAR_OR_BELOW_LOWER_BB|CLOSE_NOT_ABOVE_MA200|RSI_RECOVERY_NOT_CONFIRMED
2026-10-03T11:33:41.546067+00:00,SIE_OLD_MR_REGIME_EXHAUSTION_CONFIRM_V1,SOL,SOLUSDT,strategy-lab-v1.0.0:SIE_OLD_MR_REGIME_EXHAUSTION_CONFIRM_V1,1791014400000,2026-10-03T08:00:00+00:00,119.32,119.43,119.03,119.21,65.07042253521112,119.22999999999999,117.30512078300953,119.74889999999999,0.6064285714285731,0.005087061248457119,46.478873239436545,1.2500000000000058,False,TREND_SUPPORT_NOT_CONFIRMED|RSI_NOT_BELOW_32|CLOSE_NOT_NEAR_OR_BELOW_LOWER_BB|CLOSE_NOT_ABOVE_MA200|RSI_RECOVERY_NOT_CONFIRMED
2026-10-03T11:33:41.546067+00:00,SIE_OLD_MR_REGIME_EXHAUSTION_CONFIRM_V1,SOL,SOLUSDT,strategy-lab-v1.0.0:SIE_OLD_MR_REGIME_EXHAUSTION_CONFIRM_V1,1791018000000,2026-10-03T09:00:00+00:00,119.23,119.47,119.17,119.31,69.6531791907513,119.0925,117.66805800398826,119.75815,0.5507142857142873,0.004615826717913731,65.07042253521112,1.2499999999999871,False,TREND_SUPPORT_NOT_CONFIRMED|PLANNED_REWARD_TOO_LOW|RSI_NOT_BELOW_32|CLOSE_NOT_NEAR_OR_BELOW_LOWER_BB|CLOSE_NOT_ABOVE_MA200
2026-10-03T11:33:41.546067+00:00,SIE_OLD_MR_REGIME_EXHAUSTION_CONFIRM_V1,SOL,SOLUSDT,strategy-lab-v1.0.0:SIE_OLD_MR_REGIME_EXHAUSTION_CONFIRM_V1,1791021600000,2026-10-03T10:00:00+00:00,119.3,119.62,119.24,119.48,74.78260869565217,119.0355,117.7787506216425,119.77105,0.5357142857142877,0.00448371514658761,69.6531791907513,1.2499999999999933,False,TREND_SUPPORT_NOT_CONFIRMED|PLANNED_REWARD_TOO_LOW|RSI_NOT_BELOW_32|CLOSE_NOT_NEAR_OR_BELOW_LOWER_BB|CLOSE_NOT_ABOVE_MA200
2026-10-03T11:33:41.546067+00:00,SIE_OLD_MR_REGIME_EXHAUSTION_CONFIRM_V1,SOL,SOLUSDT,strategy-lab-v1.0.0:SIE_OLD_MR_REGIME_EXHAUSTION_CONFIRM_V1,1791025200000,2026-10-03T11:00:00+00:00,119.49,119.49,119.21,119.33,67.82334384858028,119.00450000000001,117.81049036854724,119.78344999999999,0.5171428571428588,0.004333720415175218,74.78260869565217,1.25,False,TREND_SUPPORT_NOT_CONFIRMED|RSI_NOT_BELOW_32|CLOSE_NOT_NEAR_OR_BELOW_LOWER_BB|CLOSE_NOT_ABOVE_MA200|RSI_RECOVERY_NOT_CONFIRMED
2026-10-03T11:33:41.546067+00:00,SIE_OLD_MR_REGIME_EXHAUSTION_CONFIRM_V1,XRP,XRPUSDT,strategy-lab-v1.0.0:SIE_OLD_MR_REGIME_EXHAUSTION_CONFIRM_V1,1791007200000,2026-10-03T06:00:00+00:00,1.4855,1.4879,1.4833,1.4857,38.4514435695538,1.494125,1.4526044568917986,1.514629,0.012457142857142849,0.008384696006692366,36.77581863979857,1.2500000000000089,False,TREND_SUPPORT_NOT_CONFIRMED|RSI_NOT_BELOW_32|CLOSE_NOT_NEAR_OR_BELOW_LOWER_BB|CLOSE_NOT_ABOVE_MA200
2026-10-03T11:33:41.546067+00:00,SIE_OLD_MR_REGIME_EXHAUSTION_CONFIRM_V1,XRP,XRPUSDT,strategy-lab-v1.0.0:SIE_OLD_MR_REGIME_EXHAUSTION_CONFIRM_V1,1791010800000,2026-10-03T07:00:00+00:00,1.4855,1.4857,1.479,1.4819,39.381720430107535,1.4916500000000001,1.4535519948028774,1.5143665000000002,0.010514285714285698,0.007095138480522099,38.4514435695538,1.25,False,TREND_SUPPORT_NOT_CONFIRMED|RSI_NOT_BELOW_32|CLOSE_NOT_NEAR_OR_BELOW_LOWER_BB|CLOSE_NOT_ABOVE_MA200|RSI_RECOVERY_NOT_CONFIRMED
2026-10-03T11:33:41.546067+00:00,SIE_OLD_MR_REGIME_EXHAUSTION_CONFIRM_V1,XRP,XRPUSDT,strategy-lab-v1.0.0:SIE_OLD_MR_REGIME_EXHAUSTION_CONFIRM_V1,1791014400000,2026-10-03T08:00:00+00:00,1.4819,1.4847,1.48,1.4814,70.6024096385543,1.488625,1.458115075385213,1.5140514999999999,0.006928571428571411,0.004677042951648043,39.381720430107535,1.25,False,TREND_SUPPORT_NOT_CONFIRMED|RSI_NOT_BELOW_32|CLOSE_NOT_NEAR_OR_BELOW_LOWER_BB|CLOSE_NOT_ABOVE_MA200|RSI_RECOVERY_NOT_CONFIRMED
2026-10-03T11:33:41.546067+00:00,SIE_OLD_MR_REGIME_EXHAUSTION_CONFIRM_V1,XRP,XRPUSDT,strategy-lab-v1.0.0:SIE_OLD_MR_REGIME_EXHAUSTION_CONFIRM_V1,1791018000000,2026-10-03T09:00:00+00:00,1.4813,1.4859,1.4813,1.4829,67.7248677248678,1.4861900000000001,1.4628592563341847,1.5137595,0.006421428571428546,0.00433031800622331,70.6024096385543,1.25,False,TREND_SUPPORT_NOT_CONFIRMED|RSI_NOT_BELOW_32|CLOSE_NOT_NEAR_OR_BELOW_LOWER_BB|CLOSE_NOT_ABOVE_MA200|RSI_RECOVERY_NOT_CONFIRMED
2026-10-03T11:33:41.546067+00:00,SIE_OLD_MR_REGIME_EXHAUSTION_CONFIRM_V1,XRP,XRPUSDT,strategy-lab-v1.0.0:SIE_OLD_MR_REGIME_EXHAUSTION_CONFIRM_V1,1791021600000,2026-10-03T10:00:00+00:00,1.4827,1.4846,1.4823,1.4837,66.11111111111117,1.4847350000000001,1.4648483939547248,1.513536,0.006071428571428553,0.0040920863863507136,67.7248677248678,1.25,False,TREND_SUPPORT_NOT_CONFIRMED|RSI_NOT_BELOW_32|CLOSE_NOT_NEAR_OR_BELOW_LOWER_BB|CLOSE_NOT_ABOVE_MA200|RSI_RECOVERY_NOT_CONFIRMED
2026-10-03T11:33:41.546067+00:00,SIE_OLD_MR_REGIME_EXHAUSTION_CONFIRM_V1,XRP,XRPUSDT,strategy-lab-v1.0.0:SIE_OLD_MR_REGIME_EXHAUSTION_CONFIRM_V1,1791025200000,2026-10-03T11:00:00+00:00,1.4836,1.484,1.4815,1.4837,61.39240506329127,1.48359,1.466419338976033,1.5133029999999998,0.005828571428571405,0.003928402930896681,66.11111111111117,1.2499999999999905,False,TREND_SUPPORT_NOT_CONFIRMED|PLANNED_REWARD_TOO_LOW|RSI_NOT_BELOW_32|CLOSE_NOT_NEAR_OR_BELOW_LOWER_BB|CLOSE_NOT_ABOVE_MA200|RSI_RECOVERY_NOT_CONFIRMED
2026-10-03T11:33:41.546067+00:00,SIE_OLD_MR_REGIME_EXHAUSTION_CONFIRM_V1,DOGE,DOGEUSDT,strategy-lab-v1.0.0:SIE_OLD_MR_REGIME_EXHAUSTION_CONFIRM_V1,1791007200000,2026-10-03T06:00:00+00:00,0.09298,0.09308,0.09281,0.09294,36.26666666666664,0.0936645,0.09019421197160822,0.0953445,0.0008921428571428562,0.009599126932890643,35.97883597883593,1.249999999999996,False,TREND_SUPPORT_NOT_CONFIRMED|PLANNED_REWARD_TOO_LOW|RSI_NOT_BELOW_32|CLOSE_NOT_NEAR_OR_BELOW_LOWER_BB|CLOSE_NOT_ABOVE_MA200|RSI_RECOVERY_NOT_CONFIRMED
2026-10-03T11:33:41.546067+00:00,SIE_OLD_MR_REGIME_EXHAUSTION_CONFIRM_V1,DOGE,DOGEUSDT,strategy-lab-v1.0.0:SIE_OLD_MR_REGIME_EXHAUSTION_CONFIRM_V1,1791010800000,2026-10-03T07:00:00+00:00,0.09293,0.09294,0.09256,0.09264,37.26027397260274,0.093473,0.09022770124641825,0.09532895,0.000845714285714284,0.0091290402171231,36.26666666666664,1.25,False,TREND_SUPPORT_NOT_CONFIRMED|RSI_NOT_BELOW_32|CLOSE_NOT_NEAR_OR_BELOW_LOWER_BB|CLOSE_NOT_ABOVE_MA200|RSI_RECOVERY_NOT_CONFIRMED
2026-10-03T11:33:41.546067+00:00,SIE_OLD_MR_REGIME_EXHAUSTION_CONFIRM_V1,DOGE,DOGEUSDT,strategy-lab-v1.0.0:SIE_OLD_MR_REGIME_EXHAUSTION_CONFIRM_V1,1791014400000,2026-10-03T08:00:00+00:00,0.09266,0.09275,0.09242,0.09247,67.16049382716054,0.0932395,0.09044205491564193,0.09530899999999999,0.0005635714285714262,0.0060946407329017654,37.26027397260274,1.2500000000000062,False,TREND_SUPPORT_NOT_CONFIRMED|RSI_NOT_BELOW_32|CLOSE_NOT_NEAR_OR_BELOW_LOWER_BB|CLOSE_NOT_ABOVE_MA200|RSI_RECOVERY_NOT_CONFIRMED
2026-10-03T11:33:41.546067+00:00,SIE_OLD_MR_REGIME_EXHAUSTION_CONFIRM_V1,DOGE,DOGEUSDT,strategy-lab-v1.0.0:SIE_OLD_MR_REGIME_EXHAUSTION_CONFIRM_V1,1791018000000,2026-10-03T09:00:00+00:00,0.09249,0.09286,0.09249,0.09274,66.07142857142856,0.093045,0.09071579842005913,0.0952931,0.0005171428571428549,0.00557626544255828,67.16049382716054,1.2500000000000133,False,TREND_SUPPORT_NOT_CONFIRMED|RSI_NOT_BELOW_32|CLOSE_NOT_NEAR_OR_BELOW_LOWER_BB|CLOSE_NOT_ABOVE_MA200|RSI_RECOVERY_NOT_CONFIRMED
2026-10-03T11:33:41.546067+00:00,SIE_OLD_MR_REGIME_EXHAUSTION_CONFIRM_V1,DOGE,DOGEUSDT,strategy-lab-v1.0.0:SIE_OLD_MR_REGIME_EXHAUSTION_CONFIRM_V1,1791021600000,2026-10-03T10:00:00+00:00,0.09275,0.09295,0.09275,0.09288,69.82097186700788,0.09291849999999999,0.09085743935072278,0.09528224999999999,0.00048714285714285466,0.005244862803002311,66.07142857142856,1.25,False,TREND_SUPPORT_NOT_CONFIRMED|RSI_NOT_BELOW_32|CLOSE_NOT_NEAR_OR_BELOW_LOWER_BB|CLOSE_NOT_ABOVE_MA200
2026-10-03T11:33:41.546067+00:00,SIE_OLD_MR_REGIME_EXHAUSTION_CONFIRM_V1,DOGE,DOGEUSDT,strategy-lab-v1.0.0:SIE_OLD_MR_REGIME_EXHAUSTION_CONFIRM_V1,1791025200000,2026-10-03T11:00:00+00:00,0.09286,0.09287,0.09264,0.09274,59.13312693498467,0.09279899999999999,0.09100482163651465,0.09526995,0.00044214285714285525,0.004767552912905491,69.82097186700788,1.2499999999999922,False,TREND_SUPPORT_NOT_CONFIRMED|PLANNED_REWARD_TOO_LOW|RSI_NOT_BELOW_32|CLOSE_NOT_NEAR_OR_BELOW_LOWER_BB|CLOSE_NOT_ABOVE_MA200|RSI_RECOVERY_NOT_CONFIRMED
2026-10-03T11:33:41.546067+00:00,SIE_OLD_MR_REGIME_EXHAUSTION_CONFIRM_V1,BNB,BNBUSDT,strategy-lab-v1.0.0:SIE_OLD_MR_REGIME_EXHAUSTION_CONFIRM_V1,1791007200000,2026-10-03T06:00:00+00:00,767.14,767.38,765.6,766.07,33.0055579307396,770.336,760.0192749382371,769.81015,3.1785714285714284,0.004149191886604916,36.156208863536605,1.2500000000000089,False,RSI_NOT_BELOW_32|CLOSE_NOT_NEAR_OR_BELOW_LOWER_BB|CLOSE_NOT_ABOVE_MA200|RSI_RECOVERY_NOT_CONFIRMED
2026-10-03T11:33:41.546067+00:00,SIE_OLD_MR_REGIME_EXHAUSTION_CONFIRM_V1,BNB,BNBUSDT,strategy-lab-v1.0.0:SIE_OLD_MR_REGIME_EXHAUSTION_CONFIRM_V1,1791010800000,2026-10-03T07:00:00+00:00,766.05,766.2,765.1,765.4,32.3147760569274,769.726,759.7627627750812,769.75535,2.982142857142857,0.0038961887341819406,33.0055579307396,1.250000000000019,False,TREND_SUPPORT_NOT_CONFIRMED|RSI_NOT_BELOW_32|CLOSE_NOT_NEAR_OR_BELOW_LOWER_BB|CLOSE_NOT_ABOVE_MA200|RSI_RECOVERY_NOT_CONFIRMED
2026-10-03T11:33:41.546067+00:00,SIE_OLD_MR_REGIME_EXHAUSTION_CONFIRM_V1,BNB,BNBUSDT,strategy-lab-v1.0.0:SIE_OLD_MR_REGIME_EXHAUSTION_CONFIRM_V1,1791014400000,2026-10-03T08:00:00+00:00,765.25,766.27,764.76,766.22,58.095238095238116,768.97,760.4575761383724,769.70065,2.0985714285714283,0.002738862766009016,32.3147760569274,1.249999999999973,False,TREND_SUPPORT_NOT_CONFIRMED|PLANNED_REWARD_TOO_LOW|RSI_NOT_BELOW_32|CLOSE_NOT_NEAR_OR_BELOW_LOWER_BB|CLOSE_NOT_ABOVE_MA200
2026-10-03T11:33:41.546067+00:00,SIE_OLD_MR_REGIME_EXHAUSTION_CONFIRM_V1,BNB,BNBUSDT,strategy-lab-v1.0.0:SIE_OLD_MR_REGIME_EXHAUSTION_CONFIRM_V1,1791018000000,2026-10-03T09:00:00+00:00,766.22,767.96,766.22,767.44,54.2347696879647,768.302,761.7327638191333,769.6472499999999,1.9664285714285694,0.0025623222290062668,58.095238095238116,1.2499999999999856,False,TREND_SUPPORT_NOT_CONFIRMED|PLANNED_REWARD_TOO_LOW|RSI_NOT_BELOW_32|CLOSE_NOT_NEAR_OR_BELOW_LOWER_BB|CLOSE_NOT_ABOVE_MA200|RSI_RECOVERY_NOT_CONFIRMED
2026-10-03T11:33:41.546067+00:00,SIE_OLD_MR_REGIME_EXHAUSTION_CONFIRM_V1,BNB,BNBUSDT,strategy-lab-v1.0.0:SIE_OLD_MR_REGIME_EXHAUSTION_CONFIRM_V1,1791021600000,2026-10-03T10:00:00+00:00,767.47,769.12,767.27,768.68,68.15642458100544,767.9515,762.3145211105585,769.6211500000001,1.8764285714285702,0.002441104974018539,54.2347696879647,1.250000000000015,False,TREND_SUPPORT_NOT_CONFIRMED|RSI_NOT_BELOW_32|CLOSE_NOT_NEAR_OR_BELOW_LOWER_BB|CLOSE_NOT_ABOVE_MA200
2026-10-03T11:33:41.546067+00:00,SIE_OLD_MR_REGIME_EXHAUSTION_CONFIRM_V1,BNB,BNBUSDT,strategy-lab-v1.0.0:SIE_OLD_MR_REGIME_EXHAUSTION_CONFIRM_V1,1791025200000,2026-10-03T11:00:00+00:00,768.66,769.79,768.5,769.12,62.849162011173135,767.7325,762.6630232025377,769.6027,1.777142857142857,0.0023106184433415553,68.15642458100544,1.249999999999984,False,TREND_SUPPORT_NOT_CONFIRMED|PLANNED_REWARD_TOO_LOW|RSI_NOT_BELOW_32|CLOSE_NOT_NEAR_OR_BELOW_LOWER_BB|CLOSE_NOT_ABOVE_MA200|RSI_RECOVERY_NOT_CONFIRMED
2026-10-03T11:33:41.546067+00:00,SIE_OLD_MR_REGIME_EXHAUSTION_CONFIRM_V1,PAXG,PAXGUSDT,strategy-lab-v1.0.0:SIE_OLD_MR_REGIME_EXHAUSTION_CONFIRM_V1,1791007200000,2026-10-03T06:00:00+00:00,4148.79,4149.18,4147.13,4148.87,50.139275766015956,4157.3275,4120.0261542468215,4208.73085,5.682857142857172,0.0013697361312495142,62.72386505622648,1.24999999999996,False,TREND_SUPPORT_NOT_CONFIRMED|PLANNED_REWARD_TOO_LOW|RSI_NOT_BELOW_32|CLOSE_NOT_NEAR_OR_BELOW_LOWER_BB|CLOSE_NOT_ABOVE_MA200|RSI_RECOVERY_NOT_CONFIRMED
2026-10-03T11:33:41.546067+00:00,SIE_OLD_MR_REGIME_EXHAUSTION_CONFIRM_V1,PAXG,PAXGUSDT,strategy-lab-v1.0.0:SIE_OLD_MR_REGIME_EXHAUSTION_CONFIRM_V1,1791010800000,2026-10-03T07:00:00+00:00,4148.87,4148.97,4143.22,4146.29,51.15089514066555,4155.4115,4120.024998463422,4208.16825,5.369285714285719,0.0012949614509080935,50.139275766015956,1.2499999999999576,False,TREND_SUPPORT_NOT_CONFIRMED|PLANNED_REWARD_TOO_LOW|RSI_NOT_BELOW_32|CLOSE_NOT_NEAR_OR_BELOW_LOWER_BB|CLOSE_NOT_ABOVE_MA200|RSI_RECOVERY_NOT_CONFIRMED
2026-10-03T11:33:41.546067+00:00,SIE_OLD_MR_REGIME_EXHAUSTION_CONFIRM_V1,PAXG,PAXGUSDT,strategy-lab-v1.0.0:SIE_OLD_MR_REGIME_EXHAUSTION_CONFIRM_V1,1791014400000,2026-10-03T08:00:00+00:00,4145.89,4145.89,4143.95,4144.61,17.99217731420923,4151.6245,4132.265477839822,4207.5237,4.502142857142839,0.0010862645356602525,51.15089514066555,1.2499999999999496,False,TREND_SUPPORT_NOT_CONFIRMED|PLANNED_REWARD_TOO_LOW|CLOSE_NOT_NEAR_OR_BELOW_LOWER_BB|CLOSE_NOT_ABOVE_MA200|RSI_RECOVERY_NOT_CONFIRMED
2026-10-03T11:33:41.546067+00:00,SIE_OLD_MR_REGIME_EXHAUSTION_CONFIRM_V1,PAXG,PAXGUSDT,strategy-lab-v1.0.0:SIE_OLD_MR_REGIME_EXHAUSTION_CONFIRM_V1,1791018000000,2026-10-03T09:00:00+00:00,4145.54,4145.55,4145.0,4145.01,26.303592120510686,4149.502,4139.077729090325,4206.8368,3.745714285714322,0.000903668335110005,17.99217731420923,1.2499999999998785,False,TREND_SUPPORT_NOT_CONFIRMED|PLANNED_REWARD_TOO_LOW|CLOSE_NOT_NEAR_OR_BELOW_LOWER_BB|CLOSE_NOT_ABOVE_MA200
2026-10-03T11:33:41.546067+00:00,SIE_OLD_MR_REGIME_EXHAUSTION_CONFIRM_V1,PAXG,PAXGUSDT,strategy-lab-v1.0.0:SIE_OLD_MR_REGIME_EXHAUSTION_CONFIRM_V1,1791021600000,2026-10-03T10:00:00+00:00,4145.0,4147.01,4144.39,4146.19,40.79885877317788,4148.661999999999,4140.197269407812,4206.18775,3.3478571428572,0.0008074538655626492,26.303592120510686,1.25,False,TREND_SUPPORT_NOT_CONFIRMED|RSI_NOT_BELOW_32|CLOSE_NOT_NEAR_OR_BELOW_LOWER_BB|CLOSE_NOT_ABOVE_MA200
2026-10-03T11:33:41.546067+00:00,SIE_OLD_MR_REGIME_EXHAUSTION_CONFIRM_V1,PAXG,PAXGUSDT,strategy-lab-v1.0.0:SIE_OLD_MR_REGIME_EXHAUSTION_CONFIRM_V1,1791025200000,2026-10-03T11:00:00+00:00,4146.19,4147.83,4146.19,4146.76,43.89392882065593,4149.1715,4142.683547241363,4205.59645,2.8828571428571843,0.0006952071358981914,40.79885877317788,1.2499999999999212,False,TREND_SUPPORT_NOT_CONFIRMED|PLANNED_REWARD_TOO_LOW|RSI_NOT_BELOW_32|CLOSE_NOT_NEAR_OR_BELOW_LOWER_BB|CLOSE_NOT_ABOVE_MA200
2026-10-03T16:10:21.828834+00:00,SIE_OLD_MR_REGIME_EXHAUSTION_CONFIRM_V1,BTC,BTCUSDT,strategy-lab-v1.0.0:SIE_OLD_MR_REGIME_EXHAUSTION_CONFIRM_V1,1791028800000,2026-10-03T12:00:00+00:00,84661.85,84918.41,84660.04,84864.78,65.95077122383657,84574.5975,84299.10186672394,84149.31895,147.45928571428627,0.0017375793080979679,59.006665285681024,1.2499999999999507,False,PLANNED_REWARD_TOO_LOW|RSI_NOT_BELOW_32|CLOSE_NOT_NEAR_OR_BELOW_LOWER_BB
2026-10-03T16:10:21.828834+00:00,SIE_OLD_MR_REGIME_EXHAUSTION_CONFIRM_V1,BTC,BTCUSDT,strategy-lab-v1.0.0:SIE_OLD_MR_REGIME_EXHAUSTION_CONFIRM_V1,1791032400000,2026-10-03T13:00:00+00:00,84864.78,84954.99,84764.24,84857.44,68.5425169352458,84579.45200000002,84288.07122338087,84152.6974,153.32214285714352,0.0018068202724138686,65.95077122383657,1.2499999999999762,False,PLANNED_REWARD_TOO_LOW|RSI_NOT_BELOW_32|CLOSE_NOT_NEAR_OR_BELOW_LOWER_BB|RSI_RECOVERY_NOT_CONFIRMED
2026-10-03T16:10:21.828834+00:00,SIE_OLD_MR_REGIME_EXHAUSTION_CONFIRM_V1,BTC,BTCUSDT,strategy-lab-v1.0.0:SIE_OLD_MR_REGIME_EXHAUSTION_CONFIRM_V1,1791036000000,2026-10-03T14:00:00+00:00,84857.44,84857.45,84734.74,84842.99,60.82594027239754,84609.71,84341.77361195396,84156.79945,144.2492857142861,0.0017001909729287721,68.5425169352458,1.25,False,RSI_NOT_BELOW_32|CLOSE_NOT_NEAR_OR_BELOW_LOWER_BB|RSI_RECOVERY_NOT_CONFIRMED
2026-10-03T16:10:21.828834+00:00,SIE_OLD_MR_REGIME_EXHAUSTION_CONFIRM_V1,BTC,BTCUSDT,strategy-lab-v1.0.0:SIE_OLD_MR_REGIME_EXHAUSTION_CONFIRM_V1,1791039600000,2026-10-03T15:00:00+00:00,84842.99,84879.99,84736.13,84862.16,65.04094303968378,84638.202,84390.933623811,84160.99275,144.41142857142924,0.0017017175684831641,60.82594027239754,1.250000000000025,False,RSI_NOT_BELOW_32|CLOSE_NOT_NEAR_OR_BELOW_LOWER_BB
2026-10-03T16:10:21.828834+00:00,SIE_OLD_MR_REGIME_EXHAUSTION_CONFIRM_V1,BTC,BTCUSDT,strategy-lab-v1.0.0:SIE_OLD_MR_REGIME_EXHAUSTION_CONFIRM_V1,1791043200000,2026-10-03T16:00:00+00:00,84862.16,84864.29,84832.52,84833.14,66.24160458752809,84658.3315,84416.46964494605,84163.1242,138.00571428571442,0.0016267901233611584,65.04094303968378,1.25,False,RSI_NOT_BELOW_32|CLOSE_NOT_NEAR_OR_BELOW_LOWER_BB|RSI_RECOVERY_NOT_CONFIRMED
2026-10-03T16:10:21.828834+00:00,SIE_OLD_MR_REGIME_EXHAUSTION_CONFIRM_V1,SOL,SOLUSDT,strategy-lab-v1.0.0:SIE_OLD_MR_REGIME_EXHAUSTION_CONFIRM_V1,1791028800000,2026-10-03T12:00:00+00:00,119.3,119.73,119.21,119.46,65.57377049180303,118.978,117.8475027642661,119.79879999999999,0.5121428571428593,0.0042871493147736426,67.18749999999982,1.25,False,TREND_SUPPORT_NOT_CONFIRMED|RSI_NOT_BELOW_32|CLOSE_NOT_NEAR_OR_BELOW_LOWER_BB|CLOSE_NOT_ABOVE_MA200|RSI_RECOVERY_NOT_CONFIRMED
2026-10-03T16:10:21.828834+00:00,SIE_OLD_MR_REGIME_EXHAUSTION_CONFIRM_V1,SOL,SOLUSDT,strategy-lab-v1.0.0:SIE_OLD_MR_REGIME_EXHAUSTION_CONFIRM_V1,1791032400000,2026-10-03T13:00:00+00:00,119.45,119.61,119.3,119.41,63.21070234113695,118.96450000000002,117.86174934821966,119.81385,0.5028571428571453,0.004211181164535176,65.57377049180303,1.249999999999993,False,TREND_SUPPORT_NOT_CONFIRMED|PLANNED_REWARD_TOO_LOW|RSI_NOT_BELOW_32|CLOSE_NOT_NEAR_OR_BELOW_LOWER_BB|CLOSE_NOT_ABOVE_MA200|RSI_RECOVERY_NOT_CONFIRMED
2026-10-03T16:10:21.828834+00:00,SIE_OLD_MR_REGIME_EXHAUSTION_CONFIRM_V1,SOL,SOLUSDT,strategy-lab-v1.0.0:SIE_OLD_MR_REGIME_EXHAUSTION_CONFIRM_V1,1791036000000,2026-10-03T14:00:00+00:00,119.41,119.83,119.14,119.76,62.83783783783783,119.04549999999999,117.95902910761403,119.83140000000002,0.4950000000000025,0.004133266533066153,63.21070234113695,1.25,False,TREND_SUPPORT_NOT_CONFIRMED|RSI_NOT_BELOW_32|CLOSE_NOT_NEAR_OR_BELOW_LOWER_BB|CLOSE_NOT_ABOVE_MA200|RSI_RECOVERY_NOT_CONFIRMED
2026-10-03T16:10:21.828834+00:00,SIE_OLD_MR_REGIME_EXHAUSTION_CONFIRM_V1,SOL,SOLUSDT,strategy-lab-v1.0.0:SIE_OLD_MR_REGIME_EXHAUSTION_CONFIRM_V1,1791039600000,2026-10-03T15:00:00+00:00,119.76,119.77,119.42,119.68,59.72696245733794,119.13199999999999,118.13651820709673,119.84800000000001,0.45571428571428846,0.0038077731092437204,62.83783783783783,1.25,False,TREND_SUPPORT_NOT_CONFIRMED|RSI_NOT_BELOW_32|CLOSE_NOT_NEAR_OR_BELOW_LOWER_BB|CLOSE_NOT_ABOVE_MA200|RSI_RECOVERY_NOT_CONFIRMED
2026-10-03T16:10:21.828834+00:00,SIE_OLD_MR_REGIME_EXHAUSTION_CONFIRM_V1,SOL,SOLUSDT,strategy-lab-v1.0.0:SIE_OLD_MR_REGIME_EXHAUSTION_CONFIRM_V1,1791043200000,2026-10-03T16:00:00+00:00,119.69,119.71,119.54,119.6,62.72401433691729,119.22350000000002,118.42959131507344,119.85955,0.4371428571428585,0.0036550406115623624,59.72696245733794,1.2500000000000082,False,TREND_SUPPORT_NOT_CONFIRMED|RSI_NOT_BELOW_32|CLOSE_NOT_NEAR_OR_BELOW_LOWER_BB|CLOSE_NOT_ABOVE_MA200|RSI_RECOVERY_NOT_CONFIRMED
2026-10-03T16:10:21.828834+00:00,SIE_OLD_MR_REGIME_EXHAUSTION_CONFIRM_V1,XRP,XRPUSDT,strategy-lab-v1.0.0:SIE_OLD_MR_REGIME_EXHAUSTION_CONFIRM_V1,1791028800000,2026-10-03T12:00:00+00:00,1.4859,1.4888,1.4822,1.4853,58.16993464052308,1.4828000000000001,1.468093266848141,1.51308,0.00607857142857141,0.004092487328197273,63.90532544378707,1.250000000000009,False,TREND_SUPPORT_NOT_CONFIRMED|RSI_NOT_BELOW_32|CLOSE_NOT_NEAR_OR_BELOW_LOWER_BB|CLOSE_NOT_ABOVE_MA200|RSI_RECOVERY_NOT_CONFIRMED
2026-10-03T16:10:21.828834+00:00,SIE_OLD_MR_REGIME_EXHAUSTION_CONFIRM_V1,XRP,XRPUSDT,strategy-lab-v1.0.0:SIE_OLD_MR_REGIME_EXHAUSTION_CONFIRM_V1,1791032400000,2026-10-03T13:00:00+00:00,1.4851,1.4867,1.4823,1.4862,53.28467153284677,1.4822250000000001,1.469076787193691,1.512871,0.005857142857142846,0.003941019282157749,58.16993464052308,1.25,False,TREND_SUPPORT_NOT_CONFIRMED|RSI_NOT_BELOW_32|CLOSE_NOT_NEAR_OR_BELOW_LOWER_BB|CLOSE_NOT_ABOVE_MA200|RSI_RECOVERY_NOT_CONFIRMED
2026-10-03T16:10:21.828834+00:00,SIE_OLD_MR_REGIME_EXHAUSTION_CONFIRM_V1,XRP,XRPUSDT,strategy-lab-v1.0.0:SIE_OLD_MR_REGIME_EXHAUSTION_CONFIRM_V1,1791036000000,2026-10-03T14:00:00+00:00,1.4862,1.4912,1.4825,1.4896,50.579150579150514,1.48349,1.4728555465584736,1.5126695000000001,0.005828571428571421,0.003912843332821846,53.28467153284677,1.2499999999999905,False,TREND_SUPPORT_NOT_CONFIRMED|PLANNED_REWARD_TOO_LOW|RSI_NOT_BELOW_32|CLOSE_NOT_NEAR_OR_BELOW_LOWER_BB|CLOSE_NOT_ABOVE_MA200|RSI_RECOVERY_NOT_CONFIRMED
2026-10-03T16:10:21.828834+00:00,SIE_OLD_MR_REGIME_EXHAUSTION_CONFIRM_V1,XRP,XRPUSDT,strategy-lab-v1.0.0:SIE_OLD_MR_REGIME_EXHAUSTION_CONFIRM_V1,1791039600000,2026-10-03T15:00:00+00:00,1.4895,1.4924,1.487,1.4896,50.38759689922476,1.484495,1.4756987564835895,1.5124464999999998,0.005742857142857113,0.003855301519103862,50.579150579150514,1.2499999999999902,False,TREND_SUPPORT_NOT_CONFIRMED|PLANNED_REWARD_TOO_LOW|RSI_NOT_BELOW_32|CLOSE_NOT_NEAR_OR_BELOW_LOWER_BB|CLOSE_NOT_ABOVE_MA200|RSI_RECOVERY_NOT_CONFIRMED
2026-10-03T16:10:21.828834+00:00,SIE_OLD_MR_REGIME_EXHAUSTION_CONFIRM_V1,XRP,XRPUSDT,strategy-lab-v1.0.0:SIE_OLD_MR_REGIME_EXHAUSTION_CONFIRM_V1,1791043200000,2026-10-03T16:00:00+00:00,1.4894,1.4896,1.4872,1.4878,55.31914893617014,1.48528,1.4784707122252037,1.5121714999999998,0.005485714285714253,0.0036871315268949137,50.38759689922476,1.25,False,TREND_SUPPORT_NOT_CONFIRMED|RSI_NOT_BELOW_32|CLOSE_NOT_NEAR_OR_BELOW_LOWER_BB|CLOSE_NOT_ABOVE_MA200|RSI_RECOVERY_NOT_CONFIRMED
2026-10-03T16:10:21.828834+00:00,SIE_OLD_MR_REGIME_EXHAUSTION_CONFIRM_V1,DOGE,DOGEUSDT,strategy-lab-v1.0.0:SIE_OLD_MR_REGIME_EXHAUSTION_CONFIRM_V1,1791028800000,2026-10-03T12:00:00+00:00,0.09277,0.09299,0.09255,0.0927,54.966887417218715,0.0926855,0.09120222693006279,0.0952582,0.00042571428571428524,0.004592387116658956,59.6875000000002,1.2500000000000162,False,TREND_SUPPORT_NOT_CONFIRMED|RSI_NOT_BELOW_32|CLOSE_NOT_NEAR_OR_BELOW_LOWER_BB|CLOSE_NOT_ABOVE_MA200|RSI_RECOVERY_NOT_CONFIRMED
2026-10-03T16:10:21.828834+00:00,SIE_OLD_MR_REGIME_EXHAUSTION_CONFIRM_V1,DOGE,DOGEUSDT,strategy-lab-v1.0.0:SIE_OLD_MR_REGIME_EXHAUSTION_CONFIRM_V1,1791032400000,2026-10-03T13:00:00+00:00,0.09272,0.0929,0.0925,0.0929,50.0,0.0926055,0.0913705024291518,0.09524725,0.00040142857142857043,0.004321082577272018,54.966887417218715,1.2499999999999913,False,TREND_SUPPORT_NOT_CONFIRMED|PLANNED_REWARD_TOO_LOW|RSI_NOT_BELOW_32|CLOSE_NOT_NEAR_OR_BELOW_LOWER_BB|CLOSE_NOT_ABOVE_MA200|RSI_RECOVERY_NOT_CONFIRMED
2026-10-03T16:10:21.828834+00:00,SIE_OLD_MR_REGIME_EXHAUSTION_CONFIRM_V1,DOGE,DOGEUSDT,strategy-lab-v1.0.0:SIE_OLD_MR_REGIME_EXHAUSTION_CONFIRM_V1,1791036000000,2026-10-03T14:00:00+00:00,0.09289,0.09348,0.09266,0.0933,50.0,0.0927165,0.09166437310651188,0.0952389,0.0004085714285714258,0.004379114990047436,50.0,1.25,False,TREND_SUPPORT_NOT_CONFIRMED|RSI_NOT_BELOW_32|CLOSE_NOT_NEAR_OR_BELOW_LOWER_BB|CLOSE_NOT_ABOVE_MA200|RSI_RECOVERY_NOT_CONFIRMED
2026-10-03T16:10:21.828834+00:00,SIE_OLD_MR_REGIME_EXHAUSTION_CONFIRM_V1,DOGE,DOGEUSDT,strategy-lab-v1.0.0:SIE_OLD_MR_REGIME_EXHAUSTION_CONFIRM_V1,1791039600000,2026-10-03T15:00:00+00:00,0.0933,0.09334,0.093,0.09312,49.27536231884035,0.09279849999999999,0.09190025114806585,0.09522715000000001,0.00039499999999999854,0.0042418384879724935,50.0,1.2499999999999911,False,TREND_SUPPORT_NOT_CONFIRMED|PLANNED_REWARD_TOO_LOW|RSI_NOT_BELOW_32|CLOSE_NOT_NEAR_OR_BELOW_LOWER_BB|CLOSE_NOT_ABOVE_MA200|RSI_RECOVERY_NOT_CONFIRMED
2026-10-03T16:10:21.828834+00:00,SIE_OLD_MR_REGIME_EXHAUSTION_CONFIRM_V1,DOGE,DOGEUSDT,strategy-lab-v1.0.0:SIE_OLD_MR_REGIME_EXHAUSTION_CONFIRM_V1,1791043200000,2026-10-03T16:00:00+00:00,0.09309,0.09309,0.09299,0.09305,50.37037037037023,0.0928845,0.09228565193913561,0.09521155,0.0003778571428571411,0.00406079680663236,49.27536231884035,1.250000000000009,False,TREND_SUPPORT_NOT_CONFIRMED|RSI_NOT_BELOW_32|CLOSE_NOT_NEAR_OR_BELOW_LOWER_BB|CLOSE_NOT_ABOVE_MA200|RSI_RECOVERY_NOT_CONFIRMED
2026-10-03T16:10:21.828834+00:00,SIE_OLD_MR_REGIME_EXHAUSTION_CONFIRM_V1,BNB,BNBUSDT,strategy-lab-v1.0.0:SIE_OLD_MR_REGIME_EXHAUSTION_CONFIRM_V1,1791028800000,2026-10-03T12:00:00+00:00,769.96,772.0,769.39,771.57,69.0937257939583,767.6610000000001,763.0250452978938,769.59875,1.8328571428571405,0.002375490419349042,66.07142857142847,1.250000000000031,False,TREND_SUPPORT_NOT_CONFIRMED|RSI_NOT_BELOW_32|CLOSE_NOT_NEAR_OR_BELOW_LOWER_BB
2026-10-03T16:10:21.828834+00:00,SIE_OLD_MR_REGIME_EXHAUSTION_CONFIRM_V1,BNB,BNBUSDT,strategy-lab-v1.0.0:SIE_OLD_MR_REGIME_EXHAUSTION_CONFIRM_V1,1791032400000,2026-10-03T13:00:00+00:00,771.57,774.47,771.13,774.22,71.6820440028389,767.6795,762.9430394016226,769.5958,1.8971428571428532,0.0024503924687335034,69.0937257939583,1.24999999999997,False,TREND_SUPPORT_NOT_CONFIRMED|PLANNED_REWARD_TOO_LOW|RSI_NOT_BELOW_32|CLOSE_NOT_NEAR_OR_BELOW_LOWER_BB
2026-10-03T16:10:21.828834+00:00,SIE_OLD_MR_REGIME_EXHAUSTION_CONFIRM_V1,BNB,BNBUSDT,strategy-lab-v1.0.0:SIE_OLD_MR_REGIME_EXHAUSTION_CONFIRM_V1,1791036000000,2026-10-03T14:00:00+00:00,774.4,778.44,774.01,778.2,76.8963520555878,768.3975,762.107842219168,769.6209999999999,2.0828571428571405,0.0026765062231523264,71.6820440028389,1.2500000000000273,False,TREND_SUPPORT_NOT_CONFIRMED|RSI_NOT_BELOW_32|CLOSE_NOT_NEAR_OR_BELOW_LOWER_BB
2026-10-03T16:10:21.828834+00:00,SIE_OLD_MR_REGIME_EXHAUSTION_CONFIRM_V1,BNB,BNBUSDT,strategy-lab-v1.0.0:SIE_OLD_MR_REGIME_EXHAUSTION_CONFIRM_V1,1791039600000,2026-10-03T15:00:00+00:00,778.35,779.15,775.82,778.71,77.41935483870972,769.018,761.3753993954949,769.64765,2.210714285714281,0.002838944261296607,76.8963520555878,1.2500000000000129,False,TREND_SUPPORT_NOT_CONFIRMED|RSI_NOT_BELOW_32|CLOSE_NOT_NEAR_OR_BELOW_LOWER_BB
2026-10-03T16:10:21.828834+00:00,SIE_OLD_MR_REGIME_EXHAUSTION_CONFIRM_V1,BNB,BNBUSDT,strategy-lab-v1.0.0:SIE_OLD_MR_REGIME_EXHAUSTION_CONFIRM_V1,1791043200000,2026-10-03T16:00:00+00:00,778.31,778.31,777.28,777.64,75.95780122154349,769.6935,761.5281211967856,769.6614,2.212142857142859,0.0028446875895566832,77.41935483870972,1.2500000000000258,False,RSI_NOT_BELOW_32|CLOSE_NOT_NEAR_OR_BELOW_LOWER_BB|RSI_RECOVERY_NOT_CONFIRMED
2026-10-03T16:10:21.828834+00:00,SIE_OLD_MR_REGIME_EXHAUSTION_CONFIRM_V1,PAXG,PAXGUSDT,strategy-lab-v1.0.0:SIE_OLD_MR_REGIME_EXHAUSTION_CONFIRM_V1,1791028800000,2026-10-03T12:00:00+00:00,4147.33,4147.33,4145.82,4146.94,30.781499202549313,4149.121000000001,4142.610200049308,4205.0465,2.6921428571428936,0.000649187800436682,46.930693069305896,1.2500000000000844,False,TREND_SUPPORT_NOT_CONFIRMED|CLOSE_NOT_NEAR_OR_BELOW_LOWER_BB|CLOSE_NOT_ABOVE_MA200|RSI_RECOVERY_NOT_CONFIRMED
2026-10-03T16:10:21.828834+00:00,SIE_OLD_MR_REGIME_EXHAUSTION_CONFIRM_V1,PAXG,PAXGUSDT,strategy-lab-v1.0.0:SIE_OLD_MR_REGIME_EXHAUSTION_CONFIRM_V1,1791032400000,2026-10-03T13:00:00+00:00,4146.94,4147.33,4145.02,4145.12,28.382352941175213,4149.103,4142.550180454344,4204.45865,2.759285714285722,0.0006656708887283654,30.781499202549313,1.2499999999999176,False,TREND_SUPPORT_NOT_CONFIRMED|PLANNED_REWARD_TOO_LOW|CLOSE_NOT_NEAR_OR_BELOW_LOWER_BB|CLOSE_NOT_ABOVE_MA200|RSI_RECOVERY_NOT_CONFIRMED
2026-10-03T16:10:21.828834+00:00,SIE_OLD_MR_REGIME_EXHAUSTION_CONFIRM_V1,PAXG,PAXGUSDT,strategy-lab-v1.0.0:SIE_OLD_MR_REGIME_EXHAUSTION_CONFIRM_V1,1791036000000,2026-10-03T14:00:00+00:00,4145.12,4146.13,4144.4,4145.3,31.26934984520078,4148.401,4143.615442979344,4203.81345,2.7900000000000937,0.0006730514076182891,28.382352941175213,1.2500000000000815,False,TREND_SUPPORT_NOT_CONFIRMED|CLOSE_NOT_NEAR_OR_BELOW_LOWER_BB|CLOSE_NOT_ABOVE_MA200
2026-10-03T16:10:21.828834+00:00,SIE_OLD_MR_REGIME_EXHAUSTION_CONFIRM_V1,PAXG,PAXGUSDT,strategy-lab-v1.0.0:SIE_OLD_MR_REGIME_EXHAUSTION_CONFIRM_V1,1791039600000,2026-10-03T15:00:00+00:00,4146.08,4146.41,4139.29,4146.41,36.02305475504295,4148.062,4143.743691998253,4203.1699499999995,2.9178571428572337,0.0007037068555346031,31.26934984520078,1.249999999999922,False,TREND_SUPPORT_NOT_CONFIRMED|PLANNED_REWARD_TOO_LOW|RSI_NOT_BELOW_32|CLOSE_NOT_NEAR_OR_BELOW_LOWER_BB|CLOSE_NOT_ABOVE_MA200
2026-10-03T16:10:21.828834+00:00,SIE_OLD_MR_REGIME_EXHAUSTION_CONFIRM_V1,PAXG,PAXGUSDT,strategy-lab-v1.0.0:SIE_OLD_MR_REGIME_EXHAUSTION_CONFIRM_V1,1791043200000,2026-10-03T16:00:00+00:00,4146.41,4146.72,4145.65,4146.49,37.16166788588076,4147.948,4143.590273069827,4202.46265,2.777142857142995,0.0006697575195268757,36.02305475504295,1.25,False,TREND_SUPPORT_NOT_CONFIRMED|RSI_NOT_BELOW_32|CLOSE_NOT_NEAR_OR_BELOW_LOWER_BB|CLOSE_NOT_ABOVE_MA200
2026-10-03T21:08:37.977448+00:00,SIE_OLD_MR_REGIME_EXHAUSTION_CONFIRM_V1,BTC,BTCUSDT,strategy-lab-v1.0.0:SIE_OLD_MR_REGIME_EXHAUSTION_CONFIRM_V1,1791046800000,2026-10-03T17:00:00+00:00,84853.13,85000.0,84825.04,84990.97,69.72635866106639,84683.17850000001,84408.46070914874,84165.34135,142.60714285714494,0.0016779093456298349,68.02183323922476,1.2500000000000255,False,RSI_NOT_BELOW_32|CLOSE_NOT_NEAR_OR_BELOW_LOWER_BB
2026-10-03T21:08:37.977448+00:00,SIE_OLD_MR_REGIME_EXHAUSTION_CONFIRM_V1,BTC,BTCUSDT,strategy-lab-v1.0.0:SIE_OLD_MR_REGIME_EXHAUSTION_CONFIRM_V1,1791050400000,2026-10-03T18:00:00+00:00,84990.98,85021.57,84881.86,84933.65,74.44793237936048,84702.38200000001,84414.33295976,84166.46334999999,135.08357142857443,0.00159045998174545,69.72635866106639,1.249999999999946,False,PLANNED_REWARD_TOO_LOW|RSI_NOT_BELOW_32|CLOSE_NOT_NEAR_OR_BELOW_LOWER_BB|RSI_RECOVERY_NOT_CONFIRMED
2026-10-03T21:08:37.977448+00:00,SIE_OLD_MR_REGIME_EXHAUSTION_CONFIRM_V1,BTC,BTCUSDT,strategy-lab-v1.0.0:SIE_OLD_MR_REGIME_EXHAUSTION_CONFIRM_V1,1791054000000,2026-10-03T19:00:00+00:00,84933.66,84936.73,84679.89,84836.99,63.36743228463035,84718.9875,84440.25513052315,84167.7731,145.0750000000023,0.0017100441682337184,74.44793237936048,1.250000000000025,False,RSI_NOT_BELOW_32|CLOSE_NOT_NEAR_OR_BELOW_LOWER_BB|RSI_RECOVERY_NOT_CONFIRMED
2026-10-03T21:08:37.977448+00:00,SIE_OLD_MR_REGIME_EXHAUSTION_CONFIRM_V1,BTC,BTCUSDT,strategy-lab-v1.0.0:SIE_OLD_MR_REGIME_EXHAUSTION_CONFIRM_V1,1791057600000,2026-10-03T20:00:00+00:00,84836.99,84916.61,84698.37,84737.59,60.085407515861036,84722.3815,84444.48005514916,84169.1934,149.23071428571606,0.0017610922647872812,63.36743228463035,1.2500000000000488,False,RSI_NOT_BELOW_32|CLOSE_NOT_NEAR_OR_BELOW_LOWER_BB|RSI_RECOVERY_NOT_CONFIRMED
2026-10-03T21:08:37.977448+00:00,SIE_OLD_MR_REGIME_EXHAUSTION_CONFIRM_V1,BTC,BTCUSDT,strategy-lab-v1.0.0:SIE_OLD_MR_REGIME_EXHAUSTION_CONFIRM_V1,1791061200000,2026-10-03T21:00:00+00:00,84737.6,84768.08,84560.71,84592.92,52.8895619207182,84720.62000000001,84439.91919416009,84172.6442,155.82928571428678,0.0018421078940682835,60.085407515861036,1.2499999999999534,False,PLANNED_REWARD_TOO_LOW|RSI_NOT_BELOW_32|CLOSE_NOT_NEAR_OR_BELOW_LOWER_BB|RSI_RECOVERY_NOT_CONFIRMED
2026-10-03T21:08:37.977448+00:00,SIE_OLD_MR_REGIME_EXHAUSTION_CONFIRM_V1,SOL,SOLUSDT,strategy-lab-v1.0.0:SIE_OLD_MR_REGIME_EXHAUSTION_CONFIRM_V1,1791046800000,2026-10-03T17:00:00+00:00,119.68,120.08,119.64,119.98,61.75298804780874,119.3175,118.59850417247273,119.86804999999998,0.4350000000000013,0.003625604267377907,64.83516483516479,1.25,False,TREND_SUPPORT_NOT_CONFIRMED|RSI_NOT_BELOW_32|CLOSE_NOT_NEAR_OR_BELOW_LOWER_BB|RSI_RECOVERY_NOT_CONFIRMED
2026-10-03T21:08:37.977448+00:00,SIE_OLD_MR_REGIME_EXHAUSTION_CONFIRM_V1,SOL,SOLUSDT,strategy-lab-v1.0.0:SIE_OLD_MR_REGIME_EXHAUSTION_CONFIRM_V1,1791050400000,2026-10-03T18:00:00+00:00,119.98,120.04,119.71,119.92,66.52360515021431,119.38799999999999,118.72523005499521,119.87185,0.4142857142857161,0.0034546840750976993,61.75298804780874,1.25,False,TREND_SUPPORT_NOT_CONFIRMED|RSI_NOT_BELOW_32|CLOSE_NOT_NEAR_OR_BELOW_LOWER_BB|RSI_RECOVERY_NOT_CONFIRMED
2026-10-03T21:08:37.977448+00:00,SIE_OLD_MR_REGIME_EXHAUSTION_CONFIRM_V1,SOL,SOLUSDT,strategy-lab-v1.0.0:SIE_OLD_MR_REGIME_EXHAUSTION_CONFIRM_V1,1791054000000,2026-10-03T19:00:00+00:00,119.94,119.95,119.59,119.78,53.999999999999865,119.446,118.86412716165671,119.8667,0.394285714285716,0.0032917491591727835,66.52360515021431,1.250000000000009,False,TREND_SUPPORT_NOT_CONFIRMED|RSI_NOT_BELOW_32|CLOSE_NOT_NEAR_OR_BELOW_LOWER_BB|CLOSE_NOT_ABOVE_MA200|RSI_RECOVERY_NOT_CONFIRMED
2026-10-03T21:08:37.977448+00:00,SIE_OLD_MR_REGIME_EXHAUSTION_CONFIRM_V1,SOL,SOLUSDT,strategy-lab-v1.0.0:SIE_OLD_MR_REGIME_EXHAUSTION_CONFIRM_V1,1791057600000,2026-10-03T20:00:00+00:00,119.78,120.06,119.68,119.79,59.56284153005473,119.4855,118.9231664690758,119.86210000000001,0.39000000000000157,0.0032556974705735165,53.999999999999865,1.249999999999991,False,TREND_SUPPORT_NOT_CONFIRMED|PLANNED_REWARD_TOO_LOW|RSI_NOT_BELOW_32|CLOSE_NOT_NEAR_OR_BELOW_LOWER_BB|CLOSE_NOT_ABOVE_MA200
2026-10-03T21:08:37.977448+00:00,SIE_OLD_MR_REGIME_EXHAUSTION_CONFIRM_V1,SOL,SOLUSDT,strategy-lab-v1.0.0:SIE_OLD_MR_REGIME_EXHAUSTION_CONFIRM_V1,1791061200000,2026-10-03T21:00:00+00:00,119.81,119.92,119.6,119.6,57.068062827224885,119.50999999999999,118.97312012516606,119.86269999999999,0.38285714285714484,0.0032011466794075656,59.56284153005473,1.2499999999999813,False,TREND_SUPPORT_NOT_CONFIRMED|PLANNED_REWARD_TOO_LOW|RSI_NOT_BELOW_32|CLOSE_NOT_NEAR_OR_BELOW_LOWER_BB|CLOSE_NOT_ABOVE_MA200|RSI_RECOVERY_NOT_CONFIRMED
2026-10-03T21:08:37.977448+00:00,SIE_OLD_MR_REGIME_EXHAUSTION_CONFIRM_V1,XRP,XRPUSDT,strategy-lab-v1.0.0:SIE_OLD_MR_REGIME_EXHAUSTION_CONFIRM_V1,1791046800000,2026-10-03T17:00:00+00:00,1.49,1.4958,1.4882,1.4934,59.53488372093028,1.486235,1.47962643737263,1.5118814999999999,0.005857142857142831,0.003922018787426564,60.63348416289587,1.25,False,TREND_SUPPORT_NOT_CONFIRMED|RSI_NOT_BELOW_32|CLOSE_NOT_NEAR_OR_BELOW_LOWER_BB|CLOSE_NOT_ABOVE_MA200|RSI_RECOVERY_NOT_CONFIRMED
2026-10-03T21:08:37.977448+00:00,SIE_OLD_MR_REGIME_EXHAUSTION_CONFIRM_V1,XRP,XRPUSDT,strategy-lab-v1.0.0:SIE_OLD_MR_REGIME_EXHAUSTION_CONFIRM_V1,1791050400000,2026-10-03T18:00:00+00:00,1.4932,1.4945,1.4881,1.4898,60.09389671361501,1.48671,1.4805239188495567,1.511547,0.005721428571428544,0.0038404004372590574,59.53488372093028,1.25,False,TREND_SUPPORT_NOT_CONFIRMED|RSI_NOT_BELOW_32|CLOSE_NOT_NEAR_OR_BELOW_LOWER_BB|CLOSE_NOT_ABOVE_MA200|RSI_RECOVERY_NOT_CONFIRMED
2026-10-03T21:08:37.977448+00:00,SIE_OLD_MR_REGIME_EXHAUSTION_CONFIRM_V1,XRP,XRPUSDT,strategy-lab-v1.0.0:SIE_OLD_MR_REGIME_EXHAUSTION_CONFIRM_V1,1791054000000,2026-10-03T19:00:00+00:00,1.4897,1.4902,1.4866,1.4883,55.947136563876505,1.4869050000000001,1.4807768763067422,1.5110170000000003,0.005578571428571401,0.0037482842360890955,60.09389671361501,1.25000000000002,False,TREND_SUPPORT_NOT_CONFIRMED|RSI_NOT_BELOW_32|CLOSE_NOT_NEAR_OR_BELOW_LOWER_BB|CLOSE_NOT_ABOVE_MA200|RSI_RECOVERY_NOT_CONFIRMED
2026-10-03T21:08:37.977448+00:00,SIE_OLD_MR_REGIME_EXHAUSTION_CONFIRM_V1,XRP,XRPUSDT,strategy-lab-v1.0.0:SIE_OLD_MR_REGIME_EXHAUSTION_CONFIRM_V1,1791057600000,2026-10-03T20:00:00+00:00,1.4883,1.4919,1.488,1.4901,59.01639344262288,1.486945,1.4807448467760975,1.5104669999999998,0.005528571428571406,0.0037102016163823946,55.947136563876505,1.24999999999999,False,TREND_SUPPORT_NOT_CONFIRMED|PLANNED_REWARD_TOO_LOW|RSI_NOT_BELOW_32|CLOSE_NOT_NEAR_OR_BELOW_LOWER_BB|CLOSE_NOT_ABOVE_MA200
2026-10-03T21:08:37.977448+00:00,SIE_OLD_MR_REGIME_EXHAUSTION_CONFIRM_V1,XRP,XRPUSDT,strategy-lab-v1.0.0:SIE_OLD_MR_REGIME_EXHAUSTION_CONFIRM_V1,1791061200000,2026-10-03T21:00:00+00:00,1.4901,1.4913,1.4869,1.4873,61.53846153846175,1.4868400000000002,1.480739377080997,1.5099895,0.005364285714285695,0.0036067274351413263,59.01639344262288,1.2500000000000207,False,TREND_SUPPORT_NOT_CONFIRMED|RSI_NOT_BELOW_32|CLOSE_NOT_NEAR_OR_BELOW_LOWER_BB|CLOSE_NOT_ABOVE_MA200|RSI_RECOVERY_NOT_CONFIRMED
2026-10-03T21:08:37.977448+00:00,SIE_OLD_MR_REGIME_EXHAUSTION_CONFIRM_V1,DOGE,DOGEUSDT,strategy-lab-v1.0.0:SIE_OLD_MR_REGIME_EXHAUSTION_CONFIRM_V1,1791046800000,2026-10-03T17:00:00+00:00,0.09308,0.09341,0.09306,0.09323,48.6166007905138,0.0929405,0.09242570003885102,0.0951944,0.00038999999999999945,0.004183202831706527,51.12781954887228,1.25,False,TREND_SUPPORT_NOT_CONFIRMED|RSI_NOT_BELOW_32|CLOSE_NOT_NEAR_OR_BELOW_LOWER_BB|CLOSE_NOT_ABOVE_MA200|RSI_RECOVERY_NOT_CONFIRMED
2026-10-03T21:08:37.977448+00:00,SIE_OLD_MR_REGIME_EXHAUSTION_CONFIRM_V1,DOGE,DOGEUSDT,strategy-lab-v1.0.0:SIE_OLD_MR_REGIME_EXHAUSTION_CONFIRM_V1,1791050400000,2026-10-03T18:00:00+00:00,0.09324,0.09329,0.09304,0.09318,55.65610859728517,0.0929795,0.09251908822777975,0.09517590000000001,0.0003699999999999993,0.003970809186520705,48.6166007905138,1.2499999999999907,False,TREND_SUPPORT_NOT_CONFIRMED|PLANNED_REWARD_TOO_LOW|RSI_NOT_BELOW_32|CLOSE_NOT_NEAR_OR_BELOW_LOWER_BB|CLOSE_NOT_ABOVE_MA200|RSI_RECOVERY_NOT_CONFIRMED
2026-10-03T21:08:37.977448+00:00,SIE_OLD_MR_REGIME_EXHAUSTION_CONFIRM_V1,DOGE,DOGEUSDT,strategy-lab-v1.0.0:SIE_OLD_MR_REGIME_EXHAUSTION_CONFIRM_V1,1791054000000,2026-10-03T19:00:00+00:00,0.09316,0.0932,0.093,0.09312,52.51141552511417,0.0929905,0.09252770522907125,0.09515155,0.0003600000000000002,0.0038659793814433013,55.65610859728517,1.2499999999999807,False,TREND_SUPPORT_NOT_CONFIRMED|PLANNED_REWARD_TOO_LOW|RSI_NOT_BELOW_32|CLOSE_NOT_NEAR_OR_BELOW_LOWER_BB|CLOSE_NOT_ABOVE_MA200|RSI_RECOVERY_NOT_CONFIRMED
2026-10-03T21:08:37.977448+00:00,SIE_OLD_MR_REGIME_EXHAUSTION_CONFIRM_V1,DOGE,DOGEUSDT,strategy-lab-v1.0.0:SIE_OLD_MR_REGIME_EXHAUSTION_CONFIRM_V1,1791057600000,2026-10-03T20:00:00+00:00,0.09313,0.09331,0.0931,0.09315,54.88372093023267,0.092983,0.09253591611525464,0.09512385,0.00035571428571428657,0.003818725557856002,52.51141552511417,1.25,False,TREND_SUPPORT_NOT_CONFIRMED|RSI_NOT_BELOW_32|CLOSE_NOT_NEAR_OR_BELOW_LOWER_BB|CLOSE_NOT_ABOVE_MA200
2026-10-03T21:08:37.977448+00:00,SIE_OLD_MR_REGIME_EXHAUSTION_CONFIRM_V1,DOGE,DOGEUSDT,strategy-lab-v1.0.0:SIE_OLD_MR_REGIME_EXHAUSTION_CONFIRM_V1,1791061200000,2026-10-03T21:00:00+00:00,0.09317,0.09318,0.09294,0.09295,57.56097560975632,0.0929725,0.09253273301624725,0.09509909999999999,0.00034571428571428747,0.00371935756551143,54.88372093023267,1.25,False,TREND_SUPPORT_NOT_CONFIRMED|RSI_NOT_BELOW_32|CLOSE_NOT_NEAR_OR_BELOW_LOWER_BB|CLOSE_NOT_ABOVE_MA200|RSI_RECOVERY_NOT_CONFIRMED
2026-10-03T21:08:37.977448+00:00,SIE_OLD_MR_REGIME_EXHAUSTION_CONFIRM_V1,BNB,BNBUSDT,strategy-lab-v1.0.0:SIE_OLD_MR_REGIME_EXHAUSTION_CONFIRM_V1,1791046800000,2026-10-03T17:00:00+00:00,780.09,791.46,779.93,788.28,87.86848072562346,770.9125,759.2236850472337,769.73115,3.1378571428571553,0.003980637771930222,82.21494817239507,1.250000000000009,False,RSI_NOT_BELOW_32|CLOSE_NOT_NEAR_OR_BELOW_LOWER_BB
2026-10-03T21:08:37.977448+00:00,SIE_OLD_MR_REGIME_EXHAUSTION_CONFIRM_V1,BNB,BNBUSDT,strategy-lab-v1.0.0:SIE_OLD_MR_REGIME_EXHAUSTION_CONFIRM_V1,1791050400000,2026-10-03T18:00:00+00:00,788.3,790.02,787.15,789.49,93.18095238095212,772.0550000000001,758.027134160892,769.79485,3.0957142857142963,0.003921157057992244,87.86848072562346,1.249999999999991,False,PLANNED_REWARD_TOO_LOW|RSI_NOT_BELOW_32|CLOSE_NOT_NEAR_OR_BELOW_LOWER_BB
2026-10-03T21:08:37.977448+00:00,SIE_OLD_MR_REGIME_EXHAUSTION_CONFIRM_V1,BNB,BNBUSDT,strategy-lab-v1.0.0:SIE_OLD_MR_REGIME_EXHAUSTION_CONFIRM_V1,1791054000000,2026-10-03T19:00:00+00:00,789.39,792.67,787.42,789.65,93.12596006144366,773.1320000000001,757.2907404541176,769.84725,3.388571428571441,0.004291232101021264,93.18095238095212,1.2500000000000084,False,RSI_NOT_BELOW_32|CLOSE_NOT_NEAR_OR_BELOW_LOWER_BB|RSI_RECOVERY_NOT_CONFIRMED
2026-10-03T21:08:37.977448+00:00,SIE_OLD_MR_REGIME_EXHAUSTION_CONFIRM_V1,BNB,BNBUSDT,strategy-lab-v1.0.0:SIE_OLD_MR_REGIME_EXHAUSTION_CONFIRM_V1,1791057600000,2026-10-03T20:00:00+00:00,789.57,790.62,786.25,786.25,85.62853107344617,773.999,757.3019920045533,769.8908,3.573571428571443,0.004545082898024093,93.12596006144366,1.250000000000008,False,RSI_NOT_BELOW_32|CLOSE_NOT_NEAR_OR_BELOW_LOWER_BB|RSI_RECOVERY_NOT_CONFIRMED
2026-10-03T21:08:37.977448+00:00,SIE_OLD_MR_REGIME_EXHAUSTION_CONFIRM_V1,BNB,BNBUSDT,strategy-lab-v1.0.0:SIE_OLD_MR_REGIME_EXHAUSTION_CONFIRM_V1,1791061200000,2026-10-03T21:00:00+00:00,786.24,787.35,786.01,786.22,87.60838150289032,774.859,757.5170232960596,769.9515000000001,3.590714285714301,0.0045670604738041526,85.62853107344617,1.2499999999999842,False,PLANNED_REWARD_TOO_LOW|RSI_NOT_BELOW_32|CLOSE_NOT_NEAR_OR_BELOW_LOWER_BB|RSI_RECOVERY_NOT_CONFIRMED
2026-10-03T21:08:37.977448+00:00,SIE_OLD_MR_REGIME_EXHAUSTION_CONFIRM_V1,PAXG,PAXGUSDT,strategy-lab-v1.0.0:SIE_OLD_MR_REGIME_EXHAUSTION_CONFIRM_V1,1791046800000,2026-10-03T17:00:00+00:00,4146.03,4148.2,4144.79,4147.44,38.46704871060084,4147.9220000000005,4143.595885808529,4201.7508,3.011428571428626,0.0007260933422614013,39.59212376933901,1.2500000000000755,False,TREND_SUPPORT_NOT_CONFIRMED|RSI_NOT_BELOW_32|CLOSE_NOT_NEAR_OR_BELOW_LOWER_BB|CLOSE_NOT_ABOVE_MA200|RSI_RECOVERY_NOT_CONFIRMED
2026-10-03T21:08:37.977448+00:00,SIE_OLD_MR_REGIME_EXHAUSTION_CONFIRM_V1,PAXG,PAXGUSDT,strategy-lab-v1.0.0:SIE_OLD_MR_REGIME_EXHAUSTION_CONFIRM_V1,1791050400000,2026-10-03T18:00:00+00:00,4147.67,4147.69,4146.19,4146.85,41.66020170675045,4147.6765,4143.706868909123,4200.9625,2.870000000000086,0.0006920915875906014,38.46704871060084,1.2499999999999207,False,TREND_SUPPORT_NOT_CONFIRMED|PLANNED_REWARD_TOO_LOW|RSI_NOT_BELOW_32|CLOSE_NOT_NEAR_OR_BELOW_LOWER_BB|CLOSE_NOT_ABOVE_MA200|RSI_RECOVERY_NOT_CONFIRMED
2026-10-03T21:08:37.977448+00:00,SIE_OLD_MR_REGIME_EXHAUSTION_CONFIRM_V1,PAXG,PAXGUSDT,strategy-lab-v1.0.0:SIE_OLD_MR_REGIME_EXHAUSTION_CONFIRM_V1,1791054000000,2026-10-03T19:00:00+00:00,4146.85,4147.5,4145.32,4146.42,40.961098398169526,4147.4475,4143.752255082859,4200.21165,2.7142857142857792,0.000654609449666406,41.66020170675045,1.25,False,TREND_SUPPORT_NOT_CONFIRMED|RSI_NOT_BELOW_32|CLOSE_NOT_NEAR_OR_BELOW_LOWER_BB|CLOSE_NOT_ABOVE_MA200|RSI_RECOVERY_NOT_CONFIRMED
2026-10-03T21:08:37.977448+00:00,SIE_OLD_MR_REGIME_EXHAUSTION_CONFIRM_V1,PAXG,PAXGUSDT,strategy-lab-v1.0.0:SIE_OLD_MR_REGIME_EXHAUSTION_CONFIRM_V1,1791057600000,2026-10-03T20:00:00+00:00,4145.64,4147.99,4145.36,4147.68,45.83624912526381,4147.3245,4143.838066435788,4199.494750000001,2.7557142857143453,0.0006643989617603925,40.961098398169526,1.2500000000000826,False,TREND_SUPPORT_NOT_CONFIRMED|RSI_NOT_BELOW_32|CLOSE_NOT_NEAR_OR_BELOW_LOWER_BB|CLOSE_NOT_ABOVE_MA200
2026-10-03T21:08:37.977448+00:00,SIE_OLD_MR_REGIME_EXHAUSTION_CONFIRM_V1,PAXG,PAXGUSDT,strategy-lab-v1.0.0:SIE_OLD_MR_REGIME_EXHAUSTION_CONFIRM_V1,1791061200000,2026-10-03T21:00:00+00:00,4147.38,4147.66,4147.38,4147.63,55.69727891156514,4147.1915,4143.975245812648,4198.88165,2.3664285714286444,0.0005705495840826314,45.83624912526381,1.2500000000000961,False,TREND_SUPPORT_NOT_CONFIRMED|RSI_NOT_BELOW_32|CLOSE_NOT_NEAR_OR_BELOW_LOWER_BB|CLOSE_NOT_ABOVE_MA200|RSI_RECOVERY_NOT_CONFIRMED
2026-10-04T00:31:43.355229+00:00,SIE_OLD_MR_REGIME_EXHAUSTION_CONFIRM_V1,BTC,BTCUSDT,strategy-lab-v1.0.0:SIE_OLD_MR_REGIME_EXHAUSTION_CONFIRM_V1,1791064800000,2026-10-03T22:00:00+00:00,84708.57,84799.0,84685.29,84755.94,60.0662677414571,84734.948,84467.90506445731,84176.99130000001,158.31214285714563,0.0018678589707947976,60.39045446741785,1.250000000000046,False,RSI_NOT_BELOW_32|CLOSE_NOT_NEAR_OR_BELOW_LOWER_BB|RSI_RECOVERY_NOT_CONFIRMED
2026-10-04T00:31:43.355229+00:00,SIE_OLD_MR_REGIME_EXHAUSTION_CONFIRM_V1,BTC,BTCUSDT,strategy-lab-v1.0.0:SIE_OLD_MR_REGIME_EXHAUSTION_CONFIRM_V1,1791068400000,2026-10-03T23:00:00+00:00,84755.94,84799.0,84700.69,84742.22,59.775092891065235,84738.0095,84472.10966634405,84181.78245000001,158.5307142857169,0.0018707406330128818,60.0662677414571,1.2500000000000229,False,RSI_NOT_BELOW_32|CLOSE_NOT_NEAR_OR_BELOW_LOWER_BB|RSI_RECOVERY_NOT_CONFIRMED
2026-10-04T00:31:43.355229+00:00,SIE_OLD_MR_REGIME_EXHAUSTION_CONFIRM_V1,BTC,BTCUSDT,strategy-lab-v1.0.0:SIE_OLD_MR_REGIME_EXHAUSTION_CONFIRM_V1,1791072000000,2026-10-04T00:00:00+00:00,84742.22,84864.89,84742.22,84790.56,60.29342110057208,84748.84550000001,84493.12097630653,84187.07764999999,161.10000000000167,0.0018999756576675714,59.775092891065235,1.249999999999955,False,PLANNED_REWARD_TOO_LOW|RSI_NOT_BELOW_32|CLOSE_NOT_NEAR_OR_BELOW_LOWER_BB
2026-10-04T00:31:43.355229+00:00,SIE_OLD_MR_REGIME_EXHAUSTION_CONFIRM_V1,SOL,SOLUSDT,strategy-lab-v1.0.0:SIE_OLD_MR_REGIME_EXHAUSTION_CONFIRM_V1,1791064800000,2026-10-03T22:00:00+00:00,119.62,119.9,119.46,119.71,63.58695652173889,119.55250000000001,119.09055303334496,119.8593,0.39142857142857373,0.0032698067949926803,57.97872340425508,1.2500000000000182,False,TREND_SUPPORT_NOT_CONFIRMED|RSI_NOT_BELOW_32|CLOSE_NOT_NEAR_OR_BELOW_LOWER_BB|CLOSE_NOT_ABOVE_MA200
2026-10-04T00:31:43.355229+00:00,SIE_OLD_MR_REGIME_EXHAUSTION_CONFIRM_V1,SOL,SOLUSDT,strategy-lab-v1.0.0:SIE_OLD_MR_REGIME_EXHAUSTION_CONFIRM_V1,1791068400000,2026-10-03T23:00:00+00:00,119.71,119.81,119.56,119.59,57.526881720430076,119.5625,119.10643531160393,119.8567,0.3878571428571454,0.0032432238720390117,63.58695652173889,1.2500000000000184,False,TREND_SUPPORT_NOT_CONFIRMED|RSI_NOT_BELOW_32|CLOSE_NOT_NEAR_OR_BELOW_LOWER_BB|CLOSE_NOT_ABOVE_MA200|RSI_RECOVERY_NOT_CONFIRMED
2026-10-04T00:31:43.355229+00:00,SIE_OLD_MR_REGIME_EXHAUSTION_CONFIRM_V1,SOL,SOLUSDT,strategy-lab-v1.0.0:SIE_OLD_MR_REGIME_EXHAUSTION_CONFIRM_V1,1791072000000,2026-10-04T00:00:00+00:00,119.61,120.08,119.57,119.94,61.27450980392138,119.602,119.15902821760092,119.85215,0.39714285714285935,0.0033111793992234395,57.526881720430076,1.25,False,TREND_SUPPORT_NOT_CONFIRMED|RSI_NOT_BELOW_32|CLOSE_NOT_NEAR_OR_BELOW_LOWER_BB
2026-10-04T00:31:43.355229+00:00,SIE_OLD_MR_REGIME_EXHAUSTION_CONFIRM_V1,XRP,XRPUSDT,strategy-lab-v1.0.0:SIE_OLD_MR_REGIME_EXHAUSTION_CONFIRM_V1,1791064800000,2026-10-03T22:00:00+00:00,1.4867,1.4893,1.4838,1.4864,60.504201680672026,1.4868700000000001,1.480808943986415,1.5094740000000002,0.005514285714285709,0.003709826234045822,60.25104602510439,1.25,False,TREND_SUPPORT_NOT_CONFIRMED|RSI_NOT_BELOW_32|CLOSE_NOT_NEAR_OR_BELOW_LOWER_BB|CLOSE_NOT_ABOVE_MA200|RSI_RECOVERY_NOT_CONFIRMED
2026-10-04T00:31:43.355229+00:00,SIE_OLD_MR_REGIME_EXHAUSTION_CONFIRM_V1,XRP,XRPUSDT,strategy-lab-v1.0.0:SIE_OLD_MR_REGIME_EXHAUSTION_CONFIRM_V1,1791068400000,2026-10-03T23:00:00+00:00,1.4863,1.4873,1.4845,1.4861,57.07964601769884,1.48671,1.4807458068441894,1.5090215,0.005385714285714295,0.0036240591384928975,60.504201680672026,1.2500000000000102,False,TREND_SUPPORT_NOT_CONFIRMED|RSI_NOT_BELOW_32|CLOSE_NOT_NEAR_OR_BELOW_LOWER_BB|CLOSE_NOT_ABOVE_MA200|RSI_RECOVERY_NOT_CONFIRMED
2026-10-04T00:31:43.355229+00:00,SIE_OLD_MR_REGIME_EXHAUSTION_CONFIRM_V1,XRP,XRPUSDT,strategy-lab-v1.0.0:SIE_OLD_MR_REGIME_EXHAUSTION_CONFIRM_V1,1791072000000,2026-10-04T00:00:00+00:00,1.486,1.4911,1.4853,1.4889,60.56910569105668,1.48688,1.4808698086553074,1.5086550000000003,0.0056357142857142994,0.003785152989263416,57.07964601769884,1.2499999999999902,False,TREND_SUPPORT_NOT_CONFIRMED|PLANNED_REWARD_TOO_LOW|RSI_NOT_BELOW_32|CLOSE_NOT_NEAR_OR_BELOW_LOWER_BB|CLOSE_NOT_ABOVE_MA200
2026-10-04T00:31:43.355229+00:00,SIE_OLD_MR_REGIME_EXHAUSTION_CONFIRM_V1,DOGE,DOGEUSDT,strategy-lab-v1.0.0:SIE_OLD_MR_REGIME_EXHAUSTION_CONFIRM_V1,1791064800000,2026-10-03T22:00:00+00:00,0.09292,0.09306,0.09274,0.09289,60.824742268041504,0.09296449999999999,0.09252393331946283,0.09507439999999999,0.0003542857142857157,0.0038140350337573015,57.00483091787445,1.2499999999999902,False,TREND_SUPPORT_NOT_CONFIRMED|PLANNED_REWARD_TOO_LOW|RSI_NOT_BELOW_32|CLOSE_NOT_NEAR_OR_BELOW_LOWER_BB|CLOSE_NOT_ABOVE_MA200|RSI_RECOVERY_NOT_CONFIRMED
2026-10-04T00:31:43.355229+00:00,SIE_OLD_MR_REGIME_EXHAUSTION_CONFIRM_V1,DOGE,DOGEUSDT,strategy-lab-v1.0.0:SIE_OLD_MR_REGIME_EXHAUSTION_CONFIRM_V1,1791068400000,2026-10-03T23:00:00+00:00,0.0929,0.09294,0.09271,0.09278,51.12359550561794,0.09293850000000001,0.09251934489744307,0.09505115,0.00034285714285714377,0.0036953776983956,60.824742268041504,1.25,False,TREND_SUPPORT_NOT_CONFIRMED|RSI_NOT_BELOW_32|CLOSE_NOT_NEAR_OR_BELOW_LOWER_BB|CLOSE_NOT_ABOVE_MA200|RSI_RECOVERY_NOT_CONFIRMED
2026-10-04T00:31:43.355229+00:00,SIE_OLD_MR_REGIME_EXHAUSTION_CONFIRM_V1,DOGE,DOGEUSDT,strategy-lab-v1.0.0:SIE_OLD_MR_REGIME_EXHAUSTION_CONFIRM_V1,1791072000000,2026-10-04T00:00:00+00:00,0.09281,0.093,0.09279,0.0929,50.56818181818161,0.092937,0.0925175193687433,0.09503,0.0003435714285714292,0.003698293095494394,51.12359550561794,1.25000000000001,False,TREND_SUPPORT_NOT_CONFIRMED|RSI_NOT_BELOW_32|CLOSE_NOT_NEAR_OR_BELOW_LOWER_BB|CLOSE_NOT_ABOVE_MA200|RSI_RECOVERY_NOT_CONFIRMED
2026-10-04T00:31:43.355229+00:00,SIE_OLD_MR_REGIME_EXHAUSTION_CONFIRM_V1,BNB,BNBUSDT,strategy-lab-v1.0.0:SIE_OLD_MR_REGIME_EXHAUSTION_CONFIRM_V1,1791064800000,2026-10-03T22:00:00+00:00,785.17,790.24,784.95,789.09,85.8801380608723,775.8455,757.842949652896,770.01235,3.952857142857153,0.005009386943006695,84.34782608695652,1.250000000000007,False,RSI_NOT_BELOW_32|CLOSE_NOT_NEAR_OR_BELOW_LOWER_BB
2026-10-04T00:31:43.355229+00:00,SIE_OLD_MR_REGIME_EXHAUSTION_CONFIRM_V1,BNB,BNBUSDT,strategy-lab-v1.0.0:SIE_OLD_MR_REGIME_EXHAUSTION_CONFIRM_V1,1791068400000,2026-10-03T23:00:00+00:00,789.03,789.5,786.52,786.91,79.65275662503791,776.7790000000001,758.5164143123158,770.0745,4.0414285714285825,0.005135820578501459,85.8801380608723,1.250000000000007,False,RSI_NOT_BELOW_32|CLOSE_NOT_NEAR_OR_BELOW_LOWER_BB|RSI_RECOVERY_NOT_CONFIRMED
2026-10-04T00:31:43.355229+00:00,SIE_OLD_MR_REGIME_EXHAUSTION_CONFIRM_V1,BNB,BNBUSDT,strategy-lab-v1.0.0:SIE_OLD_MR_REGIME_EXHAUSTION_CONFIRM_V1,1791072000000,2026-10-04T00:00:00+00:00,787.36,787.67,785.96,786.4,77.60124610591893,777.758,759.6371649199046,770.1439,4.031428571428576,0.005126435111175707,79.65275662503791,1.249999999999993,False,PLANNED_REWARD_TOO_LOW|RSI_NOT_BELOW_32|CLOSE_NOT_NEAR_OR_BELOW_LOWER_BB|RSI_RECOVERY_NOT_CONFIRMED
2026-10-04T00:31:43.355229+00:00,SIE_OLD_MR_REGIME_EXHAUSTION_CONFIRM_V1,PAXG,PAXGUSDT,strategy-lab-v1.0.0:SIE_OLD_MR_REGIME_EXHAUSTION_CONFIRM_V1,1791064800000,2026-10-03T22:00:00+00:00,4146.64,4147.33,4145.79,4147.33,63.10211946050205,4147.0599999999995,4144.10893917415,4198.2572,2.4850000000000625,0.0005991806776890343,55.88737201365221,1.2500000000000915,False,TREND_SUPPORT_NOT_CONFIRMED|RSI_NOT_BELOW_32|CLOSE_NOT_NEAR_OR_BELOW_LOWER_BB|CLOSE_NOT_ABOVE_MA200|RSI_RECOVERY_NOT_CONFIRMED
2026-10-04T00:31:43.355229+00:00,SIE_OLD_MR_REGIME_EXHAUSTION_CONFIRM_V1,PAXG,PAXGUSDT,strategy-lab-v1.0.0:SIE_OLD_MR_REGIME_EXHAUSTION_CONFIRM_V1,1791068400000,2026-10-03T23:00:00+00:00,4147.2,4147.46,4142.71,4146.81,58.571428571430175,4146.867499999999,4144.4218845359765,4197.56275,2.7571428571428833,0.0006648828514310718,63.10211946050205,1.25,False,TREND_SUPPORT_NOT_CONFIRMED|RSI_NOT_BELOW_32|CLOSE_NOT_NEAR_OR_BELOW_LOWER_BB|CLOSE_NOT_ABOVE_MA200|RSI_RECOVERY_NOT_CONFIRMED
2026-10-04T00:31:43.355229+00:00,SIE_OLD_MR_REGIME_EXHAUSTION_CONFIRM_V1,PAXG,PAXGUSDT,strategy-lab-v1.0.0:SIE_OLD_MR_REGIME_EXHAUSTION_CONFIRM_V1,1791072000000,2026-10-04T00:00:00+00:00,4147.28,4148.06,4146.88,4147.01,54.30672268907909,4146.768,4144.523900180949,4196.8943,2.659285714285748,0.0006412537501201463,58.571428571430175,1.25,False,TREND_SUPPORT_NOT_CONFIRMED|RSI_NOT_BELOW_32|CLOSE_NOT_NEAR_OR_BELOW_LOWER_BB|CLOSE_NOT_ABOVE_MA200|RSI_RECOVERY_NOT_CONFIRMED
2026-10-04T08:20:46.242090+00:00,SIE_OLD_MR_REGIME_EXHAUSTION_CONFIRM_V1,BTC,BTCUSDT,strategy-lab-v1.0.0:SIE_OLD_MR_REGIME_EXHAUSTION_CONFIRM_V1,1791075600000,2026-10-04T01:00:00+00:00,84786.9,84807.07,84700.02,84794.7,58.44317618496797,84756.936,84506.6698633867,84192.22365,162.7142857142878,0.0019189204716130585,60.11564924608416,1.2500000000000446,False,RSI_NOT_BELOW_32|CLOSE_NOT_NEAR_OR_BELOW_LOWER_BB|RSI_RECOVERY_NOT_CONFIRMED
2026-10-04T08:20:46.242090+00:00,SIE_OLD_MR_REGIME_EXHAUSTION_CONFIRM_V1,BTC,BTCUSDT,strategy-lab-v1.0.0:SIE_OLD_MR_REGIME_EXHAUSTION_CONFIRM_V1,1791079200000,2026-10-04T02:00:00+00:00,84794.7,84864.0,84757.54,84790.05,43.6502676523069,84767.825,84532.11785344024,84196.42395,151.86357142857327,0.0017910541558658506,58.44317618496797,1.25,False,RSI_NOT_BELOW_32|CLOSE_NOT_NEAR_OR_BELOW_LOWER_BB|RSI_RECOVERY_NOT_CONFIRMED
2026-10-04T08:20:46.242090+00:00,SIE_OLD_MR_REGIME_EXHAUSTION_CONFIRM_V1,BTC,BTCUSDT,strategy-lab-v1.0.0:SIE_OLD_MR_REGIME_EXHAUSTION_CONFIRM_V1,1791082800000,2026-10-04T03:00:00+00:00,84790.05,84876.41,84767.0,84824.36,47.31240453673886,84782.0875,84570.14101072891,84200.528,146.05357142857352,0.0017218352302165736,43.6502676523069,1.25,False,RSI_NOT_BELOW_32|CLOSE_NOT_NEAR_OR_BELOW_LOWER_BB
2026-10-04T08:20:46.242090+00:00,SIE_OLD_MR_REGIME_EXHAUSTION_CONFIRM_V1,BTC,BTCUSDT,strategy-lab-v1.0.0:SIE_OLD_MR_REGIME_EXHAUSTION_CONFIRM_V1,1791086400000,2026-10-04T04:00:00+00:00,84824.37,84840.47,84797.3,84805.01,46.93867681196706,84792.68299999999,84599.20408899589,84205.2149,140.3721428571454,0.0016552340817735346,47.31240453673886,1.2499999999999483,False,PLANNED_REWARD_TOO_LOW|RSI_NOT_BELOW_32|CLOSE_NOT_NEAR_OR_BELOW_LOWER_BB|RSI_RECOVERY_NOT_CONFIRMED
2026-10-04T08:20:46.242090+00:00,SIE_OLD_MR_REGIME_EXHAUSTION_CONFIRM_V1,BTC,BTCUSDT,strategy-lab-v1.0.0:SIE_OLD_MR_REGIME_EXHAUSTION_CONFIRM_V1,1791090000000,2026-10-04T05:00:00+00:00,84805.01,84919.31,84805.01,84896.55,52.482351412608814,84808.34449999999,84635.5901765857,84210.75790000001,138.260714285717,0.0016285787147500928,46.93867681196706,1.25,False,RSI_NOT_BELOW_32|CLOSE_NOT_NEAR_OR_BELOW_LOWER_BB
2026-10-04T08:20:46.242090+00:00,SIE_OLD_MR_REGIME_EXHAUSTION_CONFIRM_V1,BTC,BTCUSDT,strategy-lab-v1.0.0:SIE_OLD_MR_REGIME_EXHAUSTION_CONFIRM_V1,1791093600000,2026-10-04T06:00:00+00:00,84896.56,85064.7,84855.16,85013.21,60.00099960016014,84827.9525,84655.66120516963,84215.53035,146.05214285714464,0.0017179935077989014,52.482351412608814,1.2499999999999503,False,PLANNED_REWARD_TOO_LOW|RSI_NOT_BELOW_32|CLOSE_NOT_NEAR_OR_BELOW_LOWER_BB
2026-10-04T08:20:46.242090+00:00,SIE_OLD_MR_REGIME_EXHAUSTION_CONFIRM_V1,BTC,BTCUSDT,strategy-lab-v1.0.0:SIE_OLD_MR_REGIME_EXHAUSTION_CONFIRM_V1,1791097200000,2026-10-04T07:00:00+00:00,85013.22,85103.73,84908.56,85098.59,57.195196961998064,84849.7895,84657.67548390976,84220.55765,147.49571428571548,0.0017332333507019974,60.00099960016014,1.2499999999999754,False,PLANNED_REWARD_TOO_LOW|RSI_NOT_BELOW_32|CLOSE_NOT_NEAR_OR_BELOW_LOWER_BB|RSI_RECOVERY_NOT_CONFIRMED
2026-10-04T08:20:46.242090+00:00,SIE_OLD_MR_REGIME_EXHAUSTION_CONFIRM_V1,BTC,BTCUSDT,strategy-lab-v1.0.0:SIE_OLD_MR_REGIME_EXHAUSTION_CONFIRM_V1,1791100800000,2026-10-04T08:00:00+00:00,85098.6,85179.99,85074.05,85127.79,63.48681468308041,84862.94,84635.72211963114,84226.67259999999,145.08357142857236,0.0017043032766217985,57.195196961998064,1.2500000000000502,False,RSI_NOT_BELOW_32|CLOSE_NOT_NEAR_OR_BELOW_LOWER_BB
2026-10-04T08:20:46.242090+00:00,SIE_OLD_MR_REGIME_EXHAUSTION_CONFIRM_V1,SOL,SOLUSDT,strategy-lab-v1.0.0:SIE_OLD_MR_REGIME_EXHAUSTION_CONFIRM_V1,1791075600000,2026-10-04T01:00:00+00:00,120.18,120.38,119.92,120.13,69.48356807511723,119.63899999999998,119.10223561966271,119.84905,0.422857142857145,0.0035199961945987265,65.19823788546245,1.25,False,TREND_SUPPORT_NOT_CONFIRMED|RSI_NOT_BELOW_32|CLOSE_NOT_NEAR_OR_BELOW_LOWER_BB|RSI_RECOVERY_NOT_CONFIRMED
2026-10-04T08:20:46.242090+00:00,SIE_OLD_MR_REGIME_EXHAUSTION_CONFIRM_V1,SOL,SOLUSDT,strategy-lab-v1.0.0:SIE_OLD_MR_REGIME_EXHAUSTION_CONFIRM_V1,1791079200000,2026-10-04T02:00:00+00:00,120.13,120.42,119.99,120.4,70.9821428571429,119.68699999999998,119.06506431200738,119.84145000000001,0.4164285714285733,0.0034587090650213727,69.48356807511723,1.2500000000000084,False,TREND_SUPPORT_NOT_CONFIRMED|RSI_NOT_BELOW_32|CLOSE_NOT_NEAR_OR_BELOW_LOWER_BB
2026-10-04T08:20:46.242090+00:00,SIE_OLD_MR_REGIME_EXHAUSTION_CONFIRM_V1,SOL,SOLUSDT,strategy-lab-v1.0.0:SIE_OLD_MR_REGIME_EXHAUSTION_CONFIRM_V1,1791082800000,2026-10-04T03:00:00+00:00,120.4,121.28,120.16,120.75,76.37795275590537,119.758,119.0049103639016,119.8358,0.47428571428571636,0.003927832002366181,70.9821428571429,1.25,False,TREND_SUPPORT_NOT_CONFIRMED|RSI_NOT_BELOW_32|CLOSE_NOT_NEAR_OR_BELOW_LOWER_BB
2026-10-04T08:20:46.242090+00:00,SIE_OLD_MR_REGIME_EXHAUSTION_CONFIRM_V1,SOL,SOLUSDT,strategy-lab-v1.0.0:SIE_OLD_MR_REGIME_EXHAUSTION_CONFIRM_V1,1791086400000,2026-10-04T04:00:00+00:00,120.76,120.83,120.48,120.62,68.53448275862061,119.82849999999999,119.03112242319037,119.8311,0.45000000000000184,0.0037307245896203104,76.37795275590537,1.249999999999992,False,TREND_SUPPORT_NOT_CONFIRMED|PLANNED_REWARD_TOO_LOW|RSI_NOT_BELOW_32|CLOSE_NOT_NEAR_OR_BELOW_LOWER_BB|RSI_RECOVERY_NOT_CONFIRMED
2026-10-04T08:20:46.242090+00:00,SIE_OLD_MR_REGIME_EXHAUSTION_CONFIRM_V1,SOL,SOLUSDT,strategy-lab-v1.0.0:SIE_OLD_MR_REGIME_EXHAUSTION_CONFIRM_V1,1791090000000,2026-10-04T05:00:00+00:00,120.62,121.06,120.61,120.81,73.2510288065842,119.90350000000001,119.03619901418324,119.8302,0.45714285714285957,0.003783981931486297,68.53448275862061,1.25,False,RSI_NOT_BELOW_32|CLOSE_NOT_NEAR_OR_BELOW_LOWER_BB
2026-10-04T08:20:46.242090+00:00,SIE_OLD_MR_REGIME_EXHAUSTION_CONFIRM_V1,SOL,SOLUSDT,strategy-lab-v1.0.0:SIE_OLD_MR_REGIME_EXHAUSTION_CONFIRM_V1,1791093600000,2026-10-04T06:00:00+00:00,120.81,121.09,120.65,120.94,74.40944881889747,119.97649999999999,119.02261793181823,119.82405,0.46714285714285964,0.003862600108672562,73.2510288065842,1.2499999999999925,False,PLANNED_REWARD_TOO_LOW|RSI_NOT_BELOW_32|CLOSE_NOT_NEAR_OR_BELOW_LOWER_BB
2026-10-04T08:20:46.242090+00:00,SIE_OLD_MR_REGIME_EXHAUSTION_CONFIRM_V1,SOL,SOLUSDT,strategy-lab-v1.0.0:SIE_OLD_MR_REGIME_EXHAUSTION_CONFIRM_V1,1791097200000,2026-10-04T07:00:00+00:00,120.96,121.3,120.88,121.11,73.2510288065842,120.06700000000001,119.04593976671372,119.819,0.46571428571428847,0.00384538259197662,74.40944881889747,1.25,False,RSI_NOT_BELOW_32|CLOSE_NOT_NEAR_OR_BELOW_LOWER_BB|RSI_RECOVERY_NOT_CONFIRMED
2026-10-04T08:20:46.242090+00:00,SIE_OLD_MR_REGIME_EXHAUSTION_CONFIRM_V1,SOL,SOLUSDT,strategy-lab-v1.0.0:SIE_OLD_MR_REGIME_EXHAUSTION_CONFIRM_V1,1791100800000,2026-10-04T08:00:00+00:00,121.13,121.23,120.92,121.03,72.65306122448976,120.14550000000001,119.08262700664727,119.81655,0.4642857142857163,0.0038361209145312426,73.2510288065842,1.25,False,RSI_NOT_BELOW_32|CLOSE_NOT_NEAR_OR_BELOW_LOWER_BB|RSI_RECOVERY_NOT_CONFIRMED
2026-10-04T08:20:46.242090+00:00,SIE_OLD_MR_REGIME_EXHAUSTION_CONFIRM_V1,XRP,XRPUSDT,strategy-lab-v1.0.0:SIE_OLD_MR_REGIME_EXHAUSTION_CONFIRM_V1,1791075600000,2026-10-04T01:00:00+00:00,1.4882,1.4899,1.4868,1.4881,55.045871559632964,1.48697,1.4810040633593573,1.5082715000000002,0.005364285714285742,0.003604788464676932,59.41422594142248,1.2499999999999793,False,TREND_SUPPORT_NOT_CONFIRMED|PLANNED_REWARD_TOO_LOW|RSI_NOT_BELOW_32|CLOSE_NOT_NEAR_OR_BELOW_LOWER_BB|CLOSE_NOT_ABOVE_MA200|RSI_RECOVERY_NOT_CONFIRMED
2026-10-04T08:20:46.242090+00:00,SIE_OLD_MR_REGIME_EXHAUSTION_CONFIRM_V1,XRP,XRPUSDT,strategy-lab-v1.0.0:SIE_OLD_MR_REGIME_EXHAUSTION_CONFIRM_V1,1791079200000,2026-10-04T02:00:00+00:00,1.4881,1.4914,1.4878,1.4893,58.92857142857136,1.48715,1.4811311961321072,1.5078775000000002,0.005150000000000036,0.0034580004028738572,55.045871559632964,1.2500000000000215,False,TREND_SUPPORT_NOT_CONFIRMED|RSI_NOT_BELOW_32|CLOSE_NOT_NEAR_OR_BELOW_LOWER_BB|CLOSE_NOT_ABOVE_MA200
2026-10-04T08:20:46.242090+00:00,SIE_OLD_MR_REGIME_EXHAUSTION_CONFIRM_V1,XRP,XRPUSDT,strategy-lab-v1.0.0:SIE_OLD_MR_REGIME_EXHAUSTION_CONFIRM_V1,1791082800000,2026-10-04T03:00:00+00:00,1.4892,1.4915,1.4874,1.4897,57.990867579908716,1.4875399999999999,1.4819359300503865,1.507466,0.005128571428571467,0.0034426874059015015,58.92857142857136,1.2499999999999891,False,TREND_SUPPORT_NOT_CONFIRMED|PLANNED_REWARD_TOO_LOW|RSI_NOT_BELOW_32|CLOSE_NOT_NEAR_OR_BELOW_LOWER_BB|CLOSE_NOT_ABOVE_MA200|RSI_RECOVERY_NOT_CONFIRMED
2026-10-04T08:20:46.242090+00:00,SIE_OLD_MR_REGIME_EXHAUSTION_CONFIRM_V1,XRP,XRPUSDT,strategy-lab-v1.0.0:SIE_OLD_MR_REGIME_EXHAUSTION_CONFIRM_V1,1791086400000,2026-10-04T04:00:00+00:00,1.4895,1.492,1.4886,1.4915,54.679802955665004,1.488045,1.4829477556464148,1.5071195,0.004750000000000032,0.0031847133757961998,57.990867579908716,1.2500000000000233,False,TREND_SUPPORT_NOT_CONFIRMED|RSI_NOT_BELOW_32|CLOSE_NOT_NEAR_OR_BELOW_LOWER_BB|CLOSE_NOT_ABOVE_MA200|RSI_RECOVERY_NOT_CONFIRMED
2026-10-04T08:20:46.242090+00:00,SIE_OLD_MR_REGIME_EXHAUSTION_CONFIRM_V1,XRP,XRPUSDT,strategy-lab-v1.0.0:SIE_OLD_MR_REGIME_EXHAUSTION_CONFIRM_V1,1791090000000,2026-10-04T05:00:00+00:00,1.4914,1.4933,1.4903,1.4917,55.121951219512134,1.488485,1.4837326216480426,1.506821,0.0045785714285714795,0.0030693647707792982,54.679802955665004,1.25,False,TREND_SUPPORT_NOT_CONFIRMED|RSI_NOT_BELOW_32|CLOSE_NOT_NEAR_OR_BELOW_LOWER_BB|CLOSE_NOT_ABOVE_MA200
2026-10-04T08:20:46.242090+00:00,SIE_OLD_MR_REGIME_EXHAUSTION_CONFIRM_V1,XRP,XRPUSDT,strategy-lab-v1.0.0:SIE_OLD_MR_REGIME_EXHAUSTION_CONFIRM_V1,1791093600000,2026-10-04T06:00:00+00:00,1.4916,1.4992,1.491,1.497,63.77952755905518,1.48915,1.4836058138559252,1.5064629999999999,0.0047714285714286165,0.0031873270350224556,55.121951219512134,1.2500000000000115,False,TREND_SUPPORT_NOT_CONFIRMED|RSI_NOT_BELOW_32|CLOSE_NOT_NEAR_OR_BELOW_LOWER_BB|CLOSE_NOT_ABOVE_MA200
2026-10-04T08:20:46.242090+00:00,SIE_OLD_MR_REGIME_EXHAUSTION_CONFIRM_V1,XRP,XRPUSDT,strategy-lab-v1.0.0:SIE_OLD_MR_REGIME_EXHAUSTION_CONFIRM_V1,1791097200000,2026-10-04T07:00:00+00:00,1.4969,1.4996,1.4927,1.499,61.66666666666666,1.489805,1.4829995683457884,1.5061165,0.004721428571428622,0.0031497188601925428,63.77952755905518,1.2500000000000235,False,TREND_SUPPORT_NOT_CONFIRMED|RSI_NOT_BELOW_32|CLOSE_NOT_NEAR_OR_BELOW_LOWER_BB|CLOSE_NOT_ABOVE_MA200|RSI_RECOVERY_NOT_CONFIRMED
2026-10-04T08:20:46.242090+00:00,SIE_OLD_MR_REGIME_EXHAUSTION_CONFIRM_V1,XRP,XRPUSDT,strategy-lab-v1.0.0:SIE_OLD_MR_REGIME_EXHAUSTION_CONFIRM_V1,1791100800000,2026-10-04T08:00:00+00:00,1.499,1.501,1.4968,1.4979,68.8372093023253,1.490435,1.4831019856129868,1.505788,0.004564285714285766,0.0030471231152184833,61.66666666666666,1.2500000000000244,False,TREND_SUPPORT_NOT_CONFIRMED|RSI_NOT_BELOW_32|CLOSE_NOT_NEAR_OR_BELOW_LOWER_BB|CLOSE_NOT_ABOVE_MA200|RSI_RECOVERY_NOT_CONFIRMED
2026-10-04T08:20:46.242090+00:00,SIE_OLD_MR_REGIME_EXHAUSTION_CONFIRM_V1,DOGE,DOGEUSDT,strategy-lab-v1.0.0:SIE_OLD_MR_REGIME_EXHAUSTION_CONFIRM_V1,1791075600000,2026-10-04T01:00:00+00:00,0.09293,0.09297,0.09265,0.09277,50.0,0.0929245,0.09250021354016458,0.09500829999999999,0.00035642857142857205,0.0038420671707294603,50.28571428571418,1.2500000000000098,False,TREND_SUPPORT_NOT_CONFIRMED|RSI_NOT_BELOW_32|CLOSE_NOT_NEAR_OR_BELOW_LOWER_BB|CLOSE_NOT_ABOVE_MA200|RSI_RECOVERY_NOT_CONFIRMED
2026-10-04T08:20:46.242090+00:00,SIE_OLD_MR_REGIME_EXHAUSTION_CONFIRM_V1,DOGE,DOGEUSDT,strategy-lab-v1.0.0:SIE_OLD_MR_REGIME_EXHAUSTION_CONFIRM_V1,1791079200000,2026-10-04T02:00:00+00:00,0.09281,0.09297,0.09267,0.09274,51.1627906976744,0.0929145,0.09248278365794232,0.09498424999999999,0.00034642857142857094,0.003735481684586704,50.0,1.25000000000001,False,TREND_SUPPORT_NOT_CONFIRMED|RSI_NOT_BELOW_32|CLOSE_NOT_NEAR_OR_BELOW_LOWER_BB|CLOSE_NOT_ABOVE_MA200|RSI_RECOVERY_NOT_CONFIRMED
2026-10-04T08:20:46.242090+00:00,SIE_OLD_MR_REGIME_EXHAUSTION_CONFIRM_V1,DOGE,DOGEUSDT,strategy-lab-v1.0.0:SIE_OLD_MR_REGIME_EXHAUSTION_CONFIRM_V1,1791082800000,2026-10-04T03:00:00+00:00,0.0927,0.09287,0.09252,0.09265,42.236024844720355,0.092915,0.09248453513499977,0.09495695,0.00034285714285714177,0.0037005627939248977,51.1627906976744,1.25,False,TREND_SUPPORT_NOT_CONFIRMED|RSI_NOT_BELOW_32|CLOSE_NOT_NEAR_OR_BELOW_LOWER_BB|CLOSE_NOT_ABOVE_MA200|RSI_RECOVERY_NOT_CONFIRMED
2026-10-04T08:20:46.242090+00:00,SIE_OLD_MR_REGIME_EXHAUSTION_CONFIRM_V1,DOGE,DOGEUSDT,strategy-lab-v1.0.0:SIE_OLD_MR_REGIME_EXHAUSTION_CONFIRM_V1,1791086400000,2026-10-04T04:00:00+00:00,0.09263,0.09277,0.0926,0.09277,30.075187969924983,0.09293,0.09254399481868805,0.09493164999999999,0.0002964285714285715,0.003195306364434316,42.236024844720355,1.2500000000000118,False,TREND_SUPPORT_NOT_CONFIRMED|CLOSE_NOT_NEAR_OR_BELOW_LOWER_BB|CLOSE_NOT_ABOVE_MA200|RSI_RECOVERY_NOT_CONFIRMED
2026-10-04T08:20:46.242090+00:00,SIE_OLD_MR_REGIME_EXHAUSTION_CONFIRM_V1,DOGE,DOGEUSDT,strategy-lab-v1.0.0:SIE_OLD_MR_REGIME_EXHAUSTION_CONFIRM_V1,1791090000000,2026-10-04T05:00:00+00:00,0.09274,0.09292,0.0927,0.09278,35.34482758620695,0.092932,0.09254955523274638,0.0949068,0.00028785714285714227,0.0031025775259446247,30.075187969924983,1.2500000000000242,False,TREND_SUPPORT_NOT_CONFIRMED|RSI_NOT_BELOW_32|CLOSE_NOT_NEAR_OR_BELOW_LOWER_BB|CLOSE_NOT_ABOVE_MA200
2026-10-04T08:20:46.242090+00:00,SIE_OLD_MR_REGIME_EXHAUSTION_CONFIRM_V1,DOGE,DOGEUSDT,strategy-lab-v1.0.0:SIE_OLD_MR_REGIME_EXHAUSTION_CONFIRM_V1,1791093600000,2026-10-04T06:00:00+00:00,0.0928,0.09323,0.09273,0.09306,48.93617021276587,0.092941,0.09255541473057224,0.0948756,0.0002957142857142841,0.0031776733904393304,35.34482758620695,1.25,False,TREND_SUPPORT_NOT_CONFIRMED|RSI_NOT_BELOW_32|CLOSE_NOT_NEAR_OR_BELOW_LOWER_BB|CLOSE_NOT_ABOVE_MA200
2026-10-04T08:20:46.242090+00:00,SIE_OLD_MR_REGIME_EXHAUSTION_CONFIRM_V1,DOGE,DOGEUSDT,strategy-lab-v1.0.0:SIE_OLD_MR_REGIME_EXHAUSTION_CONFIRM_V1,1791097200000,2026-10-04T07:00:00+00:00,0.09306,0.09349,0.09297,0.09349,57.64705882352968,0.092977,0.09253211349762026,0.09484825000000001,0.00030785714285714146,0.003292941949482741,48.93617021276587,1.25,False,TREND_SUPPORT_NOT_CONFIRMED|RSI_NOT_BELOW_32|CLOSE_NOT_NEAR_OR_BELOW_LOWER_BB|CLOSE_NOT_ABOVE_MA200
2026-10-04T08:20:46.242090+00:00,SIE_OLD_MR_REGIME_EXHAUSTION_CONFIRM_V1,DOGE,DOGEUSDT,strategy-lab-v1.0.0:SIE_OLD_MR_REGIME_EXHAUSTION_CONFIRM_V1,1791100800000,2026-10-04T08:00:00+00:00,0.09349,0.09355,0.09327,0.09336,55.05617977528084,0.09301,0.0925544124672473,0.0948222,0.0003099999999999978,0.0033204798628962916,57.64705882352968,1.2500000000000224,False,TREND_SUPPORT_NOT_CONFIRMED|RSI_NOT_BELOW_32|CLOSE_NOT_NEAR_OR_BELOW_LOWER_BB|CLOSE_NOT_ABOVE_MA200|RSI_RECOVERY_NOT_CONFIRMED
2026-10-04T08:20:46.242090+00:00,SIE_OLD_MR_REGIME_EXHAUSTION_CONFIRM_V1,BNB,BNBUSDT,strategy-lab-v1.0.0:SIE_OLD_MR_REGIME_EXHAUSTION_CONFIRM_V1,1791075600000,2026-10-04T01:00:00+00:00,785.36,785.64,782.89,784.19,71.38508371385092,778.554,760.9964450449384,770.1904499999999,4.230714285714295,0.0053950117773936095,75.07534659433404,1.2500000000000067,False,RSI_NOT_BELOW_32|CLOSE_NOT_NEAR_OR_BELOW_LOWER_BB|RSI_RECOVERY_NOT_CONFIRMED
2026-10-04T08:20:46.242090+00:00,SIE_OLD_MR_REGIME_EXHAUSTION_CONFIRM_V1,BNB,BNBUSDT,strategy-lab-v1.0.0:SIE_OLD_MR_REGIME_EXHAUSTION_CONFIRM_V1,1791079200000,2026-10-04T02:00:00+00:00,783.97,784.54,782.32,783.3,68.15227483751143,779.4155,762.7231706538599,770.2327,4.2028571428571455,0.005365577866535358,71.38508371385092,1.2500000000000067,False,RSI_NOT_BELOW_32|CLOSE_NOT_NEAR_OR_BELOW_LOWER_BB|RSI_RECOVERY_NOT_CONFIRMED
2026-10-04T08:20:46.242090+00:00,SIE_OLD_MR_REGIME_EXHAUSTION_CONFIRM_V1,BNB,BNBUSDT,strategy-lab-v1.0.0:SIE_OLD_MR_REGIME_EXHAUSTION_CONFIRM_V1,1791082800000,2026-10-04T03:00:00+00:00,783.54,785.67,782.73,784.79,66.9662921348313,780.385,764.8490951341736,770.2817,4.17428571428571,0.005318984332478383,68.15227483751143,1.2500000000000069,False,RSI_NOT_BELOW_32|CLOSE_NOT_NEAR_OR_BELOW_LOWER_BB|RSI_RECOVERY_NOT_CONFIRMED
2026-10-04T08:20:46.242090+00:00,SIE_OLD_MR_REGIME_EXHAUSTION_CONFIRM_V1,BNB,BNBUSDT,strategy-lab-v1.0.0:SIE_OLD_MR_REGIME_EXHAUSTION_CONFIRM_V1,1791086400000,2026-10-04T04:00:00+00:00,784.83,785.14,783.32,784.87,62.23853211009161,781.3174999999999,767.1125813096303,770.3411499999999,3.9878571428571297,0.005080914218733204,66.9662921348313,1.25,False,RSI_NOT_BELOW_32|CLOSE_NOT_NEAR_OR_BELOW_LOWER_BB|RSI_RECOVERY_NOT_CONFIRMED
2026-10-04T08:20:46.242090+00:00,SIE_OLD_MR_REGIME_EXHAUSTION_CONFIRM_V1,BNB,BNBUSDT,strategy-lab-v1.0.0:SIE_OLD_MR_REGIME_EXHAUSTION_CONFIRM_V1,1791090000000,2026-10-04T05:00:00+00:00,784.81,787.45,784.81,786.48,63.70370370370361,782.2695000000001,769.4255216832942,770.4097999999999,3.9385714285714277,0.005007846898295478,62.23853211009161,1.249999999999993,False,PLANNED_REWARD_TOO_LOW|RSI_NOT_BELOW_32|CLOSE_NOT_NEAR_OR_BELOW_LOWER_BB
2026-10-04T08:20:46.242090+00:00,SIE_OLD_MR_REGIME_EXHAUSTION_CONFIRM_V1,BNB,BNBUSDT,strategy-lab-v1.0.0:SIE_OLD_MR_REGIME_EXHAUSTION_CONFIRM_V1,1791093600000,2026-10-04T06:00:00+00:00,786.68,788.84,785.74,788.33,64.28323498785139,783.2520000000001,771.7838883856142,770.4699499999999,3.8414285714285694,0.0048728686862463295,63.70370370370361,1.2499999999999927,False,PLANNED_REWARD_TOO_LOW|RSI_NOT_BELOW_32|CLOSE_NOT_NEAR_OR_BELOW_LOWER_BB
2026-10-04T08:20:46.242090+00:00,SIE_OLD_MR_REGIME_EXHAUSTION_CONFIRM_V1,BNB,BNBUSDT,strategy-lab-v1.0.0:SIE_OLD_MR_REGIME_EXHAUSTION_CONFIRM_V1,1791097200000,2026-10-04T07:00:00+00:00,788.39,788.43,786.87,788.05,49.45002391200379,784.1475,774.2213146803512,770.5259,3.1292857142857025,0.003970922802215218,64.28323498785139,1.25,False,RSI_NOT_BELOW_32|CLOSE_NOT_NEAR_OR_BELOW_LOWER_BB|RSI_RECOVERY_NOT_CONFIRMED
2026-10-04T08:20:46.242090+00:00,SIE_OLD_MR_REGIME_EXHAUSTION_CONFIRM_V1,BNB,BNBUSDT,strategy-lab-v1.0.0:SIE_OLD_MR_REGIME_EXHAUSTION_CONFIRM_V1,1791100800000,2026-10-04T08:00:00+00:00,787.58,788.59,787.12,788.59,47.77667984189733,784.9984999999999,776.7558783903411,770.59045,3.0292857142857037,0.003841395039609561,49.45002391200379,1.2500000000000093,False,RSI_NOT_BELOW_32|CLOSE_NOT_NEAR_OR_BELOW_LOWER_BB|RSI_RECOVERY_NOT_CONFIRMED
2026-10-04T08:20:46.242090+00:00,SIE_OLD_MR_REGIME_EXHAUSTION_CONFIRM_V1,PAXG,PAXGUSDT,strategy-lab-v1.0.0:SIE_OLD_MR_REGIME_EXHAUSTION_CONFIRM_V1,1791075600000,2026-10-04T01:00:00+00:00,4145.68,4146.61,4144.14,4144.87,36.27152988855082,4146.505999999999,4144.295819917273,4196.2185,2.7371428571429015,0.0006603688070175666,47.60536398467444,1.249999999999917,False,TREND_SUPPORT_NOT_CONFIRMED|PLANNED_REWARD_TOO_LOW|RSI_NOT_BELOW_32|CLOSE_NOT_NEAR_OR_BELOW_LOWER_BB|CLOSE_NOT_ABOVE_MA200|RSI_RECOVERY_NOT_CONFIRMED
2026-10-04T08:20:46.242090+00:00,SIE_OLD_MR_REGIME_EXHAUSTION_CONFIRM_V1,PAXG,PAXGUSDT,strategy-lab-v1.0.0:SIE_OLD_MR_REGIME_EXHAUSTION_CONFIRM_V1,1791079200000,2026-10-04T02:00:00+00:00,4144.89,4147.13,4144.89,4146.42,47.588126159556865,4146.3835,4144.457714186862,4195.5215,2.772857142857187,0.0006687352325276231,36.27152988855082,1.249999999999918,False,TREND_SUPPORT_NOT_CONFIRMED|PLANNED_REWARD_TOO_LOW|RSI_NOT_BELOW_32|CLOSE_NOT_NEAR_OR_BELOW_LOWER_BB|CLOSE_NOT_ABOVE_MA200
2026-10-04T08:20:46.242090+00:00,SIE_OLD_MR_REGIME_EXHAUSTION_CONFIRM_V1,PAXG,PAXGUSDT,strategy-lab-v1.0.0:SIE_OLD_MR_REGIME_EXHAUSTION_CONFIRM_V1,1791082800000,2026-10-04T03:00:00+00:00,4147.22,4148.94,4147.22,4148.85,66.37401229148536,4146.5115000000005,4144.307392244449,4194.8367,2.7878571428571894,0.0006719590110168334,47.588126159556865,1.2500000000001632,False,TREND_SUPPORT_NOT_CONFIRMED|RSI_NOT_BELOW_32|CLOSE_NOT_NEAR_OR_BELOW_LOWER_BB|CLOSE_NOT_ABOVE_MA200
2026-10-04T08:20:46.242090+00:00,SIE_OLD_MR_REGIME_EXHAUSTION_CONFIRM_V1,PAXG,PAXGUSDT,strategy-lab-v1.0.0:SIE_OLD_MR_REGIME_EXHAUSTION_CONFIRM_V1,1791086400000,2026-10-04T04:00:00+00:00,4148.48,4148.48,4146.88,4147.09,56.900539707015916,4146.6355,4144.600707873497,4194.16845,2.8050000000000312,0.0006763778938966917,66.37401229148536,1.25,False,TREND_SUPPORT_NOT_CONFIRMED|RSI_NOT_BELOW_32|CLOSE_NOT_NEAR_OR_BELOW_LOWER_BB|CLOSE_NOT_ABOVE_MA200|RSI_RECOVERY_NOT_CONFIRMED
2026-10-04T08:20:46.242090+00:00,SIE_OLD_MR_REGIME_EXHAUSTION_CONFIRM_V1,PAXG,PAXGUSDT,strategy-lab-v1.0.0:SIE_OLD_MR_REGIME_EXHAUSTION_CONFIRM_V1,1791090000000,2026-10-04T05:00:00+00:00,4146.88,4149.09,4146.88,4147.45,54.25531914893593,4146.7575,4144.837845083594,4193.49065,2.454285714285756,0.0005917577582094434,56.900539707015916,1.2499999999998148,False,TREND_SUPPORT_NOT_CONFIRMED|PLANNED_REWARD_TOO_LOW|RSI_NOT_BELOW_32|CLOSE_NOT_NEAR_OR_BELOW_LOWER_BB|CLOSE_NOT_ABOVE_MA200|RSI_RECOVERY_NOT_CONFIRMED
2026-10-04T08:20:46.242090+00:00,SIE_OLD_MR_REGIME_EXHAUSTION_CONFIRM_V1,PAXG,PAXGUSDT,strategy-lab-v1.0.0:SIE_OLD_MR_REGIME_EXHAUSTION_CONFIRM_V1,1791093600000,2026-10-04T06:00:00+00:00,4147.45,4147.62,4146.88,4147.38,51.45797598627851,4146.817,4144.897624060253,4192.8211,2.379285714285743,0.0005736840401134554,54.25531914893593,1.2499999999998088,False,TREND_SUPPORT_NOT_CONFIRMED|PLANNED_REWARD_TOO_LOW|RSI_NOT_BELOW_32|CLOSE_NOT_NEAR_OR_BELOW_LOWER_BB|CLOSE_NOT_ABOVE_MA200|RSI_RECOVERY_NOT_CONFIRMED
2026-10-04T08:20:46.242090+00:00,SIE_OLD_MR_REGIME_EXHAUSTION_CONFIRM_V1,PAXG,PAXGUSDT,strategy-lab-v1.0.0:SIE_OLD_MR_REGIME_EXHAUSTION_CONFIRM_V1,1791097200000,2026-10-04T07:00:00+00:00,4146.99,4148.34,4146.88,4146.88,47.61904761904983,4146.782000000001,4144.894286039127,4192.1497,2.2400000000000415,0.0005401651361987907,51.45797598627851,1.250000000000203,False,TREND_SUPPORT_NOT_CONFIRMED|RSI_NOT_BELOW_32|CLOSE_NOT_NEAR_OR_BELOW_LOWER_BB|CLOSE_NOT_ABOVE_MA200|RSI_RECOVERY_NOT_CONFIRMED
2026-10-04T08:20:46.242090+00:00,SIE_OLD_MR_REGIME_EXHAUSTION_CONFIRM_V1,PAXG,PAXGUSDT,strategy-lab-v1.0.0:SIE_OLD_MR_REGIME_EXHAUSTION_CONFIRM_V1,1791100800000,2026-10-04T08:00:00+00:00,4146.89,4147.27,4146.88,4146.88,50.13428827215642,4146.779,4144.892109436645,4191.5031,2.160714285714351,0.0005210457707274748,47.61904761904983,1.2499999999998948,False,TREND_SUPPORT_NOT_CONFIRMED|PLANNED_REWARD_TOO_LOW|RSI_NOT_BELOW_32|CLOSE_NOT_NEAR_OR_BELOW_LOWER_BB|CLOSE_NOT_ABOVE_MA200
2026-10-04T15:18:12.783623+00:00,SIE_OLD_MR_REGIME_EXHAUSTION_CONFIRM_V1,BTC,BTCUSDT,strategy-lab-v1.0.0:SIE_OLD_MR_REGIME_EXHAUSTION_CONFIRM_V1,1791104400000,2026-10-04T09:00:00+00:00,85093.8,85324.69,85038.02,85219.4,76.39895621919344,84879.338,84609.91579626894,84232.23545,151.1685714285725,0.001773875096850864,61.515229959444554,1.25,False,RSI_NOT_BELOW_32|CLOSE_NOT_NEAR_OR_BELOW_LOWER_BB
2026-10-04T15:18:12.783623+00:00,SIE_OLD_MR_REGIME_EXHAUSTION_CONFIRM_V1,BTC,BTCUSDT,strategy-lab-v1.0.0:SIE_OLD_MR_REGIME_EXHAUSTION_CONFIRM_V1,1791108000000,2026-10-04T10:00:00+00:00,85219.41,85422.86,85207.37,85260.25,89.25406314777622,84900.201,84584.60344025769,84238.53795,150.97214285714395,0.0017707213250857691,76.39895621919344,1.25,False,RSI_NOT_BELOW_32|CLOSE_NOT_NEAR_OR_BELOW_LOWER_BB
2026-10-04T15:18:12.783623+00:00,SIE_OLD_MR_REGIME_EXHAUSTION_CONFIRM_V1,BTC,BTCUSDT,strategy-lab-v1.0.0:SIE_OLD_MR_REGIME_EXHAUSTION_CONFIRM_V1,1791111600000,2026-10-04T11:00:00+00:00,85260.25,85330.28,85200.0,85304.17,93.75293841090678,84922.3015,84561.75072913646,84245.40289999999,143.8235714285724,0.0016860086843183914,89.25406314777622,1.2500000000000506,False,RSI_NOT_BELOW_32|CLOSE_NOT_NEAR_OR_BELOW_LOWER_BB
2026-10-04T15:18:12.783623+00:00,SIE_OLD_MR_REGIME_EXHAUSTION_CONFIRM_V1,BTC,BTCUSDT,strategy-lab-v1.0.0:SIE_OLD_MR_REGIME_EXHAUSTION_CONFIRM_V1,1791115200000,2026-10-04T12:00:00+00:00,85304.17,85383.98,85071.81,85107.89,71.21330842022758,84935.03949999998,84567.23586926982,84251.0647,157.9992857142861,0.001856458733899831,93.75293841090678,1.25,False,RSI_NOT_BELOW_32|CLOSE_NOT_NEAR_OR_BELOW_LOWER_BB|RSI_RECOVERY_NOT_CONFIRMED
2026-10-04T15:18:12.783623+00:00,SIE_OLD_MR_REGIME_EXHAUSTION_CONFIRM_V1,BTC,BTCUSDT,strategy-lab-v1.0.0:SIE_OLD_MR_REGIME_EXHAUSTION_CONFIRM_V1,1791118800000,2026-10-04T13:00:00+00:00,85109.7,85316.94,85102.83,85233.87,76.10133678767455,84947.1845,84557.41046795287,84257.6423,166.27071428571486,0.001950758709955501,71.21330842022758,1.250000000000022,False,RSI_NOT_BELOW_32|CLOSE_NOT_NEAR_OR_BELOW_LOWER_BB
2026-10-04T15:18:12.783623+00:00,SIE_OLD_MR_REGIME_EXHAUSTION_CONFIRM_V1,BTC,BTCUSDT,strategy-lab-v1.0.0:SIE_OLD_MR_REGIME_EXHAUSTION_CONFIRM_V1,1791122400000,2026-10-04T14:00:00+00:00,85233.87,85290.99,85082.5,85276.36,76.04589040366946,84964.31999999999,84549.12852605179,84264.6108,172.40071428571537,0.002021670651581697,76.10133678767455,1.250000000000021,False,RSI_NOT_BELOW_32|CLOSE_NOT_NEAR_OR_BELOW_LOWER_BB|RSI_RECOVERY_NOT_CONFIRMED
2026-10-04T15:18:12.783623+00:00,SIE_OLD_MR_REGIME_EXHAUSTION_CONFIRM_V1,BTC,BTCUSDT,strategy-lab-v1.0.0:SIE_OLD_MR_REGIME_EXHAUSTION_CONFIRM_V1,1791126000000,2026-10-04T15:00:00+00:00,85276.36,85366.77,85231.13,85340.45,77.3995642176501,84989.493,84548.01660207676,84270.79345000001,174.44285714285797,0.002044081758918051,76.04589040366946,1.2500000000000417,False,RSI_NOT_BELOW_32|CLOSE_NOT_NEAR_OR_BELOW_LOWER_BB
2026-10-04T15:18:12.783623+00:00,SIE_OLD_MR_REGIME_EXHAUSTION_CONFIRM_V1,SOL,SOLUSDT,strategy-lab-v1.0.0:SIE_OLD_MR_REGIME_EXHAUSTION_CONFIRM_V1,1791104400000,2026-10-04T09:00:00+00:00,120.94,121.5,120.77,121.29,77.45454545454541,120.23499999999999,119.12991176822811,119.8124,0.49785714285714583,0.004104684168992875,70.07874015748018,1.249999999999993,False,PLANNED_REWARD_TOO_LOW|RSI_NOT_BELOW_32|CLOSE_NOT_NEAR_OR_BELOW_LOWER_BB
2026-10-04T15:18:12.783623+00:00,SIE_OLD_MR_REGIME_EXHAUSTION_CONFIRM_V1,SOL,SOLUSDT,strategy-lab-v1.0.0:SIE_OLD_MR_REGIME_EXHAUSTION_CONFIRM_V1,1791108000000,2026-10-04T10:00:00+00:00,121.29,121.6,121.17,121.26,76.53429602888075,120.31000000000002,119.1422157733551,119.81074999999998,0.5014285714285742,0.004135152329115737,77.45454545454541,1.249999999999993,False,PLANNED_REWARD_TOO_LOW|RSI_NOT_BELOW_32|CLOSE_NOT_NEAR_OR_BELOW_LOWER_BB|RSI_RECOVERY_NOT_CONFIRMED
2026-10-04T15:18:12.783623+00:00,SIE_OLD_MR_REGIME_EXHAUSTION_CONFIRM_V1,SOL,SOLUSDT,strategy-lab-v1.0.0:SIE_OLD_MR_REGIME_EXHAUSTION_CONFIRM_V1,1791111600000,2026-10-04T11:00:00+00:00,121.26,121.46,121.14,121.22,80.0,120.38700000000001,119.19274542077471,119.81369999999998,0.4957142857142876,0.004089377047634776,76.53429602888075,1.2500000000000144,False,RSI_NOT_BELOW_32|CLOSE_NOT_NEAR_OR_BELOW_LOWER_BB|RSI_RECOVERY_NOT_CONFIRMED
2026-10-04T15:18:12.783623+00:00,SIE_OLD_MR_REGIME_EXHAUSTION_CONFIRM_V1,SOL,SOLUSDT,strategy-lab-v1.0.0:SIE_OLD_MR_REGIME_EXHAUSTION_CONFIRM_V1,1791115200000,2026-10-04T12:00:00+00:00,121.21,121.74,121.13,121.28,79.84790874524718,120.46600000000001,119.25505986935747,119.81679999999999,0.5078571428571438,0.004187476441764048,80.0,1.250000000000014,False,RSI_NOT_BELOW_32|CLOSE_NOT_NEAR_OR_BELOW_LOWER_BB|RSI_RECOVERY_NOT_CONFIRMED
2026-10-04T15:18:12.783623+00:00,SIE_OLD_MR_REGIME_EXHAUSTION_CONFIRM_V1,SOL,SOLUSDT,strategy-lab-v1.0.0:SIE_OLD_MR_REGIME_EXHAUSTION_CONFIRM_V1,1791118800000,2026-10-04T13:00:00+00:00,121.29,121.94,121.22,121.7,86.00682593856628,120.55199999999999,119.25042249558447,119.82275,0.5414285714285724,0.004448878976405689,79.84790874524718,1.2500000000000067,False,RSI_NOT_BELOW_32|CLOSE_NOT_NEAR_OR_BELOW_LOWER_BB
2026-10-04T15:18:12.783623+00:00,SIE_OLD_MR_REGIME_EXHAUSTION_CONFIRM_V1,SOL,SOLUSDT,strategy-lab-v1.0.0:SIE_OLD_MR_REGIME_EXHAUSTION_CONFIRM_V1,1791122400000,2026-10-04T14:00:00+00:00,121.7,121.84,121.18,121.84,83.53413654618446,120.648,119.26628222852838,119.8309,0.539285714285714,0.004426179532876839,86.00682593856628,1.25,False,RSI_NOT_BELOW_32|CLOSE_NOT_NEAR_OR_BELOW_LOWER_BB|RSI_RECOVERY_NOT_CONFIRMED
2026-10-04T15:18:12.783623+00:00,SIE_OLD_MR_REGIME_EXHAUSTION_CONFIRM_V1,SOL,SOLUSDT,strategy-lab-v1.0.0:SIE_OLD_MR_REGIME_EXHAUSTION_CONFIRM_V1,1791126000000,2026-10-04T15:00:00+00:00,121.83,122.08,121.62,121.82,84.21052631578905,120.75,119.33877358301355,119.8363,0.539285714285714,0.004426906208222903,83.53413654618446,1.25,False,RSI_NOT_BELOW_32|CLOSE_NOT_NEAR_OR_BELOW_LOWER_BB|RSI_RECOVERY_NOT_CONFIRMED
2026-10-04T15:18:12.783623+00:00,SIE_OLD_MR_REGIME_EXHAUSTION_CONFIRM_V1,XRP,XRPUSDT,strategy-lab-v1.0.0:SIE_OLD_MR_REGIME_EXHAUSTION_CONFIRM_V1,1791104400000,2026-10-04T09:00:00+00:00,1.4953,1.5027,1.4937,1.4996,71.003717472119,1.4909750000000002,1.4832673739063293,1.505393,0.005078571428571456,0.003386617383683286,61.410788381742755,1.2499999999999891,False,TREND_SUPPORT_NOT_CONFIRMED|PLANNED_REWARD_TOO_LOW|RSI_NOT_BELOW_32|CLOSE_NOT_NEAR_OR_BELOW_LOWER_BB|CLOSE_NOT_ABOVE_MA200
2026-10-04T15:18:12.783623+00:00,SIE_OLD_MR_REGIME_EXHAUSTION_CONFIRM_V1,XRP,XRPUSDT,strategy-lab-v1.0.0:SIE_OLD_MR_REGIME_EXHAUSTION_CONFIRM_V1,1791108000000,2026-10-04T10:00:00+00:00,1.4996,1.5034,1.499,1.5015,71.11111111111114,1.49157,1.4826386843074586,1.505077,0.005114285714285738,0.003406117691831993,71.003717472119,1.2500000000000109,False,TREND_SUPPORT_NOT_CONFIRMED|RSI_NOT_BELOW_32|CLOSE_NOT_NEAR_OR_BELOW_LOWER_BB|CLOSE_NOT_ABOVE_MA200
2026-10-04T15:18:12.783623+00:00,SIE_OLD_MR_REGIME_EXHAUSTION_CONFIRM_V1,XRP,XRPUSDT,strategy-lab-v1.0.0:SIE_OLD_MR_REGIME_EXHAUSTION_CONFIRM_V1,1791111600000,2026-10-04T11:00:00+00:00,1.5013,1.5015,1.497,1.4985,71.91011235955051,1.4920149999999999,1.4826445624435227,1.504776,0.005028571428571446,0.003355736689070034,71.11111111111114,1.25,False,TREND_SUPPORT_NOT_CONFIRMED|RSI_NOT_BELOW_32|CLOSE_NOT_NEAR_OR_BELOW_LOWER_BB|CLOSE_NOT_ABOVE_MA200|RSI_RECOVERY_NOT_CONFIRMED
2026-10-04T15:18:12.783623+00:00,SIE_OLD_MR_REGIME_EXHAUSTION_CONFIRM_V1,XRP,XRPUSDT,strategy-lab-v1.0.0:SIE_OLD_MR_REGIME_EXHAUSTION_CONFIRM_V1,1791115200000,2026-10-04T12:00:00+00:00,1.4985,1.5027,1.4975,1.4978,71.11111111111114,1.492405,1.4827573111575965,1.5044815,0.005007142857142861,0.003342998302271906,71.91011235955051,1.250000000000011,False,TREND_SUPPORT_NOT_CONFIRMED|RSI_NOT_BELOW_32|CLOSE_NOT_NEAR_OR_BELOW_LOWER_BB|CLOSE_NOT_ABOVE_MA200|RSI_RECOVERY_NOT_CONFIRMED
2026-10-04T15:18:12.783623+00:00,SIE_OLD_MR_REGIME_EXHAUSTION_CONFIRM_V1,XRP,XRPUSDT,strategy-lab-v1.0.0:SIE_OLD_MR_REGIME_EXHAUSTION_CONFIRM_V1,1791118800000,2026-10-04T13:00:00+00:00,1.4978,1.505,1.4972,1.501,74.91638795986604,1.492785,1.4824371934691531,1.5042365000000002,0.005364285714285695,0.00357380793756542,71.11111111111114,1.2500000000000207,False,TREND_SUPPORT_NOT_CONFIRMED|RSI_NOT_BELOW_32|CLOSE_NOT_NEAR_OR_BELOW_LOWER_BB|CLOSE_NOT_ABOVE_MA200
2026-10-04T15:18:12.783623+00:00,SIE_OLD_MR_REGIME_EXHAUSTION_CONFIRM_V1,XRP,XRPUSDT,strategy-lab-v1.0.0:SIE_OLD_MR_REGIME_EXHAUSTION_CONFIRM_V1,1791122400000,2026-10-04T14:00:00+00:00,1.5012,1.5033,1.4975,1.5022,74.13793103448266,1.4934049999999999,1.4823829357650282,1.5040045,0.005357142857142838,0.003566198147478923,74.91638795986604,1.2500000000000104,False,TREND_SUPPORT_NOT_CONFIRMED|RSI_NOT_BELOW_32|CLOSE_NOT_NEAR_OR_BELOW_LOWER_BB|CLOSE_NOT_ABOVE_MA200|RSI_RECOVERY_NOT_CONFIRMED
2026-10-04T15:18:12.783623+00:00,SIE_OLD_MR_REGIME_EXHAUSTION_CONFIRM_V1,XRP,XRPUSDT,strategy-lab-v1.0.0:SIE_OLD_MR_REGIME_EXHAUSTION_CONFIRM_V1,1791126000000,2026-10-04T15:00:00+00:00,1.5022,1.5074,1.5011,1.5062,77.50759878419441,1.4943000000000002,1.4822247360277367,1.5037729999999998,0.005585714285714257,0.0037084811351176853,74.13793103448266,1.24999999999999,False,TREND_SUPPORT_NOT_CONFIRMED|PLANNED_REWARD_TOO_LOW|RSI_NOT_BELOW_32|CLOSE_NOT_NEAR_OR_BELOW_LOWER_BB
2026-10-04T15:18:12.783623+00:00,SIE_OLD_MR_REGIME_EXHAUSTION_CONFIRM_V1,DOGE,DOGEUSDT,strategy-lab-v1.0.0:SIE_OLD_MR_REGIME_EXHAUSTION_CONFIRM_V1,1791104400000,2026-10-04T09:00:00+00:00,0.09313,0.09353,0.09304,0.09338,56.01851851851869,0.09302350000000001,0.09256392302059518,0.094793,0.0003435714285714262,0.0036792828075757787,49.246231155778844,1.25000000000001,False,TREND_SUPPORT_NOT_CONFIRMED|RSI_NOT_BELOW_32|CLOSE_NOT_NEAR_OR_BELOW_LOWER_BB|CLOSE_NOT_ABOVE_MA200
2026-10-04T15:18:12.783623+00:00,SIE_OLD_MR_REGIME_EXHAUSTION_CONFIRM_V1,DOGE,DOGEUSDT,strategy-lab-v1.0.0:SIE_OLD_MR_REGIME_EXHAUSTION_CONFIRM_V1,1791108000000,2026-10-04T10:00:00+00:00,0.09341,0.09361,0.09328,0.09336,54.88372093023254,0.0930265,0.09255902700612884,0.0947675,0.0003521428571428544,0.003771881503243942,56.01851851851869,1.25,False,TREND_SUPPORT_NOT_CONFIRMED|RSI_NOT_BELOW_32|CLOSE_NOT_NEAR_OR_BELOW_LOWER_BB|CLOSE_NOT_ABOVE_MA200|RSI_RECOVERY_NOT_CONFIRMED
2026-10-04T15:18:12.783623+00:00,SIE_OLD_MR_REGIME_EXHAUSTION_CONFIRM_V1,DOGE,DOGEUSDT,strategy-lab-v1.0.0:SIE_OLD_MR_REGIME_EXHAUSTION_CONFIRM_V1,1791111600000,2026-10-04T11:00:00+00:00,0.09336,0.09378,0.09331,0.09346,63.054187192118086,0.0930435,0.09254029924483476,0.09474504999999998,0.0003592857142857118,0.003844272568860601,54.88372093023254,1.2500000000000095,False,TREND_SUPPORT_NOT_CONFIRMED|RSI_NOT_BELOW_32|CLOSE_NOT_NEAR_OR_BELOW_LOWER_BB|CLOSE_NOT_ABOVE_MA200
2026-10-04T15:18:12.783623+00:00,SIE_OLD_MR_REGIME_EXHAUSTION_CONFIRM_V1,DOGE,DOGEUSDT,strategy-lab-v1.0.0:SIE_OLD_MR_REGIME_EXHAUSTION_CONFIRM_V1,1791115200000,2026-10-04T12:00:00+00:00,0.09346,0.09381,0.09337,0.09339,62.1359223300969,0.0930585,0.09253324672775995,0.09472200000000001,0.000367857142857141,0.003938935034341375,63.054187192118086,1.25,False,TREND_SUPPORT_NOT_CONFIRMED|RSI_NOT_BELOW_32|CLOSE_NOT_NEAR_OR_BELOW_LOWER_BB|CLOSE_NOT_ABOVE_MA200|RSI_RECOVERY_NOT_CONFIRMED
2026-10-04T15:18:12.783623+00:00,SIE_OLD_MR_REGIME_EXHAUSTION_CONFIRM_V1,DOGE,DOGEUSDT,strategy-lab-v1.0.0:SIE_OLD_MR_REGIME_EXHAUSTION_CONFIRM_V1,1791118800000,2026-10-04T13:00:00+00:00,0.09339,0.09378,0.09336,0.09358,68.69158878504635,0.09307599999999999,0.09250751429217711,0.0947029,0.00038142857142857027,0.004075962507251232,62.1359223300969,1.250000000000009,False,TREND_SUPPORT_NOT_CONFIRMED|RSI_NOT_BELOW_32|CLOSE_NOT_NEAR_OR_BELOW_LOWER_BB|CLOSE_NOT_ABOVE_MA200
2026-10-04T15:18:12.783623+00:00,SIE_OLD_MR_REGIME_EXHAUSTION_CONFIRM_V1,DOGE,DOGEUSDT,strategy-lab-v1.0.0:SIE_OLD_MR_REGIME_EXHAUSTION_CONFIRM_V1,1791122400000,2026-10-04T14:00:00+00:00,0.0936,0.0941,0.0934,0.09397,72.3140495867765,0.09311549999999999,0.09242657402429658,0.0946856,0.0004064285714285705,0.004325088554097803,68.69158878504635,1.2500000000000084,False,TREND_SUPPORT_NOT_CONFIRMED|RSI_NOT_BELOW_32|CLOSE_NOT_NEAR_OR_BELOW_LOWER_BB|CLOSE_NOT_ABOVE_MA200
2026-10-04T15:18:12.783623+00:00,SIE_OLD_MR_REGIME_EXHAUSTION_CONFIRM_V1,DOGE,DOGEUSDT,strategy-lab-v1.0.0:SIE_OLD_MR_REGIME_EXHAUSTION_CONFIRM_V1,1791126000000,2026-10-04T15:00:00+00:00,0.09398,0.09459,0.09398,0.09432,79.24528301886738,0.0931755,0.0923092558081009,0.09466749999999999,0.00042785714285714156,0.004536229249969694,72.3140495867765,1.25,False,TREND_SUPPORT_NOT_CONFIRMED|RSI_NOT_BELOW_32|CLOSE_NOT_NEAR_OR_BELOW_LOWER_BB|CLOSE_NOT_ABOVE_MA200
2026-10-04T15:18:12.783623+00:00,SIE_OLD_MR_REGIME_EXHAUSTION_CONFIRM_V1,BNB,BNBUSDT,strategy-lab-v1.0.0:SIE_OLD_MR_REGIME_EXHAUSTION_CONFIRM_V1,1791104400000,2026-10-04T09:00:00+00:00,790.15,794.96,789.32,791.84,54.69352764680673,785.9435000000001,778.6866927819444,770.6782000000001,3.1485714285714153,0.003976272262794776,50.882899628252765,1.25,False,RSI_NOT_BELOW_32|CLOSE_NOT_NEAR_OR_BELOW_LOWER_BB
2026-10-04T15:18:12.783623+00:00,SIE_OLD_MR_REGIME_EXHAUSTION_CONFIRM_V1,BNB,BNBUSDT,strategy-lab-v1.0.0:SIE_OLD_MR_REGIME_EXHAUSTION_CONFIRM_V1,1791108000000,2026-10-04T10:00:00+00:00,791.86,792.13,788.77,788.77,55.47826086956508,786.472,780.0572152023606,770.7469500000001,3.0764285714285586,0.003900285978711866,54.69352764680673,1.25,False,RSI_NOT_BELOW_32|CLOSE_NOT_NEAR_OR_BELOW_LOWER_BB|RSI_RECOVERY_NOT_CONFIRMED
2026-10-04T15:18:12.783623+00:00,SIE_OLD_MR_REGIME_EXHAUSTION_CONFIRM_V1,BNB,BNBUSDT,strategy-lab-v1.0.0:SIE_OLD_MR_REGIME_EXHAUSTION_CONFIRM_V1,1791111600000,2026-10-04T11:00:00+00:00,788.77,789.59,787.46,788.57,57.737556561086016,786.9649999999999,781.5791054596264,770.81795,3.040714285714273,0.0038559852463500677,55.47826086956508,1.2500000000000093,False,RSI_NOT_BELOW_32|CLOSE_NOT_NEAR_OR_BELOW_LOWER_BB|RSI_RECOVERY_NOT_CONFIRMED
2026-10-04T15:18:12.783623+00:00,SIE_OLD_MR_REGIME_EXHAUSTION_CONFIRM_V1,BNB,BNBUSDT,strategy-lab-v1.0.0:SIE_OLD_MR_REGIME_EXHAUSTION_CONFIRM_V1,1791115200000,2026-10-04T12:00:00+00:00,788.64,789.7,787.26,788.79,49.18389553862877,787.3995,782.9843919605488,770.89075,2.837142857142851,0.003596829139749301,57.737556561086016,1.24999999999999,False,PLANNED_REWARD_TOO_LOW|RSI_NOT_BELOW_32|CLOSE_NOT_NEAR_OR_BELOW_LOWER_BB|RSI_RECOVERY_NOT_CONFIRMED
2026-10-04T15:18:12.783623+00:00,SIE_OLD_MR_REGIME_EXHAUSTION_CONFIRM_V1,BNB,BNBUSDT,strategy-lab-v1.0.0:SIE_OLD_MR_REGIME_EXHAUSTION_CONFIRM_V1,1791118800000,2026-10-04T13:00:00+00:00,788.84,790.56,788.7,789.45,57.53262158956121,787.458,782.9674160736017,770.9752000000001,2.7571428571428425,0.003492485726952742,49.18389553862877,1.2499999999999898,False,PLANNED_REWARD_TOO_LOW|RSI_NOT_BELOW_32|CLOSE_NOT_NEAR_OR_BELOW_LOWER_BB
2026-10-04T15:18:12.783623+00:00,SIE_OLD_MR_REGIME_EXHAUSTION_CONFIRM_V1,BNB,BNBUSDT,strategy-lab-v1.0.0:SIE_OLD_MR_REGIME_EXHAUSTION_CONFIRM_V1,1791122400000,2026-10-04T14:00:00+00:00,789.67,789.67,785.68,786.99,54.709531866892064,787.333,782.937451797554,771.0496499999999,2.799999999999987,0.0035578596932616512,57.53262158956121,1.2499999999999798,False,PLANNED_REWARD_TOO_LOW|RSI_NOT_BELOW_32|CLOSE_NOT_NEAR_OR_BELOW_LOWER_BB|RSI_RECOVERY_NOT_CONFIRMED
2026-10-04T15:18:12.783623+00:00,SIE_OLD_MR_REGIME_EXHAUSTION_CONFIRM_V1,BNB,BNBUSDT,strategy-lab-v1.0.0:SIE_OLD_MR_REGIME_EXHAUSTION_CONFIRM_V1,1791126000000,2026-10-04T15:00:00+00:00,786.98,788.13,786.97,787.62,59.953569355774455,787.2315000000001,782.9627283968306,771.1193,2.6864285714285563,0.003410818124766456,54.709531866892064,1.2500000000000107,False,RSI_NOT_BELOW_32|CLOSE_NOT_NEAR_OR_BELOW_LOWER_BB
2026-10-04T15:18:12.783623+00:00,SIE_OLD_MR_REGIME_EXHAUSTION_CONFIRM_V1,PAXG,PAXGUSDT,strategy-lab-v1.0.0:SIE_OLD_MR_REGIME_EXHAUSTION_CONFIRM_V1,1791104400000,2026-10-04T09:00:00+00:00,4145.96,4145.96,4144.8,4144.8,43.68174726989153,4146.717,4144.739647224689,4190.808050000001,2.154285714285769,0.0005197562522403418,46.31927212572271,1.2499999999998945,False,TREND_SUPPORT_NOT_CONFIRMED|PLANNED_REWARD_TOO_LOW|RSI_NOT_BELOW_32|CLOSE_NOT_ABOVE_MA200|RSI_RECOVERY_NOT_CONFIRMED
2026-10-04T15:18:12.783623+00:00,SIE_OLD_MR_REGIME_EXHAUSTION_CONFIRM_V1,PAXG,PAXGUSDT,strategy-lab-v1.0.0:SIE_OLD_MR_REGIME_EXHAUSTION_CONFIRM_V1,1791108000000,2026-10-04T10:00:00+00:00,4145.37,4145.78,4143.99,4145.74,42.23999999999796,4146.739,4144.816159393494,4190.12455,2.0942857142857583,0.0005051657157192102,43.68174726989153,1.2499999999997828,False,TREND_SUPPORT_NOT_CONFIRMED|PLANNED_REWARD_TOO_LOW|RSI_NOT_BELOW_32|CLOSE_NOT_NEAR_OR_BELOW_LOWER_BB|CLOSE_NOT_ABOVE_MA200|RSI_RECOVERY_NOT_CONFIRMED
2026-10-04T15:18:12.783623+00:00,SIE_OLD_MR_REGIME_EXHAUSTION_CONFIRM_V1,PAXG,PAXGUSDT,strategy-lab-v1.0.0:SIE_OLD_MR_REGIME_EXHAUSTION_CONFIRM_V1,1791111600000,2026-10-04T11:00:00+00:00,4145.7,4146.23,4143.39,4144.84,39.43241224794604,4146.6605,4144.569505261118,4189.4336,2.1242857142856986,0.0005125133212103962,42.23999999999796,1.25,False,TREND_SUPPORT_NOT_CONFIRMED|RSI_NOT_BELOW_32|CLOSE_NOT_NEAR_OR_BELOW_LOWER_BB|CLOSE_NOT_ABOVE_MA200|RSI_RECOVERY_NOT_CONFIRMED
2026-10-04T15:18:12.783623+00:00,SIE_OLD_MR_REGIME_EXHAUSTION_CONFIRM_V1,PAXG,PAXGUSDT,strategy-lab-v1.0.0:SIE_OLD_MR_REGIME_EXHAUSTION_CONFIRM_V1,1791115200000,2026-10-04T12:00:00+00:00,4145.39,4145.39,4144.57,4145.1,41.62283996994873,4146.5635,4144.3742419069395,4188.7533,2.0485714285714494,0.0004942152007361582,39.43241224794604,1.25,False,TREND_SUPPORT_NOT_CONFIRMED|RSI_NOT_BELOW_32|CLOSE_NOT_NEAR_OR_BELOW_LOWER_BB|CLOSE_NOT_ABOVE_MA200
2026-10-04T15:18:12.783623+00:00,SIE_OLD_MR_REGIME_EXHAUSTION_CONFIRM_V1,PAXG,PAXGUSDT,strategy-lab-v1.0.0:SIE_OLD_MR_REGIME_EXHAUSTION_CONFIRM_V1,1791118800000,2026-10-04T13:00:00+00:00,4145.37,4145.37,4143.06,4144.85,42.48466257668696,4146.433999999999,4144.162582821664,4188.0698,1.8742857142856988,0.0004521962711040686,41.62283996994873,1.25,False,TREND_SUPPORT_NOT_CONFIRMED|RSI_NOT_BELOW_32|CLOSE_NOT_NEAR_OR_BELOW_LOWER_BB|CLOSE_NOT_ABOVE_MA200|RSI_RECOVERY_NOT_CONFIRMED
2026-10-04T15:18:12.783623+00:00,SIE_OLD_MR_REGIME_EXHAUSTION_CONFIRM_V1,PAXG,PAXGUSDT,strategy-lab-v1.0.0:SIE_OLD_MR_REGIME_EXHAUSTION_CONFIRM_V1,1791122400000,2026-10-04T14:00:00+00:00,4144.86,4145.27,4144.58,4145.24,48.17221770918006,4146.3535,4144.033170066987,4187.3889,1.7542857142856778,0.0004232048601011468,42.48466257668696,1.2499999999997409,False,TREND_SUPPORT_NOT_CONFIRMED|PLANNED_REWARD_TOO_LOW|RSI_NOT_BELOW_32|CLOSE_NOT_NEAR_OR_BELOW_LOWER_BB|CLOSE_NOT_ABOVE_MA200
2026-10-04T15:18:12.783623+00:00,SIE_OLD_MR_REGIME_EXHAUSTION_CONFIRM_V1,PAXG,PAXGUSDT,strategy-lab-v1.0.0:SIE_OLD_MR_REGIME_EXHAUSTION_CONFIRM_V1,1791126000000,2026-10-04T15:00:00+00:00,4144.69,4145.22,4144.6,4145.1,50.98882201204,4146.2875,4143.904251167411,4186.7119,1.6235714285713974,0.0003916845018386522,48.17221770918006,1.25000000000014,False,TREND_SUPPORT_NOT_CONFIRMED|RSI_NOT_BELOW_32|CLOSE_NOT_NEAR_OR_BELOW_LOWER_BB|CLOSE_NOT_ABOVE_MA200|RSI_RECOVERY_NOT_CONFIRMED
2026-10-04T19:32:56.378599+00:00,SIE_OLD_MR_REGIME_EXHAUSTION_CONFIRM_V1,BTC,BTCUSDT,strategy-lab-v1.0.0:SIE_OLD_MR_REGIME_EXHAUSTION_CONFIRM_V1,1791129600000,2026-10-04T16:00:00+00:00,85235.0,85433.5,85163.34,85358.31,76.2951857404623,85015.539,84574.30911701925,84276.11140000001,193.39714285714268,0.00226570960527619,73.045797029549,1.25,False,RSI_NOT_BELOW_32|CLOSE_NOT_NEAR_OR_BELOW_LOWER_BB
2026-10-04T19:32:56.378599+00:00,SIE_OLD_MR_REGIME_EXHAUSTION_CONFIRM_V1,BTC,BTCUSDT,strategy-lab-v1.0.0:SIE_OLD_MR_REGIME_EXHAUSTION_CONFIRM_V1,1791133200000,2026-10-04T17:00:00+00:00,85358.31,85458.96,85297.8,85302.89,71.71878545817586,85045.25499999999,84610.72102772715,84282.56109999999,197.09357142857127,0.0023105145843074163,76.2951857404623,1.2499999999999816,False,PLANNED_REWARD_TOO_LOW|RSI_NOT_BELOW_32|CLOSE_NOT_NEAR_OR_BELOW_LOWER_BB|RSI_RECOVERY_NOT_CONFIRMED
2026-10-04T19:32:56.378599+00:00,SIE_OLD_MR_REGIME_EXHAUSTION_CONFIRM_V1,BTC,BTCUSDT,strategy-lab-v1.0.0:SIE_OLD_MR_REGIME_EXHAUSTION_CONFIRM_V1,1791136800000,2026-10-04T18:00:00+00:00,85302.9,85359.03,85293.03,85325.07,73.5432058525279,85073.7115,84644.17764046132,84288.32870000001,198.72428571428568,0.002329025756606888,71.71878545817586,1.2499999999999818,False,PLANNED_REWARD_TOO_LOW|RSI_NOT_BELOW_32|CLOSE_NOT_NEAR_OR_BELOW_LOWER_BB
2026-10-04T19:32:56.378599+00:00,SIE_OLD_MR_REGIME_EXHAUSTION_CONFIRM_V1,BTC,BTCUSDT,strategy-lab-v1.0.0:SIE_OLD_MR_REGIME_EXHAUSTION_CONFIRM_V1,1791140400000,2026-10-04T19:00:00+00:00,85325.07,85462.0,85325.07,85442.73,74.15443127542855,85108.737,84678.79537414458,84294.7667,200.34071428571355,0.0023447368112619244,73.5432058525279,1.2500000000000182,False,RSI_NOT_BELOW_32|CLOSE_NOT_NEAR_OR_BELOW_LOWER_BB
2026-10-04T19:32:56.378599+00:00,SIE_OLD_MR_REGIME_EXHAUSTION_CONFIRM_V1,SOL,SOLUSDT,strategy-lab-v1.0.0:SIE_OLD_MR_REGIME_EXHAUSTION_CONFIRM_V1,1791129600000,2026-10-04T16:00:00+00:00,121.56,121.9,121.38,121.72,74.81203007518786,120.83250000000001,119.46720332894267,119.8401,0.5514285714285714,0.004530303741608375,75.6363636363637,1.25,False,RSI_NOT_BELOW_32|CLOSE_NOT_NEAR_OR_BELOW_LOWER_BB|RSI_RECOVERY_NOT_CONFIRMED
2026-10-04T19:32:56.378599+00:00,SIE_OLD_MR_REGIME_EXHAUSTION_CONFIRM_V1,SOL,SOLUSDT,strategy-lab-v1.0.0:SIE_OLD_MR_REGIME_EXHAUSTION_CONFIRM_V1,1791133200000,2026-10-04T17:00:00+00:00,121.73,121.81,121.37,121.48,64.31372549019618,120.925,119.65045694462674,119.84769999999999,0.5028571428571423,0.004139423303071636,74.81203007518786,1.249999999999993,False,PLANNED_REWARD_TOO_LOW|RSI_NOT_BELOW_32|CLOSE_NOT_NEAR_OR_BELOW_LOWER_BB|RSI_RECOVERY_NOT_CONFIRMED
2026-10-04T19:32:56.378599+00:00,SIE_OLD_MR_REGIME_EXHAUSTION_CONFIRM_V1,SOL,SOLUSDT,strategy-lab-v1.0.0:SIE_OLD_MR_REGIME_EXHAUSTION_CONFIRM_V1,1791136800000,2026-10-04T18:00:00+00:00,121.47,121.61,121.22,121.46,67.21311475409806,121.0125,119.84809671934501,119.8519,0.5057142857142856,0.004163628237397379,64.31372549019618,1.250000000000007,False,RSI_NOT_BELOW_32|CLOSE_NOT_NEAR_OR_BELOW_LOWER_BB|RSI_RECOVERY_NOT_CONFIRMED
2026-10-04T19:32:56.378599+00:00,SIE_OLD_MR_REGIME_EXHAUSTION_CONFIRM_V1,SOL,SOLUSDT,strategy-lab-v1.0.0:SIE_OLD_MR_REGIME_EXHAUSTION_CONFIRM_V1,1791140400000,2026-10-04T19:00:00+00:00,121.47,121.69,121.37,121.46,64.44444444444417,121.106,120.12813702391384,119.85285,0.4964285714285706,0.004087177436428212,67.21311475409806,1.25,False,RSI_NOT_BELOW_32|CLOSE_NOT_NEAR_OR_BELOW_LOWER_BB|RSI_RECOVERY_NOT_CONFIRMED
2026-10-04T19:32:56.378599+00:00,SIE_OLD_MR_REGIME_EXHAUSTION_CONFIRM_V1,XRP,XRPUSDT,strategy-lab-v1.0.0:SIE_OLD_MR_REGIME_EXHAUSTION_CONFIRM_V1,1791129600000,2026-10-04T16:00:00+00:00,1.5049,1.5057,1.5003,1.5035,72.61146496815294,1.494895,1.4826024860179117,1.5035370000000001,0.005885714285714256,0.003914675281486037,76.43312101910811,1.25,False,TREND_SUPPORT_NOT_CONFIRMED|RSI_NOT_BELOW_32|CLOSE_NOT_NEAR_OR_BELOW_LOWER_BB|CLOSE_NOT_ABOVE_MA200|RSI_RECOVERY_NOT_CONFIRMED
2026-10-04T19:32:56.378599+00:00,SIE_OLD_MR_REGIME_EXHAUSTION_CONFIRM_V1,XRP,XRPUSDT,strategy-lab-v1.0.0:SIE_OLD_MR_REGIME_EXHAUSTION_CONFIRM_V1,1791133200000,2026-10-04T17:00:00+00:00,1.5033,1.5046,1.4997,1.5011,67.06586826347323,1.4956099999999999,1.4836243585903863,1.5033365,0.0059428571428571065,0.003959001494142366,72.61146496815294,1.2500000000000093,False,TREND_SUPPORT_NOT_CONFIRMED|RSI_NOT_BELOW_32|CLOSE_NOT_NEAR_OR_BELOW_LOWER_BB|CLOSE_NOT_ABOVE_MA200|RSI_RECOVERY_NOT_CONFIRMED
2026-10-04T19:32:56.378599+00:00,SIE_OLD_MR_REGIME_EXHAUSTION_CONFIRM_V1,XRP,XRPUSDT,strategy-lab-v1.0.0:SIE_OLD_MR_REGIME_EXHAUSTION_CONFIRM_V1,1791136800000,2026-10-04T18:00:00+00:00,1.501,1.5036,1.4989,1.5025,66.66666666666666,1.496415,1.4848567518628537,1.503091,0.006035714285714255,0.00401711433325408,67.06586826347323,1.249999999999991,False,TREND_SUPPORT_NOT_CONFIRMED|PLANNED_REWARD_TOO_LOW|RSI_NOT_BELOW_32|CLOSE_NOT_NEAR_OR_BELOW_LOWER_BB|CLOSE_NOT_ABOVE_MA200|RSI_RECOVERY_NOT_CONFIRMED
2026-10-04T19:32:56.378599+00:00,SIE_OLD_MR_REGIME_EXHAUSTION_CONFIRM_V1,XRP,XRPUSDT,strategy-lab-v1.0.0:SIE_OLD_MR_REGIME_EXHAUSTION_CONFIRM_V1,1791140400000,2026-10-04T19:00:00+00:00,1.5024,1.5084,1.5019,1.5072,70.66666666666683,1.49747,1.4860190437080631,1.502893,0.0062857142857142435,0.004170457992114015,66.66666666666666,1.25,False,TREND_SUPPORT_NOT_CONFIRMED|RSI_NOT_BELOW_32|CLOSE_NOT_NEAR_OR_BELOW_LOWER_BB
2026-10-04T19:32:56.378599+00:00,SIE_OLD_MR_REGIME_EXHAUSTION_CONFIRM_V1,DOGE,DOGEUSDT,strategy-lab-v1.0.0:SIE_OLD_MR_REGIME_EXHAUSTION_CONFIRM_V1,1791129600000,2026-10-04T16:00:00+00:00,0.09418,0.09476,0.09405,0.09454,81.69014084506995,0.093238,0.09221485582638707,0.09465059999999999,0.0004571428571428564,0.004835443803076543,78.08764940238987,1.249999999999985,False,TREND_SUPPORT_NOT_CONFIRMED|PLANNED_REWARD_TOO_LOW|RSI_NOT_BELOW_32|CLOSE_NOT_NEAR_OR_BELOW_LOWER_BB|CLOSE_NOT_ABOVE_MA200
2026-10-04T19:32:56.378599+00:00,SIE_OLD_MR_REGIME_EXHAUSTION_CONFIRM_V1,DOGE,DOGEUSDT,strategy-lab-v1.0.0:SIE_OLD_MR_REGIME_EXHAUSTION_CONFIRM_V1,1791133200000,2026-10-04T17:00:00+00:00,0.09454,0.09622,0.09454,0.09545,88.25136612021828,0.093364,0.09197010760817123,0.09464205000000002,0.0005521428571428572,0.005784629200029934,81.69014084506995,1.2499999999999873,False,TREND_SUPPORT_NOT_CONFIRMED|PLANNED_REWARD_TOO_LOW|RSI_NOT_BELOW_32|CLOSE_NOT_NEAR_OR_BELOW_LOWER_BB
2026-10-04T19:32:56.378599+00:00,SIE_OLD_MR_REGIME_EXHAUSTION_CONFIRM_V1,DOGE,DOGEUSDT,strategy-lab-v1.0.0:SIE_OLD_MR_REGIME_EXHAUSTION_CONFIRM_V1,1791136800000,2026-10-04T18:00:00+00:00,0.09544,0.09568,0.09505,0.09508,79.53964194373384,0.0934735,0.09191177947442632,0.09462685,0.0005850000000000002,0.006152713504417336,88.25136612021828,1.25,False,TREND_SUPPORT_NOT_CONFIRMED|RSI_NOT_BELOW_32|CLOSE_NOT_NEAR_OR_BELOW_LOWER_BB|RSI_RECOVERY_NOT_CONFIRMED
2026-10-04T19:32:56.378599+00:00,SIE_OLD_MR_REGIME_EXHAUSTION_CONFIRM_V1,DOGE,DOGEUSDT,strategy-lab-v1.0.0:SIE_OLD_MR_REGIME_EXHAUSTION_CONFIRM_V1,1791140400000,2026-10-04T19:00:00+00:00,0.09511,0.0957,0.09507,0.09552,81.56682027649754,0.0936105,0.09184830279196732,0.09461645,0.000614285714285714,0.006430964345537207,79.53964194373384,1.2500000000000056,False,TREND_SUPPORT_NOT_CONFIRMED|RSI_NOT_BELOW_32|CLOSE_NOT_NEAR_OR_BELOW_LOWER_BB
2026-10-04T19:32:56.378599+00:00,SIE_OLD_MR_REGIME_EXHAUSTION_CONFIRM_V1,BNB,BNBUSDT,strategy-lab-v1.0.0:SIE_OLD_MR_REGIME_EXHAUSTION_CONFIRM_V1,1791129600000,2026-10-04T16:00:00+00:00,787.27,789.27,786.5,788.49,65.07844276583374,787.3264999999999,783.0509075264333,771.1928,2.752142857142847,0.0034903966532775902,59.14742451154487,1.2499999999999793,False,PLANNED_REWARD_TOO_LOW|RSI_NOT_BELOW_32|CLOSE_NOT_NEAR_OR_BELOW_LOWER_BB
2026-10-04T19:32:56.378599+00:00,SIE_OLD_MR_REGIME_EXHAUSTION_CONFIRM_V1,BNB,BNBUSDT,strategy-lab-v1.0.0:SIE_OLD_MR_REGIME_EXHAUSTION_CONFIRM_V1,1791133200000,2026-10-04T17:00:00+00:00,788.61,789.33,788.06,788.29,60.99246231155758,787.4835,783.3097329964385,771.2781,2.632857142857144,0.0033399600944540005,65.07844276583374,1.25,False,RSI_NOT_BELOW_32|CLOSE_NOT_NEAR_OR_BELOW_LOWER_BB|RSI_RECOVERY_NOT_CONFIRMED
2026-10-04T19:32:56.378599+00:00,SIE_OLD_MR_REGIME_EXHAUSTION_CONFIRM_V1,BNB,BNBUSDT,strategy-lab-v1.0.0:SIE_OLD_MR_REGIME_EXHAUSTION_CONFIRM_V1,1791136800000,2026-10-04T18:00:00+00:00,788.44,789.25,788.21,789.19,62.903225806451495,787.4885,783.3068148133774,771.35465,2.57714285714286,0.003265554374919677,60.99246231155758,1.250000000000011,False,RSI_NOT_BELOW_32|CLOSE_NOT_NEAR_OR_BELOW_LOWER_BB
2026-10-04T19:32:56.378599+00:00,SIE_OLD_MR_REGIME_EXHAUSTION_CONFIRM_V1,BNB,BNBUSDT,strategy-lab-v1.0.0:SIE_OLD_MR_REGIME_EXHAUSTION_CONFIRM_V1,1791140400000,2026-10-04T19:00:00+00:00,789.19,789.65,788.6,788.84,57.62273901808772,787.5849999999999,783.3722075769128,771.42345,2.463571428571421,0.0031230305620549427,62.903225806451495,1.25,False,RSI_NOT_BELOW_32|CLOSE_NOT_NEAR_OR_BELOW_LOWER_BB|RSI_RECOVERY_NOT_CONFIRMED
2026-10-04T19:32:56.378599+00:00,SIE_OLD_MR_REGIME_EXHAUSTION_CONFIRM_V1,PAXG,PAXGUSDT,strategy-lab-v1.0.0:SIE_OLD_MR_REGIME_EXHAUSTION_CONFIRM_V1,1791129600000,2026-10-04T16:00:00+00:00,4145.26,4147.7,4143.26,4144.62,41.47727272727072,4146.1230000000005,4143.7023050588605,4186.0451,1.8057142857142676,0.0004356766810260694,50.0,1.25,False,TREND_SUPPORT_NOT_CONFIRMED|RSI_NOT_BELOW_32|CLOSE_NOT_NEAR_OR_BELOW_LOWER_BB|CLOSE_NOT_ABOVE_MA200|RSI_RECOVERY_NOT_CONFIRMED
2026-10-04T19:32:56.378599+00:00,SIE_OLD_MR_REGIME_EXHAUSTION_CONFIRM_V1,PAXG,PAXGUSDT,strategy-lab-v1.0.0:SIE_OLD_MR_REGIME_EXHAUSTION_CONFIRM_V1,1791133200000,2026-10-04T17:00:00+00:00,4144.22,4144.86,4143.02,4143.58,21.26499454742944,4145.918500000001,4143.367576442137,4185.3695,1.7571428571428183,0.0004240639391885322,41.47727272727072,1.25,False,TREND_SUPPORT_NOT_CONFIRMED|CLOSE_NOT_NEAR_OR_BELOW_LOWER_BB|CLOSE_NOT_ABOVE_MA200|RSI_RECOVERY_NOT_CONFIRMED
2026-10-04T19:32:56.378599+00:00,SIE_OLD_MR_REGIME_EXHAUSTION_CONFIRM_V1,PAXG,PAXGUSDT,strategy-lab-v1.0.0:SIE_OLD_MR_REGIME_EXHAUSTION_CONFIRM_V1,1791136800000,2026-10-04T18:00:00+00:00,4143.58,4145.75,4142.82,4145.37,40.65217391304006,4145.8205,4143.344515549712,4184.6981,1.8257142857142494,0.0004404225161358937,21.26499454742944,1.25,False,TREND_SUPPORT_NOT_CONFIRMED|RSI_NOT_BELOW_32|CLOSE_NOT_NEAR_OR_BELOW_LOWER_BB|CLOSE_NOT_ABOVE_MA200
2026-10-04T19:32:56.378599+00:00,SIE_OLD_MR_REGIME_EXHAUSTION_CONFIRM_V1,PAXG,PAXGUSDT,strategy-lab-v1.0.0:SIE_OLD_MR_REGIME_EXHAUSTION_CONFIRM_V1,1791140400000,2026-10-04T19:00:00+00:00,4144.93,4145.78,4144.93,4145.73,40.65217391304006,4145.7665,4143.332439401315,4184.02625,1.7285714285713507,0.00041695224449526404,40.65217391304006,1.25,False,TREND_SUPPORT_NOT_CONFIRMED|RSI_NOT_BELOW_32|CLOSE_NOT_NEAR_OR_BELOW_LOWER_BB|CLOSE_NOT_ABOVE_MA200|RSI_RECOVERY_NOT_CONFIRMED
2026-10-04T23:01:21.724882+00:00,SIE_OLD_MR_REGIME_EXHAUSTION_CONFIRM_V1,BTC,BTCUSDT,strategy-lab-v1.0.0:SIE_OLD_MR_REGIME_EXHAUSTION_CONFIRM_V1,1791144000000,2026-10-04T20:00:00+00:00,85417.47,85864.85,85382.0,85822.83,79.03862156035662,85159.27100000001,84656.62134714505,84303.5706,227.5050000000005,0.0026508680732154895,73.56379032695791,1.25,False,RSI_NOT_BELOW_32|CLOSE_NOT_NEAR_OR_BELOW_LOWER_BB
2026-10-04T23:01:21.724882+00:00,SIE_OLD_MR_REGIME_EXHAUSTION_CONFIRM_V1,BTC,BTCUSDT,strategy-lab-v1.0.0:SIE_OLD_MR_REGIME_EXHAUSTION_CONFIRM_V1,1791147600000,2026-10-04T21:00:00+00:00,85822.83,86051.6,85766.16,85853.04,78.17487881571742,85212.188,84654.39187216904,84313.1592,233.95285714285794,0.0027250387073405667,79.03862156035662,1.2499999999999845,False,PLANNED_REWARD_TOO_LOW|RSI_NOT_BELOW_32|CLOSE_NOT_NEAR_OR_BELOW_LOWER_BB|RSI_RECOVERY_NOT_CONFIRMED
2026-10-04T23:01:21.724882+00:00,SIE_OLD_MR_REGIME_EXHAUSTION_CONFIRM_V1,BTC,BTCUSDT,strategy-lab-v1.0.0:SIE_OLD_MR_REGIME_EXHAUSTION_CONFIRM_V1,1791151200000,2026-10-04T22:00:00+00:00,85853.04,86700.0,85835.55,86423.0,84.90517481342198,85293.8355,84557.59891787563,84325.2014,284.17785714285753,0.003288220232378621,78.17487881571742,1.2500000000000129,False,RSI_NOT_BELOW_32|CLOSE_NOT_NEAR_OR_BELOW_LOWER_BB
2026-10-04T23:01:21.724882+00:00,SIE_OLD_MR_REGIME_EXHAUSTION_CONFIRM_V1,BTC,BTCUSDT,strategy-lab-v1.0.0:SIE_OLD_MR_REGIME_EXHAUSTION_CONFIRM_V1,1791154800000,2026-10-04T23:00:00+00:00,86423.0,86479.72,86396.3,86449.99,84.08062434571644,85375.117,84515.53874734166,84336.71704999998,269.66000000000037,0.003119260048497407,84.90517481342198,1.249999999999973,False,PLANNED_REWARD_TOO_LOW|RSI_NOT_BELOW_32|CLOSE_NOT_NEAR_OR_BELOW_LOWER_BB|RSI_RECOVERY_NOT_CONFIRMED
2026-10-04T23:01:21.724882+00:00,SIE_OLD_MR_REGIME_EXHAUSTION_CONFIRM_V1,SOL,SOLUSDT,strategy-lab-v1.0.0:SIE_OLD_MR_REGIME_EXHAUSTION_CONFIRM_V1,1791144000000,2026-10-04T20:00:00+00:00,121.08,121.4,120.61,121.24,55.639097744360825,121.1405,120.27165076106377,119.85185,0.5442857142857146,0.00448932459819956,55.133079847908654,1.2499999999999936,False,PLANNED_REWARD_TOO_LOW|RSI_NOT_BELOW_32|CLOSE_NOT_NEAR_OR_BELOW_LOWER_BB
2026-10-04T23:01:21.724882+00:00,SIE_OLD_MR_REGIME_EXHAUSTION_CONFIRM_V1,SOL,SOLUSDT,strategy-lab-v1.0.0:SIE_OLD_MR_REGIME_EXHAUSTION_CONFIRM_V1,1791147600000,2026-10-04T21:00:00+00:00,121.27,121.59,121.01,121.17,51.17187500000004,121.19250000000002,120.4576292630673,119.8539,0.5557142857142858,0.004586236574352445,55.639097744360825,1.2500000000000129,False,RSI_NOT_BELOW_32|CLOSE_NOT_NEAR_OR_BELOW_LOWER_BB|RSI_RECOVERY_NOT_CONFIRMED
2026-10-04T23:01:21.724882+00:00,SIE_OLD_MR_REGIME_EXHAUSTION_CONFIRM_V1,SOL,SOLUSDT,strategy-lab-v1.0.0:SIE_OLD_MR_REGIME_EXHAUSTION_CONFIRM_V1,1791151200000,2026-10-04T22:00:00+00:00,121.2,122.26,121.2,121.63,62.10526315789472,121.25399999999999,120.59250472412873,119.8573,0.6042857142857139,0.004968229172783967,51.17187500000004,1.25,False,RSI_NOT_BELOW_32|CLOSE_NOT_NEAR_OR_BELOW_LOWER_BB
2026-10-04T23:01:21.724882+00:00,SIE_OLD_MR_REGIME_EXHAUSTION_CONFIRM_V1,XRP,XRPUSDT,strategy-lab-v1.0.0:SIE_OLD_MR_REGIME_EXHAUSTION_CONFIRM_V1,1791144000000,2026-10-04T20:00:00+00:00,1.5065,1.5079,1.5018,1.5056,63.2716049382717,1.498305,1.48727132880679,1.5027040000000003,0.00621428571428568,0.0041274480036435175,70.10869565217396,1.2500000000000089,False,TREND_SUPPORT_NOT_CONFIRMED|RSI_NOT_BELOW_32|CLOSE_NOT_NEAR_OR_BELOW_LOWER_BB|RSI_RECOVERY_NOT_CONFIRMED
2026-10-04T23:01:21.724882+00:00,SIE_OLD_MR_REGIME_EXHAUSTION_CONFIRM_V1,XRP,XRPUSDT,strategy-lab-v1.0.0:SIE_OLD_MR_REGIME_EXHAUSTION_CONFIRM_V1,1791147600000,2026-10-04T21:00:00+00:00,1.5058,1.5133,1.505,1.5082,63.93939393939397,1.49931,1.4885185404138328,1.502539,0.006314285714285685,0.0041866368613484185,63.2716049382717,1.25,False,TREND_SUPPORT_NOT_CONFIRMED|RSI_NOT_BELOW_32|CLOSE_NOT_NEAR_OR_BELOW_LOWER_BB
2026-10-04T23:01:21.724882+00:00,SIE_OLD_MR_REGIME_EXHAUSTION_CONFIRM_V1,XRP,XRPUSDT,strategy-lab-v1.0.0:SIE_OLD_MR_REGIME_EXHAUSTION_CONFIRM_V1,1791151200000,2026-10-04T22:00:00+00:00,1.5084,1.5243,1.5084,1.5186,79.34508816120936,1.500775,1.488037201917133,1.5024019999999998,0.007035714285714272,0.004633026659893502,63.93939393939397,1.25,False,TREND_SUPPORT_NOT_CONFIRMED|RSI_NOT_BELOW_32|CLOSE_NOT_NEAR_OR_BELOW_LOWER_BB
2026-10-04T23:01:21.724882+00:00,SIE_OLD_MR_REGIME_EXHAUSTION_CONFIRM_V1,DOGE,DOGEUSDT,strategy-lab-v1.0.0:SIE_OLD_MR_REGIME_EXHAUSTION_CONFIRM_V1,1791144000000,2026-10-04T20:00:00+00:00,0.09537,0.09586,0.09528,0.09583,81.69336384439345,0.09375,0.0918009386874705,0.09460825,0.0006235714285714297,0.006507058630610766,80.90692124104996,1.2500000000000056,False,TREND_SUPPORT_NOT_CONFIRMED|RSI_NOT_BELOW_32|CLOSE_NOT_NEAR_OR_BELOW_LOWER_BB
2026-10-04T23:01:21.724882+00:00,SIE_OLD_MR_REGIME_EXHAUSTION_CONFIRM_V1,DOGE,DOGEUSDT,strategy-lab-v1.0.0:SIE_OLD_MR_REGIME_EXHAUSTION_CONFIRM_V1,1791147600000,2026-10-04T21:00:00+00:00,0.09585,0.09757,0.09583,0.09632,81.94130925507888,0.0939275,0.09173621841152277,0.09460445,0.0007107142857142867,0.007378678215472246,81.69336384439345,1.25,False,TREND_SUPPORT_NOT_CONFIRMED|RSI_NOT_BELOW_32|CLOSE_NOT_NEAR_OR_BELOW_LOWER_BB
2026-10-04T23:01:21.724882+00:00,SIE_OLD_MR_REGIME_EXHAUSTION_CONFIRM_V1,DOGE,DOGEUSDT,strategy-lab-v1.0.0:SIE_OLD_MR_REGIME_EXHAUSTION_CONFIRM_V1,1791151200000,2026-10-04T22:00:00+00:00,0.09635,0.09711,0.09623,0.0964,88.96882494004794,0.0941105,0.09174229836162556,0.09459715,0.000740714285714288,0.007683758150563154,81.94130925507888,1.2500000000000093,False,TREND_SUPPORT_NOT_CONFIRMED|RSI_NOT_BELOW_32|CLOSE_NOT_NEAR_OR_BELOW_LOWER_BB
2026-10-04T23:01:21.724882+00:00,SIE_OLD_MR_REGIME_EXHAUSTION_CONFIRM_V1,BNB,BNBUSDT,strategy-lab-v1.0.0:SIE_OLD_MR_REGIME_EXHAUSTION_CONFIRM_V1,1791144000000,2026-10-04T20:00:00+00:00,789.03,792.48,788.92,792.3,62.111043319096595,787.958,783.3865293394771,771.5178500000001,2.4964285714285666,0.003150862768431865,59.30537352555692,1.2500000000000113,False,RSI_NOT_BELOW_32|CLOSE_NOT_NEAR_OR_BELOW_LOWER_BB
2026-10-04T23:01:21.724882+00:00,SIE_OLD_MR_REGIME_EXHAUSTION_CONFIRM_V1,BNB,BNBUSDT,strategy-lab-v1.0.0:SIE_OLD_MR_REGIME_EXHAUSTION_CONFIRM_V1,1791147600000,2026-10-04T21:00:00+00:00,792.2,795.48,791.37,793.24,65.2199413489736,788.4105,783.6335073267774,771.6229000000001,2.6785714285714284,0.0033767478046636936,62.111043319096595,1.2500000000000107,False,RSI_NOT_BELOW_32|CLOSE_NOT_NEAR_OR_BELOW_LOWER_BB
2026-10-04T23:01:21.724882+00:00,SIE_OLD_MR_REGIME_EXHAUSTION_CONFIRM_V1,BNB,BNBUSDT,strategy-lab-v1.0.0:SIE_OLD_MR_REGIME_EXHAUSTION_CONFIRM_V1,1791151200000,2026-10-04T22:00:00+00:00,793.51,797.57,793.29,795.55,66.1915621436714,789.023,783.8956143113646,771.7314,2.7914285714285745,0.0035088034333839164,65.2199413489736,1.2500000000000102,False,RSI_NOT_BELOW_32|CLOSE_NOT_NEAR_OR_BELOW_LOWER_BB
2026-10-04T23:01:21.724882+00:00,SIE_OLD_MR_REGIME_EXHAUSTION_CONFIRM_V1,PAXG,PAXGUSDT,strategy-lab-v1.0.0:SIE_OLD_MR_REGIME_EXHAUSTION_CONFIRM_V1,1791144000000,2026-10-04T20:00:00+00:00,4145.51,4145.53,4142.85,4144.59,35.39267015706575,4145.6825,4143.182933037879,4183.34855,1.8985714285713584,0.00045808425648166846,37.30684326710517,1.2499999999998803,False,TREND_SUPPORT_NOT_CONFIRMED|PLANNED_REWARD_TOO_LOW|RSI_NOT_BELOW_32|CLOSE_NOT_NEAR_OR_BELOW_LOWER_BB|CLOSE_NOT_ABOVE_MA200|RSI_RECOVERY_NOT_CONFIRMED
2026-10-04T23:01:21.724882+00:00,SIE_OLD_MR_REGIME_EXHAUSTION_CONFIRM_V1,PAXG,PAXGUSDT,strategy-lab-v1.0.0:SIE_OLD_MR_REGIME_EXHAUSTION_CONFIRM_V1,1791147600000,2026-10-04T21:00:00+00:00,4144.96,4145.08,4141.41,4141.41,27.6369582992606,4145.5095,4142.403547811357,4182.666050000001,2.056428571428504,0.0004965527613611074,35.39267015706575,1.25,False,TREND_SUPPORT_NOT_CONFIRMED|CLOSE_NOT_ABOVE_MA200|RSI_RECOVERY_NOT_CONFIRMED
2026-10-04T23:01:21.724882+00:00,SIE_OLD_MR_REGIME_EXHAUSTION_CONFIRM_V1,PAXG,PAXGUSDT,strategy-lab-v1.0.0:SIE_OLD_MR_REGIME_EXHAUSTION_CONFIRM_V1,1791151200000,2026-10-04T22:00:00+00:00,4140.0,4153.46,4138.27,4152.28,64.24706943192098,4145.8025,4141.523986823892,4182.0362,3.047142857142717,0.0007338481164908718,27.6369582992606,1.2500000000000746,False,TREND_SUPPORT_NOT_CONFIRMED|RSI_NOT_BELOW_32|CLOSE_NOT_NEAR_OR_BELOW_LOWER_BB|CLOSE_NOT_ABOVE_MA200
2026-10-05T05:26:48.782922+00:00,SIE_OLD_MR_REGIME_EXHAUSTION_CONFIRM_V1,BTC,BTCUSDT,strategy-lab-v1.0.0:SIE_OLD_MR_REGIME_EXHAUSTION_CONFIRM_V1,1791158400000,2026-10-05T00:00:00+00:00,86502.65,86708.54,86171.87,86645.94,85.340039071466,85470.0195,84477.01703636853,84349.71084999999,316.2857142857143,0.003650323538364455,84.56883915963762,1.249999999999977,False,PLANNED_REWARD_TOO_LOW|RSI_NOT_BELOW_32|CLOSE_NOT_NEAR_OR_BELOW_LOWER_BB
2026-10-05T05:26:48.782922+00:00,SIE_OLD_MR_REGIME_EXHAUSTION_CONFIRM_V1,BTC,BTCUSDT,strategy-lab-v1.0.0:SIE_OLD_MR_REGIME_EXHAUSTION_CONFIRM_V1,1791162000000,2026-10-05T01:00:00+00:00,86639.24,86996.0,86453.65,86605.1,83.23056252330869,85555.447,84483.63985477138,84362.10315000001,345.71928571428623,0.003991904468839435,85.340039071466,1.2499999999999896,False,PLANNED_REWARD_TOO_LOW|RSI_NOT_BELOW_32|CLOSE_NOT_NEAR_OR_BELOW_LOWER_BB|RSI_RECOVERY_NOT_CONFIRMED
2026-10-05T05:26:48.782922+00:00,SIE_OLD_MR_REGIME_EXHAUSTION_CONFIRM_V1,BTC,BTCUSDT,strategy-lab-v1.0.0:SIE_OLD_MR_REGIME_EXHAUSTION_CONFIRM_V1,1791165600000,2026-10-05T02:00:00+00:00,86605.1,86727.31,86389.14,86509.66,87.75119978024216,85630.2695,84512.37986878495,84374.6784,347.57642857142906,0.004017775917411178,83.23056252330869,1.25,False,RSI_NOT_BELOW_32|CLOSE_NOT_NEAR_OR_BELOW_LOWER_BB|RSI_RECOVERY_NOT_CONFIRMED
2026-10-05T05:26:48.782922+00:00,SIE_OLD_MR_REGIME_EXHAUSTION_CONFIRM_V1,BTC,BTCUSDT,strategy-lab-v1.0.0:SIE_OLD_MR_REGIME_EXHAUSTION_CONFIRM_V1,1791169200000,2026-10-05T03:00:00+00:00,86509.66,86519.99,85977.14,86058.96,68.91271758713816,85678.288,84573.44746262679,84384.96995,371.05785714285804,0.004311670244944373,87.75119978024216,1.2500000000000098,False,RSI_NOT_BELOW_32|CLOSE_NOT_NEAR_OR_BELOW_LOWER_BB|RSI_RECOVERY_NOT_CONFIRMED
2026-10-05T05:26:48.782922+00:00,SIE_OLD_MR_REGIME_EXHAUSTION_CONFIRM_V1,BTC,BTCUSDT,strategy-lab-v1.0.0:SIE_OLD_MR_REGIME_EXHAUSTION_CONFIRM_V1,1791172800000,2026-10-05T04:00:00+00:00,86060.46,86127.51,85456.52,85505.44,54.2542918056412,85698.8705,84623.40513113957,84392.4155,404.09357142857124,0.004725939910122341,68.91271758713816,1.249999999999991,False,PLANNED_REWARD_TOO_LOW|RSI_NOT_BELOW_32|CLOSE_NOT_NEAR_OR_BELOW_LOWER_BB|RSI_RECOVERY_NOT_CONFIRMED
2026-10-05T05:26:48.782922+00:00,SIE_OLD_MR_REGIME_EXHAUSTION_CONFIRM_V1,BTC,BTCUSDT,strategy-lab-v1.0.0:SIE_OLD_MR_REGIME_EXHAUSTION_CONFIRM_V1,1791176400000,2026-10-05T05:00:00+00:00,85505.44,85571.84,85383.72,85452.79,53.915062304376036,85710.54,84651.19407863196,84398.99135,400.58071428571463,0.004687742954743955,54.2542918056412,1.250000000000009,False,RSI_NOT_BELOW_32|CLOSE_NOT_NEAR_OR_BELOW_LOWER_BB|RSI_RECOVERY_NOT_CONFIRMED
2026-10-05T05:26:48.782922+00:00,SIE_OLD_MR_REGIME_EXHAUSTION_CONFIRM_V1,SOL,SOLUSDT,strategy-lab-v1.0.0:SIE_OLD_MR_REGIME_EXHAUSTION_CONFIRM_V1,1791154800000,2026-10-04T23:00:00+00:00,121.7,122.13,121.35,121.57,55.14705882352919,121.299,120.65716201421237,119.85625,0.6078571428571422,0.005000058755097,63.139931740614294,1.25,False,RSI_NOT_BELOW_32|CLOSE_NOT_NEAR_OR_BELOW_LOWER_BB|RSI_RECOVERY_NOT_CONFIRMED
2026-10-05T05:26:48.782922+00:00,SIE_OLD_MR_REGIME_EXHAUSTION_CONFIRM_V1,SOL,SOLUSDT,strategy-lab-v1.0.0:SIE_OLD_MR_REGIME_EXHAUSTION_CONFIRM_V1,1791158400000,2026-10-05T00:00:00+00:00,121.55,121.56,120.79,121.3,50.67567567567555,121.333,120.7716409348733,119.85465,0.6328571428571418,0.0052172888941231805,55.14705882352919,1.2500000000000113,False,RSI_NOT_BELOW_32|CLOSE_NOT_NEAR_OR_BELOW_LOWER_BB|RSI_RECOVERY_NOT_CONFIRMED
2026-10-05T05:26:48.782922+00:00,SIE_OLD_MR_REGIME_EXHAUSTION_CONFIRM_V1,SOL,SOLUSDT,strategy-lab-v1.0.0:SIE_OLD_MR_REGIME_EXHAUSTION_CONFIRM_V1,1791162000000,2026-10-05T01:00:00+00:00,121.28,121.61,120.99,121.14,48.70129870129872,121.3495,120.83299346567551,119.85295,0.654285714285714,0.005401070779971224,50.67567567567555,1.25,False,RSI_NOT_BELOW_32|CLOSE_NOT_NEAR_OR_BELOW_LOWER_BB|RSI_RECOVERY_NOT_CONFIRMED
2026-10-05T05:26:48.782922+00:00,SIE_OLD_MR_REGIME_EXHAUSTION_CONFIRM_V1,SOL,SOLUSDT,strategy-lab-v1.0.0:SIE_OLD_MR_REGIME_EXHAUSTION_CONFIRM_V1,1791165600000,2026-10-05T02:00:00+00:00,121.13,121.68,121.1,121.18,48.3660130718955,121.3615,120.8732265110618,119.85365,0.6521428571428578,0.005381604696673195,48.70129870129872,1.2499999999999944,False,PLANNED_REWARD_TOO_LOW|RSI_NOT_BELOW_32|CLOSE_NOT_NEAR_OR_BELOW_LOWER_BB|RSI_RECOVERY_NOT_CONFIRMED
2026-10-05T05:26:48.782922+00:00,SIE_OLD_MR_REGIME_EXHAUSTION_CONFIRM_V1,SOL,SOLUSDT,strategy-lab-v1.0.0:SIE_OLD_MR_REGIME_EXHAUSTION_CONFIRM_V1,1791169200000,2026-10-05T03:00:00+00:00,121.17,121.25,120.29,120.4,30.994152046783512,121.326,120.68912010551445,119.85005000000001,0.6692857142857146,0.0055588514475557686,48.3660130718955,1.2499999999999947,False,PLANNED_REWARD_TOO_LOW|RSI_RECOVERY_NOT_CONFIRMED
2026-10-05T05:26:48.782922+00:00,SIE_OLD_MR_REGIME_EXHAUSTION_CONFIRM_V1,SOL,SOLUSDT,strategy-lab-v1.0.0:SIE_OLD_MR_REGIME_EXHAUSTION_CONFIRM_V1,1791172800000,2026-10-05T04:00:00+00:00,120.4,120.75,120.01,120.47,29.55223880596988,121.30249999999998,120.58128227975185,119.8507,0.6750000000000002,0.00560305470241554,30.994152046783512,1.2500000000000053,False,RSI_RECOVERY_NOT_CONFIRMED
2026-10-05T05:26:48.782922+00:00,SIE_OLD_MR_REGIME_EXHAUSTION_CONFIRM_V1,SOL,SOLUSDT,strategy-lab-v1.0.0:SIE_OLD_MR_REGIME_EXHAUSTION_CONFIRM_V1,1791176400000,2026-10-05T05:00:00+00:00,120.47,120.55,119.97,120.09,28.862973760932675,121.24249999999999,120.34820977865127,119.84465,0.6778571428571435,0.005644576091740724,29.55223880596988,1.2499999999999947,False,PLANNED_REWARD_TOO_LOW|RSI_RECOVERY_NOT_CONFIRMED
2026-10-05T05:26:48.782922+00:00,SIE_OLD_MR_REGIME_EXHAUSTION_CONFIRM_V1,XRP,XRPUSDT,strategy-lab-v1.0.0:SIE_OLD_MR_REGIME_EXHAUSTION_CONFIRM_V1,1791154800000,2026-10-04T23:00:00+00:00,1.5185,1.5266,1.5173,1.5203,77.89757412398954,1.502305,1.4880010879476977,1.5022410000000002,0.007057142857142841,0.004641940970297205,79.34508816120936,1.2499999999999922,False,PLANNED_REWARD_TOO_LOW|RSI_NOT_BELOW_32|CLOSE_NOT_NEAR_OR_BELOW_LOWER_BB|RSI_RECOVERY_NOT_CONFIRMED
2026-10-05T05:26:48.782922+00:00,SIE_OLD_MR_REGIME_EXHAUSTION_CONFIRM_V1,XRP,XRPUSDT,strategy-lab-v1.0.0:SIE_OLD_MR_REGIME_EXHAUSTION_CONFIRM_V1,1791158400000,2026-10-05T00:00:00+00:00,1.5199,1.5248,1.5123,1.523,78.36411609498708,1.50388,1.487849204636076,1.5021244999999999,0.007635714285714269,0.005013600975518234,77.89757412398954,1.2499999999999856,False,PLANNED_REWARD_TOO_LOW|RSI_NOT_BELOW_32|CLOSE_NOT_NEAR_OR_BELOW_LOWER_BB
2026-10-05T05:26:48.782922+00:00,SIE_OLD_MR_REGIME_EXHAUSTION_CONFIRM_V1,XRP,XRPUSDT,strategy-lab-v1.0.0:SIE_OLD_MR_REGIME_EXHAUSTION_CONFIRM_V1,1791162000000,2026-10-05T01:00:00+00:00,1.5228,1.5309,1.5194,1.5205,79.411764705883,1.50532,1.4887590096914463,1.5020450000000003,0.008135714285714262,0.005350683515760777,78.36411609498708,1.25,False,RSI_NOT_BELOW_32|CLOSE_NOT_NEAR_OR_BELOW_LOWER_BB|RSI_RECOVERY_NOT_CONFIRMED
2026-10-05T05:26:48.782922+00:00,SIE_OLD_MR_REGIME_EXHAUSTION_CONFIRM_V1,XRP,XRPUSDT,strategy-lab-v1.0.0:SIE_OLD_MR_REGIME_EXHAUSTION_CONFIRM_V1,1791165600000,2026-10-05T02:00:00+00:00,1.5204,1.5289,1.5182,1.5186,76.94300518134754,1.5064,1.4893404572159739,1.502032,0.00852857142857141,0.0056160749562566906,79.411764705883,1.2499999999999936,False,PLANNED_REWARD_TOO_LOW|RSI_NOT_BELOW_32|CLOSE_NOT_NEAR_OR_BELOW_LOWER_BB|RSI_RECOVERY_NOT_CONFIRMED
2026-10-05T05:26:48.782922+00:00,SIE_OLD_MR_REGIME_EXHAUSTION_CONFIRM_V1,XRP,XRPUSDT,strategy-lab-v1.0.0:SIE_OLD_MR_REGIME_EXHAUSTION_CONFIRM_V1,1791169200000,2026-10-05T03:00:00+00:00,1.5187,1.5194,1.5087,1.511,61.627906976744335,1.5070000000000001,1.4901813199091007,1.5019715,0.008735714285714291,0.005781412498818195,76.94300518134754,1.2500000000000127,False,RSI_NOT_BELOW_32|CLOSE_NOT_NEAR_OR_BELOW_LOWER_BB|RSI_RECOVERY_NOT_CONFIRMED
2026-10-05T05:26:48.782922+00:00,SIE_OLD_MR_REGIME_EXHAUSTION_CONFIRM_V1,XRP,XRPUSDT,strategy-lab-v1.0.0:SIE_OLD_MR_REGIME_EXHAUSTION_CONFIRM_V1,1791172800000,2026-10-05T04:00:00+00:00,1.511,1.5124,1.4986,1.5035,51.318458417849996,1.50741,1.4913704364149138,1.5019315,0.009307142857142863,0.006190317829825648,61.627906976744335,1.249999999999994,False,PLANNED_REWARD_TOO_LOW|RSI_NOT_BELOW_32|CLOSE_NOT_NEAR_OR_BELOW_LOWER_BB|RSI_RECOVERY_NOT_CONFIRMED
2026-10-05T05:26:48.782922+00:00,SIE_OLD_MR_REGIME_EXHAUSTION_CONFIRM_V1,XRP,XRPUSDT,strategy-lab-v1.0.0:SIE_OLD_MR_REGIME_EXHAUSTION_CONFIRM_V1,1791176400000,2026-10-05T05:00:00+00:00,1.5034,1.5049,1.4995,1.5006,45.87525150905429,1.50746,1.4915121600208674,1.5018144999999998,0.009071428571428572,0.006045200967232155,51.318458417849996,1.25,False,RSI_NOT_BELOW_32|CLOSE_NOT_NEAR_OR_BELOW_LOWER_BB|CLOSE_NOT_ABOVE_MA200|RSI_RECOVERY_NOT_CONFIRMED
2026-10-05T05:26:48.782922+00:00,SIE_OLD_MR_REGIME_EXHAUSTION_CONFIRM_V1,DOGE,DOGEUSDT,strategy-lab-v1.0.0:SIE_OLD_MR_REGIME_EXHAUSTION_CONFIRM_V1,1791154800000,2026-10-04T23:00:00+00:00,0.09635,0.09653,0.09571,0.09581,77.3033707865169,0.0942665,0.09189462921937164,0.09458265,0.0007642857142857164,0.007977097529336357,88.86198547215494,1.25,False,TREND_SUPPORT_NOT_CONFIRMED|RSI_NOT_BELOW_32|CLOSE_NOT_NEAR_OR_BELOW_LOWER_BB|RSI_RECOVERY_NOT_CONFIRMED
2026-10-05T05:26:48.782922+00:00,SIE_OLD_MR_REGIME_EXHAUSTION_CONFIRM_V1,DOGE,DOGEUSDT,strategy-lab-v1.0.0:SIE_OLD_MR_REGIME_EXHAUSTION_CONFIRM_V1,1791158400000,2026-10-05T00:00:00+00:00,0.09582,0.0964,0.09554,0.09637,80.16032064128267,0.09444649999999999,0.09201068165701981,0.09457245,0.0008021428571428594,0.00832357431921614,77.3033707865169,1.25,False,TREND_SUPPORT_NOT_CONFIRMED|RSI_NOT_BELOW_32|CLOSE_NOT_NEAR_OR_BELOW_LOWER_BB
2026-10-05T05:26:48.782922+00:00,SIE_OLD_MR_REGIME_EXHAUSTION_CONFIRM_V1,DOGE,DOGEUSDT,strategy-lab-v1.0.0:SIE_OLD_MR_REGIME_EXHAUSTION_CONFIRM_V1,1791162000000,2026-10-05T01:00:00+00:00,0.09633,0.09695,0.09603,0.09615,76.32093933463807,0.094615,0.0921974433822558,0.09456465,0.000834285714285716,0.00867691850531166,80.16032064128267,1.2500000000000042,False,RSI_NOT_BELOW_32|CLOSE_NOT_NEAR_OR_BELOW_LOWER_BB|RSI_RECOVERY_NOT_CONFIRMED
2026-10-05T05:26:48.782922+00:00,SIE_OLD_MR_REGIME_EXHAUSTION_CONFIRM_V1,DOGE,DOGEUSDT,strategy-lab-v1.0.0:SIE_OLD_MR_REGIME_EXHAUSTION_CONFIRM_V1,1791165600000,2026-10-05T02:00:00+00:00,0.09615,0.09681,0.09612,0.09622,77.69080234833672,0.09477300000000001,0.09236960157277267,0.09456005,0.0008521428571428578,0.008856192653739948,76.32093933463807,1.25,False,RSI_NOT_BELOW_32|CLOSE_NOT_NEAR_OR_BELOW_LOWER_BB
2026-10-05T05:26:48.782922+00:00,SIE_OLD_MR_REGIME_EXHAUSTION_CONFIRM_V1,DOGE,DOGEUSDT,strategy-lab-v1.0.0:SIE_OLD_MR_REGIME_EXHAUSTION_CONFIRM_V1,1791169200000,2026-10-05T03:00:00+00:00,0.09614,0.09646,0.09565,0.09587,71.7267552182164,0.094892,0.09251899683944609,0.09455449999999999,0.0008800000000000008,0.00917909669343904,77.69080234833672,1.249999999999996,False,PLANNED_REWARD_TOO_LOW|RSI_NOT_BELOW_32|CLOSE_NOT_NEAR_OR_BELOW_LOWER_BB|RSI_RECOVERY_NOT_CONFIRMED
2026-10-05T05:26:48.782922+00:00,SIE_OLD_MR_REGIME_EXHAUSTION_CONFIRM_V1,DOGE,DOGEUSDT,strategy-lab-v1.0.0:SIE_OLD_MR_REGIME_EXHAUSTION_CONFIRM_V1,1791172800000,2026-10-05T04:00:00+00:00,0.09585,0.09595,0.09473,0.09519,60.97122302158276,0.094994,0.09275784794792506,0.09455145,0.0009171428571428575,0.009634865607131605,71.7267552182164,1.2499999999999962,False,PLANNED_REWARD_TOO_LOW|RSI_NOT_BELOW_32|CLOSE_NOT_NEAR_OR_BELOW_LOWER_BB|RSI_RECOVERY_NOT_CONFIRMED
2026-10-05T05:26:48.782922+00:00,SIE_OLD_MR_REGIME_EXHAUSTION_CONFIRM_V1,DOGE,DOGEUSDT,strategy-lab-v1.0.0:SIE_OLD_MR_REGIME_EXHAUSTION_CONFIRM_V1,1791176400000,2026-10-05T05:00:00+00:00,0.09522,0.09541,0.09499,0.095,57.40072202166069,0.09507499999999999,0.09296475356889321,0.0945441,0.0009028571428571427,0.00950375939849624,60.97122302158276,1.25,False,RSI_NOT_BELOW_32|CLOSE_NOT_NEAR_OR_BELOW_LOWER_BB|RSI_RECOVERY_NOT_CONFIRMED
2026-10-05T05:26:48.782922+00:00,SIE_OLD_MR_REGIME_EXHAUSTION_CONFIRM_V1,BNB,BNBUSDT,strategy-lab-v1.0.0:SIE_OLD_MR_REGIME_EXHAUSTION_CONFIRM_V1,1791154800000,2026-10-04T23:00:00+00:00,795.76,797.07,794.55,795.41,61.46435452793801,789.5505,784.112634701923,771.83735,2.568571428571439,0.003229242062045284,66.05609616485395,1.25,False,RSI_NOT_BELOW_32|CLOSE_NOT_NEAR_OR_BELOW_LOWER_BB|RSI_RECOVERY_NOT_CONFIRMED
2026-10-05T05:26:48.782922+00:00,SIE_OLD_MR_REGIME_EXHAUSTION_CONFIRM_V1,BNB,BNBUSDT,strategy-lab-v1.0.0:SIE_OLD_MR_REGIME_EXHAUSTION_CONFIRM_V1,1791158400000,2026-10-05T00:00:00+00:00,795.32,796.64,793.24,796.43,78.32840236686359,790.1285,784.3563140189326,771.9475,2.5714285714285796,0.0032286937601905753,61.46435452793801,1.249999999999989,False,PLANNED_REWARD_TOO_LOW|RSI_NOT_BELOW_32|CLOSE_NOT_NEAR_OR_BELOW_LOWER_BB
2026-10-05T05:26:48.782922+00:00,SIE_OLD_MR_REGIME_EXHAUSTION_CONFIRM_V1,BNB,BNBUSDT,strategy-lab-v1.0.0:SIE_OLD_MR_REGIME_EXHAUSTION_CONFIRM_V1,1791162000000,2026-10-05T01:00:00+00:00,796.11,801.48,795.38,799.61,83.45454545454488,790.7850000000001,783.9357942066229,772.08225,2.85500000000001,0.0035704906141744226,78.32840236686359,1.25,False,RSI_NOT_BELOW_32|CLOSE_NOT_NEAR_OR_BELOW_LOWER_BB
2026-10-05T05:26:48.782922+00:00,SIE_OLD_MR_REGIME_EXHAUSTION_CONFIRM_V1,BNB,BNBUSDT,strategy-lab-v1.0.0:SIE_OLD_MR_REGIME_EXHAUSTION_CONFIRM_V1,1791165600000,2026-10-05T02:00:00+00:00,799.68,810.38,799.66,800.81,84.38215102974775,791.409,783.3934628377112,772.23025,3.450000000000005,0.004308138010264613,83.45454545454488,1.2500000000000164,False,RSI_NOT_BELOW_32|CLOSE_NOT_NEAR_OR_BELOW_LOWER_BB
2026-10-05T05:26:48.782922+00:00,SIE_OLD_MR_REGIME_EXHAUSTION_CONFIRM_V1,BNB,BNBUSDT,strategy-lab-v1.0.0:SIE_OLD_MR_REGIME_EXHAUSTION_CONFIRM_V1,1791169200000,2026-10-05T03:00:00+00:00,800.8,801.91,790.87,791.58,54.08829174664105,791.5855,783.7195290491236,772.3338500000001,4.105714285714295,0.00518673322432893,84.38215102974775,1.2500000000000069,False,RSI_NOT_BELOW_32|CLOSE_NOT_NEAR_OR_BELOW_LOWER_BB|RSI_RECOVERY_NOT_CONFIRMED
2026-10-05T05:26:48.782922+00:00,SIE_OLD_MR_REGIME_EXHAUSTION_CONFIRM_V1,BNB,BNBUSDT,strategy-lab-v1.0.0:SIE_OLD_MR_REGIME_EXHAUSTION_CONFIRM_V1,1791172800000,2026-10-05T04:00:00+00:00,791.73,792.4,788.63,789.17,54.19230769230758,791.5505,783.6481624344418,772.4333499999999,4.090000000000008,0.005182660263314632,54.08829174664105,1.2500000000000069,False,RSI_NOT_BELOW_32|CLOSE_NOT_NEAR_OR_BELOW_LOWER_BB|RSI_RECOVERY_NOT_CONFIRMED
2026-10-05T05:26:48.782922+00:00,SIE_OLD_MR_REGIME_EXHAUSTION_CONFIRM_V1,BNB,BNBUSDT,strategy-lab-v1.0.0:SIE_OLD_MR_REGIME_EXHAUSTION_CONFIRM_V1,1791176400000,2026-10-05T05:00:00+00:00,789.3,790.44,788.44,788.53,52.371916508538874,791.385,783.3759238984742,772.5153999999999,4.123571428571438,0.005229441401812788,54.19230769230758,1.2499999999999862,False,PLANNED_REWARD_TOO_LOW|RSI_NOT_BELOW_32|CLOSE_NOT_NEAR_OR_BELOW_LOWER_BB|RSI_RECOVERY_NOT_CONFIRMED
2026-10-05T05:26:48.782922+00:00,SIE_OLD_MR_REGIME_EXHAUSTION_CONFIRM_V1,PAXG,PAXGUSDT,strategy-lab-v1.0.0:SIE_OLD_MR_REGIME_EXHAUSTION_CONFIRM_V1,1791154800000,2026-10-04T23:00:00+00:00,4152.68,4153.39,4147.16,4149.91,61.44200626959225,4145.829,4141.527526299275,4181.38855,3.4092857142856183,0.0008215324463146474,63.371824480370215,1.25,False,TREND_SUPPORT_NOT_CONFIRMED|RSI_NOT_BELOW_32|CLOSE_NOT_NEAR_OR_BELOW_LOWER_BB|CLOSE_NOT_ABOVE_MA200|RSI_RECOVERY_NOT_CONFIRMED
2026-10-05T05:26:48.782922+00:00,SIE_OLD_MR_REGIME_EXHAUSTION_CONFIRM_V1,PAXG,PAXGUSDT,strategy-lab-v1.0.0:SIE_OLD_MR_REGIME_EXHAUSTION_CONFIRM_V1,1791158400000,2026-10-05T00:00:00+00:00,4150.72,4162.89,4150.03,4161.33,73.75800060957084,4146.540999999999,4138.527693816032,4180.80985,4.208571428571369,0.0010113524831175055,61.44200626959225,1.25,False,TREND_SUPPORT_NOT_CONFIRMED|RSI_NOT_BELOW_32|CLOSE_NOT_NEAR_OR_BELOW_LOWER_BB|CLOSE_NOT_ABOVE_MA200
2026-10-05T05:26:48.782922+00:00,SIE_OLD_MR_REGIME_EXHAUSTION_CONFIRM_V1,PAXG,PAXGUSDT,strategy-lab-v1.0.0:SIE_OLD_MR_REGIME_EXHAUSTION_CONFIRM_V1,1791162000000,2026-10-05T01:00:00+00:00,4161.33,4168.56,4159.49,4166.61,79.26862059693434,4147.499,4135.627617772223,4180.2575,4.6535714285714675,0.0011168723323208719,73.75800060957084,1.25,False,TREND_SUPPORT_NOT_CONFIRMED|RSI_NOT_BELOW_32|CLOSE_NOT_NEAR_OR_BELOW_LOWER_BB|CLOSE_NOT_ABOVE_MA200
2026-10-05T05:26:48.782922+00:00,SIE_OLD_MR_REGIME_EXHAUSTION_CONFIRM_V1,PAXG,PAXGUSDT,strategy-lab-v1.0.0:SIE_OLD_MR_REGIME_EXHAUSTION_CONFIRM_V1,1791165600000,2026-10-05T02:00:00+00:00,4167.9,4170.72,4147.89,4152.36,57.092614302461314,4147.7480000000005,4135.689611052966,4179.63425,6.225714285714275,0.0014993194919790856,79.26862059693434,1.250000000000073,False,TREND_SUPPORT_NOT_CONFIRMED|RSI_NOT_BELOW_32|CLOSE_NOT_NEAR_OR_BELOW_LOWER_BB|CLOSE_NOT_ABOVE_MA200|RSI_RECOVERY_NOT_CONFIRMED
2026-10-05T05:26:48.782922+00:00,SIE_OLD_MR_REGIME_EXHAUSTION_CONFIRM_V1,PAXG,PAXGUSDT,strategy-lab-v1.0.0:SIE_OLD_MR_REGIME_EXHAUSTION_CONFIRM_V1,1791169200000,2026-10-05T03:00:00+00:00,4152.34,4154.52,4144.11,4151.64,56.57308809293333,4147.986,4135.818131821968,4178.99785,6.804285714285795,0.001638939241910617,57.092614302461314,1.2500000000000333,False,TREND_SUPPORT_NOT_CONFIRMED|RSI_NOT_BELOW_32|CLOSE_NOT_NEAR_OR_BELOW_LOWER_BB|CLOSE_NOT_ABOVE_MA200|RSI_RECOVERY_NOT_CONFIRMED
2026-10-05T05:26:48.782922+00:00,SIE_OLD_MR_REGIME_EXHAUSTION_CONFIRM_V1,PAXG,PAXGUSDT,strategy-lab-v1.0.0:SIE_OLD_MR_REGIME_EXHAUSTION_CONFIRM_V1,1791172800000,2026-10-05T04:00:00+00:00,4150.02,4150.03,4134.65,4140.17,45.958871353419624,4147.6965,4135.082269504327,4178.3054,7.968571428571522,0.0019246966739461236,56.57308809293333,1.250000000000057,False,TREND_SUPPORT_NOT_CONFIRMED|RSI_NOT_BELOW_32|CLOSE_NOT_NEAR_OR_BELOW_LOWER_BB|CLOSE_NOT_ABOVE_MA200|RSI_RECOVERY_NOT_CONFIRMED
2026-10-05T05:26:48.782922+00:00,SIE_OLD_MR_REGIME_EXHAUSTION_CONFIRM_V1,PAXG,PAXGUSDT,strategy-lab-v1.0.0:SIE_OLD_MR_REGIME_EXHAUSTION_CONFIRM_V1,1791176400000,2026-10-05T05:00:00+00:00,4138.78,4146.49,4138.78,4144.65,49.83542788749233,4147.689,4135.06771337787,4177.639700000001,8.447142857142937,0.0020380835190288537,45.958871353419624,1.2499999999999463,False,TREND_SUPPORT_NOT_CONFIRMED|PLANNED_REWARD_TOO_LOW|RSI_NOT_BELOW_32|CLOSE_NOT_NEAR_OR_BELOW_LOWER_BB|CLOSE_NOT_ABOVE_MA200
2026-10-05T14:26:21.656422+00:00,SIE_OLD_MR_REGIME_EXHAUSTION_CONFIRM_V1,BTC,BTCUSDT,strategy-lab-v1.0.0:SIE_OLD_MR_REGIME_EXHAUSTION_CONFIRM_V1,1791180000000,2026-10-05T06:00:00+00:00,85739.53,86349.01,85739.48,86223.55,63.28244931042536,85773.042,84721.58943910005,84410.211,438.5742857142863,0.005086479108251589,58.628992085016954,1.2500000000000082,False,RSI_NOT_BELOW_32|CLOSE_NOT_NEAR_OR_BELOW_LOWER_BB
2026-10-05T14:26:21.656422+00:00,SIE_OLD_MR_REGIME_EXHAUSTION_CONFIRM_V1,BTC,BTCUSDT,strategy-lab-v1.0.0:SIE_OLD_MR_REGIME_EXHAUSTION_CONFIRM_V1,1791183600000,2026-10-05T07:00:00+00:00,86223.18,86461.0,86103.04,86235.28,64.50788730904122,85819.5975,84772.86571355515,84419.30415,452.63142857142935,0.005248796415706302,63.28244931042536,1.249999999999992,False,PLANNED_REWARD_TOO_LOW|RSI_NOT_BELOW_32|CLOSE_NOT_NEAR_OR_BELOW_LOWER_BB
2026-10-05T14:26:21.656422+00:00,SIE_OLD_MR_REGIME_EXHAUSTION_CONFIRM_V1,BTC,BTCUSDT,strategy-lab-v1.0.0:SIE_OLD_MR_REGIME_EXHAUSTION_CONFIRM_V1,1791187200000,2026-10-05T08:00:00+00:00,86235.28,86504.41,86035.34,86190.66,63.37508459962359,85873.736,84868.67108334287,84428.80140000001,481.42214285714414,0.0055855488617576905,64.50788730904122,1.2500000000000075,False,RSI_NOT_BELOW_32|CLOSE_NOT_NEAR_OR_BELOW_LOWER_BB|RSI_RECOVERY_NOT_CONFIRMED
2026-10-05T14:26:21.656422+00:00,SIE_OLD_MR_REGIME_EXHAUSTION_CONFIRM_V1,BTC,BTCUSDT,strategy-lab-v1.0.0:SIE_OLD_MR_REGIME_EXHAUSTION_CONFIRM_V1,1791190800000,2026-10-05T09:00:00+00:00,86190.66,86203.35,85730.38,85961.29,58.06184772296003,85910.10699999999,84948.59177436754,84436.25044999999,497.78285714285863,0.0057907792814982035,63.37508459962359,1.25,False,RSI_NOT_BELOW_32|CLOSE_NOT_NEAR_OR_BELOW_LOWER_BB|RSI_RECOVERY_NOT_CONFIRMED
2026-10-05T14:26:21.656422+00:00,SIE_OLD_MR_REGIME_EXHAUSTION_CONFIRM_V1,BTC,BTCUSDT,strategy-lab-v1.0.0:SIE_OLD_MR_REGIME_EXHAUSTION_CONFIRM_V1,1791194400000,2026-10-05T10:00:00+00:00,85961.29,86196.24,85927.09,86102.62,54.50001125847189,85951.42000000001,85032.30647476007,84444.6058,482.5185714285731,0.00560399406462397,58.06184772296003,1.250000000000015,False,RSI_NOT_BELOW_32|CLOSE_NOT_NEAR_OR_BELOW_LOWER_BB|RSI_RECOVERY_NOT_CONFIRMED
2026-10-05T14:26:21.656422+00:00,SIE_OLD_MR_REGIME_EXHAUSTION_CONFIRM_V1,BTC,BTCUSDT,strategy-lab-v1.0.0:SIE_OLD_MR_REGIME_EXHAUSTION_CONFIRM_V1,1791198000000,2026-10-05T11:00:00+00:00,86102.62,86261.44,85893.17,86191.55,55.3435054254316,85998.965,85135.12401406626,84453.687,488.4350000000018,0.005666854813493919,54.50001125847189,1.25,False,RSI_NOT_BELOW_32|CLOSE_NOT_NEAR_OR_BELOW_LOWER_BB
2026-10-05T14:26:21.656422+00:00,SIE_OLD_MR_REGIME_EXHAUSTION_CONFIRM_V1,BTC,BTCUSDT,strategy-lab-v1.0.0:SIE_OLD_MR_REGIME_EXHAUSTION_CONFIRM_V1,1791201600000,2026-10-05T12:00:00+00:00,86191.55,86191.56,85817.03,85870.27,40.53158650271868,86024.563,85209.19502579267,84461.45435,453.44071428571624,0.00528053206640338,55.3435054254316,1.249999999999992,False,PLANNED_REWARD_TOO_LOW|RSI_NOT_BELOW_32|CLOSE_NOT_NEAR_OR_BELOW_LOWER_BB|RSI_RECOVERY_NOT_CONFIRMED
2026-10-05T14:26:21.656422+00:00,SIE_OLD_MR_REGIME_EXHAUSTION_CONFIRM_V1,BTC,BTCUSDT,strategy-lab-v1.0.0:SIE_OLD_MR_REGIME_EXHAUSTION_CONFIRM_V1,1791205200000,2026-10-05T13:00:00+00:00,85870.28,86476.94,85789.01,86419.47,48.70504447530956,86080.39199999999,85319.21833496491,84471.33844999998,472.93571428571676,0.005472559763276918,40.53158650271868,1.2499999999999922,False,PLANNED_REWARD_TOO_LOW|RSI_NOT_BELOW_32|CLOSE_NOT_NEAR_OR_BELOW_LOWER_BB
2026-10-05T14:26:21.656422+00:00,SIE_OLD_MR_REGIME_EXHAUSTION_CONFIRM_V1,BTC,BTCUSDT,strategy-lab-v1.0.0:SIE_OLD_MR_REGIME_EXHAUSTION_CONFIRM_V1,1791208800000,2026-10-05T14:00:00+00:00,86419.47,86717.82,86236.5,86319.07,45.114737241703025,86130.092,85446.8671752586,84480.4613,468.98214285714596,0.005433123212021931,48.70504447530956,1.2500000000000078,False,RSI_NOT_BELOW_32|CLOSE_NOT_NEAR_OR_BELOW_LOWER_BB|RSI_RECOVERY_NOT_CONFIRMED
2026-10-05T14:26:21.656422+00:00,SIE_OLD_MR_REGIME_EXHAUSTION_CONFIRM_V1,SOL,SOLUSDT,strategy-lab-v1.0.0:SIE_OLD_MR_REGIME_EXHAUSTION_CONFIRM_V1,1791180000000,2026-10-05T06:00:00+00:00,120.41,121.78,120.41,121.55,47.9012345679012,121.27350000000001,120.44620863657366,119.84845000000001,0.7385714285714288,0.0060762766645119605,31.935483870967474,1.2500000000000049,False,RSI_NOT_BELOW_32|CLOSE_NOT_NEAR_OR_BELOW_LOWER_BB
2026-10-05T14:26:21.656422+00:00,SIE_OLD_MR_REGIME_EXHAUSTION_CONFIRM_V1,SOL,SOLUSDT,strategy-lab-v1.0.0:SIE_OLD_MR_REGIME_EXHAUSTION_CONFIRM_V1,1791183600000,2026-10-05T07:00:00+00:00,121.55,121.83,121.26,121.66,52.295918367346864,121.29549999999999,120.4518300408336,119.84989999999999,0.7478571428571428,0.006147107865010215,47.9012345679012,1.2499999999999953,False,PLANNED_REWARD_TOO_LOW|RSI_NOT_BELOW_32|CLOSE_NOT_NEAR_OR_BELOW_LOWER_BB
2026-10-05T14:26:21.656422+00:00,SIE_OLD_MR_REGIME_EXHAUSTION_CONFIRM_V1,SOL,SOLUSDT,strategy-lab-v1.0.0:SIE_OLD_MR_REGIME_EXHAUSTION_CONFIRM_V1,1791187200000,2026-10-05T08:00:00+00:00,121.63,122.04,120.71,121.03,45.25386313465788,121.28300000000002,120.43141089720464,119.8509,0.8150000000000007,0.006733867636123281,52.295918367346864,1.25,False,RSI_NOT_BELOW_32|CLOSE_NOT_NEAR_OR_BELOW_LOWER_BB|RSI_RECOVERY_NOT_CONFIRMED
2026-10-05T14:26:21.656422+00:00,SIE_OLD_MR_REGIME_EXHAUSTION_CONFIRM_V1,SOL,SOLUSDT,strategy-lab-v1.0.0:SIE_OLD_MR_REGIME_EXHAUSTION_CONFIRM_V1,1791190800000,2026-10-05T09:00:00+00:00,121.05,121.06,120.52,120.61,44.85776805251639,121.22849999999998,120.35149885974995,119.84684999999999,0.807857142857144,0.0066980942115674,45.25386313465788,1.2499999999999956,False,PLANNED_REWARD_TOO_LOW|RSI_NOT_BELOW_32|CLOSE_NOT_NEAR_OR_BELOW_LOWER_BB|RSI_RECOVERY_NOT_CONFIRMED
2026-10-05T14:26:21.656422+00:00,SIE_OLD_MR_REGIME_EXHAUSTION_CONFIRM_V1,SOL,SOLUSDT,strategy-lab-v1.0.0:SIE_OLD_MR_REGIME_EXHAUSTION_CONFIRM_V1,1791194400000,2026-10-05T10:00:00+00:00,120.6,120.92,120.45,120.65,43.37078651685402,121.16900000000001,120.30464127817217,119.84445000000001,0.7850000000000007,0.006506423539162873,44.85776805251639,1.250000000000009,False,RSI_NOT_BELOW_32|CLOSE_NOT_NEAR_OR_BELOW_LOWER_BB|RSI_RECOVERY_NOT_CONFIRMED
2026-10-05T14:26:21.656422+00:00,SIE_OLD_MR_REGIME_EXHAUSTION_CONFIRM_V1,SOL,SOLUSDT,strategy-lab-v1.0.0:SIE_OLD_MR_REGIME_EXHAUSTION_CONFIRM_V1,1791198000000,2026-10-05T11:00:00+00:00,120.65,121.0,120.43,120.81,46.03524229074888,121.13249999999998,120.27224713019955,119.84564999999999,0.7842857142857146,0.006491894001206147,43.37078651685402,1.25,False,RSI_NOT_BELOW_32|CLOSE_NOT_NEAR_OR_BELOW_LOWER_BB
2026-10-05T14:26:21.656422+00:00,SIE_OLD_MR_REGIME_EXHAUSTION_CONFIRM_V1,SOL,SOLUSDT,strategy-lab-v1.0.0:SIE_OLD_MR_REGIME_EXHAUSTION_CONFIRM_V1,1791201600000,2026-10-05T12:00:00+00:00,120.78,120.78,120.31,120.34,34.675615212528015,121.0635,120.18170013608534,119.84665,0.7421428571428572,0.006167050499774449,46.03524229074888,1.2500000000000095,False,RSI_NOT_BELOW_32|CLOSE_NOT_NEAR_OR_BELOW_LOWER_BB|RSI_RECOVERY_NOT_CONFIRMED
2026-10-05T14:26:21.656422+00:00,SIE_OLD_MR_REGIME_EXHAUSTION_CONFIRM_V1,SOL,SOLUSDT,strategy-lab-v1.0.0:SIE_OLD_MR_REGIME_EXHAUSTION_CONFIRM_V1,1791205200000,2026-10-05T13:00:00+00:00,120.33,120.95,120.19,120.78,41.71907756813422,121.02850000000001,120.16013889999614,119.84515000000002,0.740714285714286,0.006132756132756135,34.675615212528015,1.2500000000000095,False,RSI_NOT_BELOW_32|CLOSE_NOT_NEAR_OR_BELOW_LOWER_BB
2026-10-05T14:26:21.656422+00:00,SIE_OLD_MR_REGIME_EXHAUSTION_CONFIRM_V1,SOL,SOLUSDT,strategy-lab-v1.0.0:SIE_OLD_MR_REGIME_EXHAUSTION_CONFIRM_V1,1791208800000,2026-10-05T14:00:00+00:00,120.76,121.22,120.37,120.47,41.372141372141364,120.979,120.1018477897195,119.84094999999999,0.7457142857142866,0.006190041385525745,41.71907756813422,1.2499999999999905,False,PLANNED_REWARD_TOO_LOW|RSI_NOT_BELOW_32|CLOSE_NOT_NEAR_OR_BELOW_LOWER_BB|RSI_RECOVERY_NOT_CONFIRMED
2026-10-05T14:26:21.656422+00:00,SIE_OLD_MR_REGIME_EXHAUSTION_CONFIRM_V1,XRP,XRPUSDT,strategy-lab-v1.0.0:SIE_OLD_MR_REGIME_EXHAUSTION_CONFIRM_V1,1791180000000,2026-10-05T06:00:00+00:00,1.5063,1.5198,1.5062,1.5186,62.43822075782543,1.508605,1.492554520256387,1.5018275,0.009842857142857153,0.0064815337434855486,51.71026156941656,1.25,False,RSI_NOT_BELOW_32|CLOSE_NOT_NEAR_OR_BELOW_LOWER_BB
2026-10-05T14:26:21.656422+00:00,SIE_OLD_MR_REGIME_EXHAUSTION_CONFIRM_V1,XRP,XRPUSDT,strategy-lab-v1.0.0:SIE_OLD_MR_REGIME_EXHAUSTION_CONFIRM_V1,1791183600000,2026-10-05T07:00:00+00:00,1.5182,1.5264,1.5162,1.5219,66.88311688311697,1.509775,1.4934326776436109,1.5018015,0.010221428571428588,0.006716228774182658,62.43822075782543,1.25,False,RSI_NOT_BELOW_32|CLOSE_NOT_NEAR_OR_BELOW_LOWER_BB
2026-10-05T14:26:21.656422+00:00,SIE_OLD_MR_REGIME_EXHAUSTION_CONFIRM_V1,XRP,XRPUSDT,strategy-lab-v1.0.0:SIE_OLD_MR_REGIME_EXHAUSTION_CONFIRM_V1,1791187200000,2026-10-05T08:00:00+00:00,1.5217,1.5238,1.51,1.5148,59.13818722139676,1.5106249999999999,1.495115277242963,1.5017884999999997,0.010871428571428579,0.0071768078765702265,66.88311688311697,1.250000000000005,False,RSI_NOT_BELOW_32|CLOSE_NOT_NEAR_OR_BELOW_LOWER_BB|RSI_RECOVERY_NOT_CONFIRMED
2026-10-05T14:26:21.656422+00:00,SIE_OLD_MR_REGIME_EXHAUSTION_CONFIRM_V1,XRP,XRPUSDT,strategy-lab-v1.0.0:SIE_OLD_MR_REGIME_EXHAUSTION_CONFIRM_V1,1791190800000,2026-10-05T09:00:00+00:00,1.5148,1.516,1.5091,1.5117,53.91566265060251,1.5111599999999998,1.4962902454626799,1.50173,0.010821428571428569,0.007158449805800469,59.13818722139676,1.2500000000000102,False,RSI_NOT_BELOW_32|CLOSE_NOT_NEAR_OR_BELOW_LOWER_BB|RSI_RECOVERY_NOT_CONFIRMED
2026-10-05T14:26:21.656422+00:00,SIE_OLD_MR_REGIME_EXHAUSTION_CONFIRM_V1,XRP,XRPUSDT,strategy-lab-v1.0.0:SIE_OLD_MR_REGIME_EXHAUSTION_CONFIRM_V1,1791194400000,2026-10-05T10:00:00+00:00,1.5116,1.5218,1.5103,1.5194,59.426229508196776,1.5120200000000001,1.4973341428578326,1.5017254999999998,0.01120714285714286,0.007376031892288311,53.91566265060251,1.2499999999999951,False,PLANNED_REWARD_TOO_LOW|RSI_NOT_BELOW_32|CLOSE_NOT_NEAR_OR_BELOW_LOWER_BB
2026-10-05T14:26:21.656422+00:00,SIE_OLD_MR_REGIME_EXHAUSTION_CONFIRM_V1,XRP,XRPUSDT,strategy-lab-v1.0.0:SIE_OLD_MR_REGIME_EXHAUSTION_CONFIRM_V1,1791198000000,2026-10-05T11:00:00+00:00,1.5193,1.5218,1.5134,1.5182,56.963788300835674,1.5126950000000001,1.4981769457226475,1.501741,0.011214285714285701,0.007386566799028917,59.426229508196776,1.2500000000000049,False,RSI_NOT_BELOW_32|CLOSE_NOT_NEAR_OR_BELOW_LOWER_BB|RSI_RECOVERY_NOT_CONFIRMED
2026-10-05T14:26:21.656422+00:00,SIE_OLD_MR_REGIME_EXHAUSTION_CONFIRM_V1,XRP,XRPUSDT,strategy-lab-v1.0.0:SIE_OLD_MR_REGIME_EXHAUSTION_CONFIRM_V1,1791201600000,2026-10-05T12:00:00+00:00,1.5182,1.5188,1.5064,1.509,43.20113314447589,1.51297,1.4989595610347084,1.501751,0.010949999999999984,0.007256461232604363,56.963788300835674,1.250000000000005,False,RSI_NOT_BELOW_32|CLOSE_NOT_NEAR_OR_BELOW_LOWER_BB|RSI_RECOVERY_NOT_CONFIRMED
2026-10-05T14:26:21.656422+00:00,SIE_OLD_MR_REGIME_EXHAUSTION_CONFIRM_V1,XRP,XRPUSDT,strategy-lab-v1.0.0:SIE_OLD_MR_REGIME_EXHAUSTION_CONFIRM_V1,1791205200000,2026-10-05T13:00:00+00:00,1.5088,1.518,1.5084,1.515,46.46194926568753,1.513665,1.5007419546932559,1.5017315,0.010971428571428568,0.00724186704384724,43.20113314447589,1.25,False,RSI_NOT_BELOW_32|CLOSE_NOT_NEAR_OR_BELOW_LOWER_BB
2026-10-05T14:26:21.656422+00:00,SIE_OLD_MR_REGIME_EXHAUSTION_CONFIRM_V1,XRP,XRPUSDT,strategy-lab-v1.0.0:SIE_OLD_MR_REGIME_EXHAUSTION_CONFIRM_V1,1791208800000,2026-10-05T14:00:00+00:00,1.515,1.5216,1.5115,1.5156,44.91758241758253,1.51432,1.5024411785096263,1.5017025000000002,0.0108,0.007125890736342043,46.46194926568753,1.249999999999995,False,PLANNED_REWARD_TOO_LOW|RSI_NOT_BELOW_32|CLOSE_NOT_NEAR_OR_BELOW_LOWER_BB|RSI_RECOVERY_NOT_CONFIRMED
2026-10-05T14:26:21.656422+00:00,SIE_OLD_MR_REGIME_EXHAUSTION_CONFIRM_V1,DOGE,DOGEUSDT,strategy-lab-v1.0.0:SIE_OLD_MR_REGIME_EXHAUSTION_CONFIRM_V1,1791180000000,2026-10-05T06:00:00+00:00,0.09528,0.09629,0.09528,0.096,62.58620689655178,0.0952215,0.09323195457453194,0.0945437,0.0009321428571428565,0.009709821428571422,60.18348623853214,1.2499999999999925,False,PLANNED_REWARD_TOO_LOW|RSI_NOT_BELOW_32|CLOSE_NOT_NEAR_OR_BELOW_LOWER_BB
2026-10-05T14:26:21.656422+00:00,SIE_OLD_MR_REGIME_EXHAUSTION_CONFIRM_V1,DOGE,DOGEUSDT,strategy-lab-v1.0.0:SIE_OLD_MR_REGIME_EXHAUSTION_CONFIRM_V1,1791183600000,2026-10-05T07:00:00+00:00,0.09605,0.09677,0.09592,0.09654,60.036832412523104,0.09537549999999999,0.09348062823652867,0.09454275000000001,0.0008728571428571415,0.00904140400722127,62.58620689655178,1.250000000000008,False,RSI_NOT_BELOW_32|CLOSE_NOT_NEAR_OR_BELOW_LOWER_BB|RSI_RECOVERY_NOT_CONFIRMED
2026-10-05T14:26:21.656422+00:00,SIE_OLD_MR_REGIME_EXHAUSTION_CONFIRM_V1,DOGE,DOGEUSDT,strategy-lab-v1.0.0:SIE_OLD_MR_REGIME_EXHAUSTION_CONFIRM_V1,1791187200000,2026-10-05T08:00:00+00:00,0.09655,0.09722,0.09624,0.09669,65.45105566218812,0.0955405,0.09379729060351288,0.09454485,0.0008978571428571407,0.009285935907096294,60.036832412523104,1.2499999999999922,False,PLANNED_REWARD_TOO_LOW|RSI_NOT_BELOW_32|CLOSE_NOT_NEAR_OR_BELOW_LOWER_BB
2026-10-05T14:26:21.656422+00:00,SIE_OLD_MR_REGIME_EXHAUSTION_CONFIRM_V1,DOGE,DOGEUSDT,strategy-lab-v1.0.0:SIE_OLD_MR_REGIME_EXHAUSTION_CONFIRM_V1,1791190800000,2026-10-05T09:00:00+00:00,0.09669,0.09685,0.09606,0.09616,57.24770642201834,0.0956695,0.09415944735191087,0.09454285000000001,0.0009057142857142835,0.009418825766579488,65.45105566218812,1.25,False,RSI_NOT_BELOW_32|CLOSE_NOT_NEAR_OR_BELOW_LOWER_BB|RSI_RECOVERY_NOT_CONFIRMED
2026-10-05T14:26:21.656422+00:00,SIE_OLD_MR_REGIME_EXHAUSTION_CONFIRM_V1,DOGE,DOGEUSDT,strategy-lab-v1.0.0:SIE_OLD_MR_REGIME_EXHAUSTION_CONFIRM_V1,1791194400000,2026-10-05T10:00:00+00:00,0.09617,0.09651,0.09596,0.09622,53.861386138613874,0.095782,0.0944733426728127,0.09454255,0.0009035714285714262,0.009390682067880131,57.24770642201834,1.2500000000000078,False,RSI_NOT_BELOW_32|CLOSE_NOT_NEAR_OR_BELOW_LOWER_BB|RSI_RECOVERY_NOT_CONFIRMED
2026-10-05T14:26:21.656422+00:00,SIE_OLD_MR_REGIME_EXHAUSTION_CONFIRM_V1,DOGE,DOGEUSDT,strategy-lab-v1.0.0:SIE_OLD_MR_REGIME_EXHAUSTION_CONFIRM_V1,1791198000000,2026-10-05T11:00:00+00:00,0.0962,0.09647,0.09597,0.09627,49.45770065075912,0.0958865,0.09478957201694867,0.09454345,0.0008149999999999973,0.008465773345798247,53.861386138613874,1.2500000000000042,False,RSI_NOT_BELOW_32|CLOSE_NOT_NEAR_OR_BELOW_LOWER_BB|RSI_RECOVERY_NOT_CONFIRMED
2026-10-05T14:26:21.656422+00:00,SIE_OLD_MR_REGIME_EXHAUSTION_CONFIRM_V1,DOGE,DOGEUSDT,strategy-lab-v1.0.0:SIE_OLD_MR_REGIME_EXHAUSTION_CONFIRM_V1,1791201600000,2026-10-05T12:00:00+00:00,0.09627,0.09628,0.09548,0.0956,42.74809160305343,0.0959395,0.09501981581507504,0.09454375000000001,0.0008092857142857118,0.00846533173939029,49.45770065075912,1.2500000000000087,False,RSI_NOT_BELOW_32|CLOSE_NOT_NEAR_OR_BELOW_LOWER_BB|RSI_RECOVERY_NOT_CONFIRMED
2026-10-05T14:26:21.656422+00:00,SIE_OLD_MR_REGIME_EXHAUSTION_CONFIRM_V1,DOGE,DOGEUSDT,strategy-lab-v1.0.0:SIE_OLD_MR_REGIME_EXHAUSTION_CONFIRM_V1,1791205200000,2026-10-05T13:00:00+00:00,0.09562,0.09631,0.09559,0.09608,52.611218568665315,0.095971,0.09507776095024843,0.0945425,0.0008021428571428554,0.008348697513976431,42.74809160305343,1.2500000000000042,False,RSI_NOT_BELOW_32|CLOSE_NOT_NEAR_OR_BELOW_LOWER_BB
2026-10-05T14:26:21.656422+00:00,SIE_OLD_MR_REGIME_EXHAUSTION_CONFIRM_V1,DOGE,DOGEUSDT,strategy-lab-v1.0.0:SIE_OLD_MR_REGIME_EXHAUSTION_CONFIRM_V1,1791208800000,2026-10-05T14:00:00+00:00,0.09606,0.0965,0.09586,0.09601,46.15384615384615,0.0960175,0.09522329914379227,0.0945378,0.0007864285714285699,0.008191111044980418,52.611218568665315,1.2500000000000044,False,RSI_NOT_BELOW_32|CLOSE_NOT_NEAR_OR_BELOW_LOWER_BB|RSI_RECOVERY_NOT_CONFIRMED
2026-10-05T14:26:21.656422+00:00,SIE_OLD_MR_REGIME_EXHAUSTION_CONFIRM_V1,BNB,BNBUSDT,strategy-lab-v1.0.0:SIE_OLD_MR_REGIME_EXHAUSTION_CONFIRM_V1,1791180000000,2026-10-05T06:00:00+00:00,792.12,794.4,791.11,794.21,59.68178740690588,791.8355,783.9593322135679,772.64,4.27928571428572,0.005388103542244142,58.41480446927377,1.2500000000000067,False,RSI_NOT_BELOW_32|CLOSE_NOT_NEAR_OR_BELOW_LOWER_BB
2026-10-05T14:26:21.656422+00:00,SIE_OLD_MR_REGIME_EXHAUSTION_CONFIRM_V1,BNB,BNBUSDT,strategy-lab-v1.0.0:SIE_OLD_MR_REGIME_EXHAUSTION_CONFIRM_V1,1791183600000,2026-10-05T07:00:00+00:00,793.8,795.59,791.4,791.41,54.853764779091456,791.9775000000001,784.2407775027128,772.7291500000001,4.487857142857146,0.005670710684546753,59.68178740690588,1.25,False,RSI_NOT_BELOW_32|CLOSE_NOT_NEAR_OR_BELOW_LOWER_BB|RSI_RECOVERY_NOT_CONFIRMED
2026-10-05T14:26:21.656422+00:00,SIE_OLD_MR_REGIME_EXHAUSTION_CONFIRM_V1,BNB,BNBUSDT,strategy-lab-v1.0.0:SIE_OLD_MR_REGIME_EXHAUSTION_CONFIRM_V1,1791187200000,2026-10-05T08:00:00+00:00,791.41,792.99,787.3,788.56,49.075975359342756,791.966,784.2097008825065,772.8085000000001,4.820000000000009,0.006112407426194595,54.853764779091456,1.250000000000006,False,RSI_NOT_BELOW_32|CLOSE_NOT_NEAR_OR_BELOW_LOWER_BB|RSI_RECOVERY_NOT_CONFIRMED
2026-10-05T14:26:21.656422+00:00,SIE_OLD_MR_REGIME_EXHAUSTION_CONFIRM_V1,BNB,BNBUSDT,strategy-lab-v1.0.0:SIE_OLD_MR_REGIME_EXHAUSTION_CONFIRM_V1,1791190800000,2026-10-05T09:00:00+00:00,788.63,789.02,786.54,787.3,47.13231118682554,791.8585,783.9085181761195,772.8771499999999,4.922142857142871,0.006251927927274066,49.075975359342756,1.2499999999999942,False,PLANNED_REWARD_TOO_LOW|RSI_NOT_BELOW_32|CLOSE_NOT_NEAR_OR_BELOW_LOWER_BB|RSI_RECOVERY_NOT_CONFIRMED
2026-10-05T14:26:21.656422+00:00,SIE_OLD_MR_REGIME_EXHAUSTION_CONFIRM_V1,BNB,BNBUSDT,strategy-lab-v1.0.0:SIE_OLD_MR_REGIME_EXHAUSTION_CONFIRM_V1,1791194400000,2026-10-05T10:00:00+00:00,787.61,790.09,787.37,789.81,46.417266187050366,791.9995,784.3039494024124,772.9650999999999,4.8671428571428725,0.006162422427093697,47.13231118682554,1.25,False,RSI_NOT_BELOW_32|CLOSE_NOT_NEAR_OR_BELOW_LOWER_BB|RSI_RECOVERY_NOT_CONFIRMED
2026-10-05T14:26:21.656422+00:00,SIE_OLD_MR_REGIME_EXHAUSTION_CONFIRM_V1,BNB,BNBUSDT,strategy-lab-v1.0.0:SIE_OLD_MR_REGIME_EXHAUSTION_CONFIRM_V1,1791198000000,2026-10-05T11:00:00+00:00,789.61,791.07,789.29,790.94,46.708643388666374,792.1825,784.7759275808555,773.0627499999999,4.700714285714306,0.005943199592528265,46.417266187050366,1.249999999999994,False,PLANNED_REWARD_TOO_LOW|RSI_NOT_BELOW_32|CLOSE_NOT_NEAR_OR_BELOW_LOWER_BB
2026-10-05T14:26:21.656422+00:00,SIE_OLD_MR_REGIME_EXHAUSTION_CONFIRM_V1,BNB,BNBUSDT,strategy-lab-v1.0.0:SIE_OLD_MR_REGIME_EXHAUSTION_CONFIRM_V1,1791201600000,2026-10-05T12:00:00+00:00,790.66,790.66,787.43,788.76,40.36697247706428,792.196,784.8154596403765,773.15265,4.642142857142882,0.005885367991712158,46.708643388666374,1.2500000000000062,False,RSI_NOT_BELOW_32|CLOSE_NOT_NEAR_OR_BELOW_LOWER_BB|RSI_RECOVERY_NOT_CONFIRMED
2026-10-05T14:26:21.656422+00:00,SIE_OLD_MR_REGIME_EXHAUSTION_CONFIRM_V1,BNB,BNBUSDT,strategy-lab-v1.0.0:SIE_OLD_MR_REGIME_EXHAUSTION_CONFIRM_V1,1791205200000,2026-10-05T13:00:00+00:00,788.58,792.34,788.13,791.66,45.02784407319017,792.3644999999999,785.1975690668855,773.24535,4.762857142857164,0.006016291265009175,40.36697247706428,1.250000000000006,False,RSI_NOT_BELOW_32|CLOSE_NOT_NEAR_OR_BELOW_LOWER_BB
2026-10-05T14:26:21.656422+00:00,SIE_OLD_MR_REGIME_EXHAUSTION_CONFIRM_V1,BNB,BNBUSDT,strategy-lab-v1.0.0:SIE_OLD_MR_REGIME_EXHAUSTION_CONFIRM_V1,1791208800000,2026-10-05T14:00:00+00:00,791.29,793.41,790.56,790.99,42.719486081370576,792.4544999999999,785.4050419357206,773.3269,4.723571428571453,0.005971720791124354,45.02784407319017,1.249999999999988,False,PLANNED_REWARD_TOO_LOW|RSI_NOT_BELOW_32|CLOSE_NOT_NEAR_OR_BELOW_LOWER_BB|RSI_RECOVERY_NOT_CONFIRMED
2026-10-05T14:26:21.656422+00:00,SIE_OLD_MR_REGIME_EXHAUSTION_CONFIRM_V1,PAXG,PAXGUSDT,strategy-lab-v1.0.0:SIE_OLD_MR_REGIME_EXHAUSTION_CONFIRM_V1,1791180000000,2026-10-05T06:00:00+00:00,4153.37,4160.79,4153.37,4159.41,59.090350338045525,4148.442499999999,4134.935737434599,4177.0428999999995,9.348571428571566,0.0022475715134049217,50.86459554513503,1.2499999999999756,False,TREND_SUPPORT_NOT_CONFIRMED|PLANNED_REWARD_TOO_LOW|RSI_NOT_BELOW_32|CLOSE_NOT_NEAR_OR_BELOW_LOWER_BB|CLOSE_NOT_ABOVE_MA200
2026-10-05T14:26:21.656422+00:00,SIE_OLD_MR_REGIME_EXHAUSTION_CONFIRM_V1,PAXG,PAXGUSDT,strategy-lab-v1.0.0:SIE_OLD_MR_REGIME_EXHAUSTION_CONFIRM_V1,1791183600000,2026-10-05T07:00:00+00:00,4157.47,4169.09,4157.47,4168.04,63.75084326512264,4149.6025,4133.751095172728,4176.4863000000005,10.047142857143042,0.002410519778395371,59.090350338045525,1.2500000000000226,False,TREND_SUPPORT_NOT_CONFIRMED|RSI_NOT_BELOW_32|CLOSE_NOT_NEAR_OR_BELOW_LOWER_BB|CLOSE_NOT_ABOVE_MA200
2026-10-05T14:26:21.656422+00:00,SIE_OLD_MR_REGIME_EXHAUSTION_CONFIRM_V1,PAXG,PAXGUSDT,strategy-lab-v1.0.0:SIE_OLD_MR_REGIME_EXHAUSTION_CONFIRM_V1,1791187200000,2026-10-05T08:00:00+00:00,4168.8,4173.79,4166.49,4171.65,64.47774349933889,4150.929999999999,4132.562039852013,4175.9468,10.35928571428589,0.0024832585941500108,63.75084326512264,1.250000000000022,False,TREND_SUPPORT_NOT_CONFIRMED|RSI_NOT_BELOW_32|CLOSE_NOT_NEAR_OR_BELOW_LOWER_BB|CLOSE_NOT_ABOVE_MA200
2026-10-05T14:26:21.656422+00:00,SIE_OLD_MR_REGIME_EXHAUSTION_CONFIRM_V1,PAXG,PAXGUSDT,strategy-lab-v1.0.0:SIE_OLD_MR_REGIME_EXHAUSTION_CONFIRM_V1,1791190800000,2026-10-05T09:00:00+00:00,4170.4,4173.78,4162.37,4164.27,59.76307189542541,4151.901,4132.879737265944,4175.3696,11.082142857143026,0.002661245033857801,64.47774349933889,1.25,False,TREND_SUPPORT_NOT_CONFIRMED|RSI_NOT_BELOW_32|CLOSE_NOT_NEAR_OR_BELOW_LOWER_BB|CLOSE_NOT_ABOVE_MA200|RSI_RECOVERY_NOT_CONFIRMED
2026-10-05T14:26:21.656422+00:00,SIE_OLD_MR_REGIME_EXHAUSTION_CONFIRM_V1,PAXG,PAXGUSDT,strategy-lab-v1.0.0:SIE_OLD_MR_REGIME_EXHAUSTION_CONFIRM_V1,1791194400000,2026-10-05T10:00:00+00:00,4163.07,4168.97,4161.16,4167.31,61.31474103585684,4153.0045,4133.116029495762,4174.81105,11.44857142857167,0.002747232970086619,59.76307189542541,1.2500000000000198,False,TREND_SUPPORT_NOT_CONFIRMED|RSI_NOT_BELOW_32|CLOSE_NOT_NEAR_OR_BELOW_LOWER_BB|CLOSE_NOT_ABOVE_MA200
2026-10-05T14:26:21.656422+00:00,SIE_OLD_MR_REGIME_EXHAUSTION_CONFIRM_V1,PAXG,PAXGUSDT,strategy-lab-v1.0.0:SIE_OLD_MR_REGIME_EXHAUSTION_CONFIRM_V1,1791198000000,2026-10-05T11:00:00+00:00,4165.19,4171.58,4156.95,4161.54,59.77279347509483,4153.838,4133.985813621721,4174.22825,12.231428571428816,0.002939159198620899,61.31474103585684,1.250000000000037,False,TREND_SUPPORT_NOT_CONFIRMED|RSI_NOT_BELOW_32|CLOSE_NOT_NEAR_OR_BELOW_LOWER_BB|CLOSE_NOT_ABOVE_MA200|RSI_RECOVERY_NOT_CONFIRMED
2026-10-05T14:26:21.656422+00:00,SIE_OLD_MR_REGIME_EXHAUSTION_CONFIRM_V1,PAXG,PAXGUSDT,strategy-lab-v1.0.0:SIE_OLD_MR_REGIME_EXHAUSTION_CONFIRM_V1,1791201600000,2026-10-05T12:00:00+00:00,4161.19,4169.56,4159.25,4161.39,55.19396551724165,4154.6765,4135.037019075141,4173.6551500000005,11.882857142857445,0.0028555019219197054,59.77279347509483,1.249999999999981,False,TREND_SUPPORT_NOT_CONFIRMED|PLANNED_REWARD_TOO_LOW|RSI_NOT_BELOW_32|CLOSE_NOT_NEAR_OR_BELOW_LOWER_BB|CLOSE_NOT_ABOVE_MA200|RSI_RECOVERY_NOT_CONFIRMED
2026-10-05T14:26:21.656422+00:00,SIE_OLD_MR_REGIME_EXHAUSTION_CONFIRM_V1,PAXG,PAXGUSDT,strategy-lab-v1.0.0:SIE_OLD_MR_REGIME_EXHAUSTION_CONFIRM_V1,1791205200000,2026-10-05T13:00:00+00:00,4161.79,4162.66,4140.08,4150.57,50.32422872863031,4155.026,4135.948085648639,4173.02,13.050714285714548,0.00314431856003261,55.19396551724165,1.2500000000000349,False,TREND_SUPPORT_NOT_CONFIRMED|RSI_NOT_BELOW_32|CLOSE_NOT_NEAR_OR_BELOW_LOWER_BB|CLOSE_NOT_ABOVE_MA200|RSI_RECOVERY_NOT_CONFIRMED
2026-10-05T14:26:21.656422+00:00,SIE_OLD_MR_REGIME_EXHAUSTION_CONFIRM_V1,PAXG,PAXGUSDT,strategy-lab-v1.0.0:SIE_OLD_MR_REGIME_EXHAUSTION_CONFIRM_V1,1791208800000,2026-10-05T14:00:00+00:00,4150.57,4150.57,4147.16,4147.53,42.61241970021394,4155.134,4136.252514465279,4172.36675,12.367142857143076,0.0029818091387266822,50.32422872863031,1.25,False,TREND_SUPPORT_NOT_CONFIRMED|RSI_NOT_BELOW_32|CLOSE_NOT_NEAR_OR_BELOW_LOWER_BB|CLOSE_NOT_ABOVE_MA200|RSI_RECOVERY_NOT_CONFIRMED
2026-10-05T22:33:41.212977+00:00,SIE_OLD_MR_REGIME_EXHAUSTION_CONFIRM_V1,BTC,BTCUSDT,strategy-lab-v1.0.0:SIE_OLD_MR_REGIME_EXHAUSTION_CONFIRM_V1,1791212400000,2026-10-05T15:00:00+00:00,85620.26,85661.8,85175.0,85250.36,34.511380318017785,86086.79550000001,85340.22821905478,84479.35269999999,523.0571428571462,0.006135541748529229,37.319282247316586,1.249999999999986,False,PLANNED_REWARD_TOO_LOW|RSI_NOT_BELOW_32|RSI_RECOVERY_NOT_CONFIRMED
2026-10-05T22:33:41.212977+00:00,SIE_OLD_MR_REGIME_EXHAUSTION_CONFIRM_V1,BTC,BTCUSDT,strategy-lab-v1.0.0:SIE_OLD_MR_REGIME_EXHAUSTION_CONFIRM_V1,1791216000000,2026-10-05T16:00:00+00:00,85250.37,85323.34,84944.2,85295.71,35.960215115942944,86060.43950000001,85244.46655519243,84481.95285,525.9835714285748,0.006166588817052754,34.511380318017785,1.25,False,RSI_NOT_BELOW_32
2026-10-05T22:33:41.212977+00:00,SIE_OLD_MR_REGIME_EXHAUSTION_CONFIRM_V1,BTC,BTCUSDT,strategy-lab-v1.0.0:SIE_OLD_MR_REGIME_EXHAUSTION_CONFIRM_V1,1791219600000,2026-10-05T17:00:00+00:00,85295.71,85439.91,85197.68,85428.19,42.12527746358951,86039.197,85181.67041326175,84484.38360000002,504.51071428571805,0.0059056701808351325,35.960215115942944,1.25,False,RSI_NOT_BELOW_32|CLOSE_NOT_NEAR_OR_BELOW_LOWER_BB
2026-10-05T22:33:41.212977+00:00,SIE_OLD_MR_REGIME_EXHAUSTION_CONFIRM_V1,BTC,BTCUSDT,strategy-lab-v1.0.0:SIE_OLD_MR_REGIME_EXHAUSTION_CONFIRM_V1,1791223200000,2026-10-05T18:00:00+00:00,85428.19,85676.38,85332.55,85658.32,52.07624862832873,86000.963,85147.11465210503,84488.36665000001,481.1421428571474,0.005616992521650523,42.12527746358951,1.2499999999999925,False,PLANNED_REWARD_TOO_LOW|RSI_NOT_BELOW_32|CLOSE_NOT_NEAR_OR_BELOW_LOWER_BB
2026-10-05T22:33:41.212977+00:00,SIE_OLD_MR_REGIME_EXHAUSTION_CONFIRM_V1,BTC,BTCUSDT,strategy-lab-v1.0.0:SIE_OLD_MR_REGIME_EXHAUSTION_CONFIRM_V1,1791226800000,2026-10-05T19:00:00+00:00,85658.32,85802.41,85548.05,85732.25,49.89663436964006,85962.22,85133.8135181573,84492.64280000002,472.12071428571863,0.005506920841173755,52.07624862832873,1.2499999999999922,False,PLANNED_REWARD_TOO_LOW|RSI_NOT_BELOW_32|CLOSE_NOT_NEAR_OR_BELOW_LOWER_BB|RSI_RECOVERY_NOT_CONFIRMED
2026-10-05T22:33:41.212977+00:00,SIE_OLD_MR_REGIME_EXHAUSTION_CONFIRM_V1,BTC,BTCUSDT,strategy-lab-v1.0.0:SIE_OLD_MR_REGIME_EXHAUSTION_CONFIRM_V1,1791230400000,2026-10-05T20:00:00+00:00,85732.26,85861.99,85639.12,85775.47,42.72757962527753,85918.6965,85149.17676421019,84497.60070000001,444.502142857148,0.005182159221711615,49.89663436964006,1.2499999999999836,False,PLANNED_REWARD_TOO_LOW|RSI_NOT_BELOW_32|CLOSE_NOT_NEAR_OR_BELOW_LOWER_BB|RSI_RECOVERY_NOT_CONFIRMED
2026-10-05T22:33:41.212977+00:00,SIE_OLD_MR_REGIME_EXHAUSTION_CONFIRM_V1,BTC,BTCUSDT,strategy-lab-v1.0.0:SIE_OLD_MR_REGIME_EXHAUSTION_CONFIRM_V1,1791234000000,2026-10-05T21:00:00+00:00,85775.47,85990.5,85683.5,85941.26,45.455276158207404,85885.50450000001,85182.91951748327,84502.21260000001,440.8621428571475,0.005129807764712171,42.72757962527753,1.2500000000000082,False,RSI_NOT_BELOW_32|CLOSE_NOT_NEAR_OR_BELOW_LOWER_BB
2026-10-05T22:33:41.212977+00:00,SIE_OLD_MR_REGIME_EXHAUSTION_CONFIRM_V1,BTC,BTCUSDT,strategy-lab-v1.0.0:SIE_OLD_MR_REGIME_EXHAUSTION_CONFIRM_V1,1791237600000,2026-10-05T22:00:00+00:00,85941.27,86025.81,85839.35,85955.88,46.3369883360273,85857.8155,85214.67052463436,84509.392,420.67571428571785,0.004894088854488114,45.455276158207404,1.2499999999999827,False,PLANNED_REWARD_TOO_LOW|RSI_NOT_BELOW_32|CLOSE_NOT_NEAR_OR_BELOW_LOWER_BB
2026-10-05T22:33:41.212977+00:00,SIE_OLD_MR_REGIME_EXHAUSTION_CONFIRM_V1,SOL,SOLUSDT,strategy-lab-v1.0.0:SIE_OLD_MR_REGIME_EXHAUSTION_CONFIRM_V1,1791212400000,2026-10-05T15:00:00+00:00,119.48,119.75,119.19,119.32,34.310344827586135,120.84200000000001,119.56358535677971,119.81219999999999,0.8250000000000008,0.006914180355346974,34.3696027633851,1.2499999999999958,False,PLANNED_REWARD_TOO_LOW|RSI_NOT_BELOW_32|CLOSE_NOT_ABOVE_MA200|RSI_RECOVERY_NOT_CONFIRMED
2026-10-05T22:33:41.212977+00:00,SIE_OLD_MR_REGIME_EXHAUSTION_CONFIRM_V1,SOL,SOLUSDT,strategy-lab-v1.0.0:SIE_OLD_MR_REGIME_EXHAUSTION_CONFIRM_V1,1791216000000,2026-10-05T16:00:00+00:00,119.34,119.66,118.87,119.6,36.920529801324385,120.75999999999999,119.38730921180327,119.78984999999999,0.8399999999999993,0.0070234113712374525,34.310344827586135,1.2500000000000084,False,RSI_NOT_BELOW_32|CLOSE_NOT_NEAR_OR_BELOW_LOWER_BB|CLOSE_NOT_ABOVE_MA200
2026-10-05T22:33:41.212977+00:00,SIE_OLD_MR_REGIME_EXHAUSTION_CONFIRM_V1,SOL,SOLUSDT,strategy-lab-v1.0.0:SIE_OLD_MR_REGIME_EXHAUSTION_CONFIRM_V1,1791219600000,2026-10-05T17:00:00+00:00,119.6,120.04,119.36,120.01,46.56084656084656,120.702,119.30568198464671,119.7677,0.8200000000000003,0.006832763936338641,36.920529801324385,1.2499999999999956,False,PLANNED_REWARD_TOO_LOW|RSI_NOT_BELOW_32|CLOSE_NOT_NEAR_OR_BELOW_LOWER_BB
2026-10-05T22:33:41.212977+00:00,SIE_OLD_MR_REGIME_EXHAUSTION_CONFIRM_V1,SOL,SOLUSDT,strategy-lab-v1.0.0:SIE_OLD_MR_REGIME_EXHAUSTION_CONFIRM_V1,1791223200000,2026-10-05T18:00:00+00:00,120.03,120.2,119.88,120.08,46.56084656084656,120.62049999999999,119.27986619466753,119.74814999999998,0.7900000000000011,0.006578947368421063,46.56084656084656,1.2500000000000044,False,RSI_NOT_BELOW_32|CLOSE_NOT_NEAR_OR_BELOW_LOWER_BB|RSI_RECOVERY_NOT_CONFIRMED
2026-10-05T22:33:41.212977+00:00,SIE_OLD_MR_REGIME_EXHAUSTION_CONFIRM_V1,SOL,SOLUSDT,strategy-lab-v1.0.0:SIE_OLD_MR_REGIME_EXHAUSTION_CONFIRM_V1,1791226800000,2026-10-05T19:00:00+00:00,120.1,120.36,119.94,120.27,48.709122203098055,120.55550000000001,119.28087887982342,119.73,0.77857142857143,0.0064735297960541284,46.56084656084656,1.2499999999999953,False,PLANNED_REWARD_TOO_LOW|RSI_NOT_BELOW_32|CLOSE_NOT_NEAR_OR_BELOW_LOWER_BB
2026-10-05T22:33:41.212977+00:00,SIE_OLD_MR_REGIME_EXHAUSTION_CONFIRM_V1,SOL,SOLUSDT,strategy-lab-v1.0.0:SIE_OLD_MR_REGIME_EXHAUSTION_CONFIRM_V1,1791230400000,2026-10-05T20:00:00+00:00,120.28,120.69,120.13,120.64,40.990099009901044,120.5225,119.29332344636734,119.7166,0.720714285714287,0.005974090564607817,48.709122203098055,1.2499999999999951,False,PLANNED_REWARD_TOO_LOW|RSI_NOT_BELOW_32|CLOSE_NOT_NEAR_OR_BELOW_LOWER_BB|RSI_RECOVERY_NOT_CONFIRMED
2026-10-05T22:33:41.212977+00:00,SIE_OLD_MR_REGIME_EXHAUSTION_CONFIRM_V1,SOL,SOLUSDT,strategy-lab-v1.0.0:SIE_OLD_MR_REGIME_EXHAUSTION_CONFIRM_V1,1791234000000,2026-10-05T21:00:00+00:00,120.64,120.9,120.56,120.8,41.56862745098041,120.50550000000001,119.3018144098228,119.70480000000002,0.7042857142857163,0.005830179754020831,40.990099009901044,1.250000000000005,False,RSI_NOT_BELOW_32|CLOSE_NOT_NEAR_OR_BELOW_LOWER_BB
2026-10-05T22:33:41.212977+00:00,SIE_OLD_MR_REGIME_EXHAUSTION_CONFIRM_V1,SOL,SOLUSDT,strategy-lab-v1.0.0:SIE_OLD_MR_REGIME_EXHAUSTION_CONFIRM_V1,1791237600000,2026-10-05T22:00:00+00:00,120.8,121.58,120.8,121.31,52.811244979919685,120.51199999999999,119.29251486273908,119.70289999999999,0.6650000000000011,0.005481823427582236,41.56862745098041,1.2500000000000053,False,RSI_NOT_BELOW_32|CLOSE_NOT_NEAR_OR_BELOW_LOWER_BB
2026-10-05T22:33:41.212977+00:00,SIE_OLD_MR_REGIME_EXHAUSTION_CONFIRM_V1,XRP,XRPUSDT,strategy-lab-v1.0.0:SIE_OLD_MR_REGIME_EXHAUSTION_CONFIRM_V1,1791212400000,2026-10-05T15:00:00+00:00,1.4986,1.5026,1.4886,1.4925,34.815618221258134,1.5127950000000001,1.4966457616278679,1.501389,0.012171428571428595,0.008155061019382643,36.43586833144163,1.25,False,RSI_NOT_BELOW_32|CLOSE_NOT_ABOVE_MA200|RSI_RECOVERY_NOT_CONFIRMED
2026-10-05T22:33:41.212977+00:00,SIE_OLD_MR_REGIME_EXHAUSTION_CONFIRM_V1,XRP,XRPUSDT,strategy-lab-v1.0.0:SIE_OLD_MR_REGIME_EXHAUSTION_CONFIRM_V1,1791216000000,2026-10-05T16:00:00+00:00,1.4928,1.4954,1.4858,1.4916,35.19736842105267,1.512095,1.4937012537801582,1.5011744999999999,0.012092857142857174,0.008107305673677376,34.815618221258134,1.25,False,RSI_NOT_BELOW_32|CLOSE_NOT_ABOVE_MA200|RSI_RECOVERY_NOT_CONFIRMED
2026-10-05T22:33:41.212977+00:00,SIE_OLD_MR_REGIME_EXHAUSTION_CONFIRM_V1,XRP,XRPUSDT,strategy-lab-v1.0.0:SIE_OLD_MR_REGIME_EXHAUSTION_CONFIRM_V1,1791219600000,2026-10-05T17:00:00+00:00,1.4915,1.4964,1.4866,1.4962,41.60997732426306,1.511495,1.4918892380918276,1.500966,0.012028571428571453,0.008039414134855937,35.19736842105267,1.2499999999999907,False,PLANNED_REWARD_TOO_LOW|RSI_NOT_BELOW_32|CLOSE_NOT_NEAR_OR_BELOW_LOWER_BB|CLOSE_NOT_ABOVE_MA200
2026-10-05T22:33:41.212977+00:00,SIE_OLD_MR_REGIME_EXHAUSTION_CONFIRM_V1,XRP,XRPUSDT,strategy-lab-v1.0.0:SIE_OLD_MR_REGIME_EXHAUSTION_CONFIRM_V1,1791223200000,2026-10-05T18:00:00+00:00,1.4961,1.5005,1.4944,1.4995,47.61904761904762,1.5105400000000002,1.4905545653037036,1.5007735,0.011478571428571449,0.007654932596579826,41.60997732426306,1.25,False,RSI_NOT_BELOW_32|CLOSE_NOT_NEAR_OR_BELOW_LOWER_BB|CLOSE_NOT_ABOVE_MA200
2026-10-05T22:33:41.212977+00:00,SIE_OLD_MR_REGIME_EXHAUSTION_CONFIRM_V1,XRP,XRPUSDT,strategy-lab-v1.0.0:SIE_OLD_MR_REGIME_EXHAUSTION_CONFIRM_V1,1791226800000,2026-10-05T19:00:00+00:00,1.4996,1.5046,1.4974,1.5034,48.23529411764713,1.509695,1.4900047511442864,1.5006030000000001,0.011421428571428582,0.0075970656987019965,47.61904761904762,1.25,False,RSI_NOT_BELOW_32|CLOSE_NOT_NEAR_OR_BELOW_LOWER_BB
2026-10-05T22:33:41.212977+00:00,SIE_OLD_MR_REGIME_EXHAUSTION_CONFIRM_V1,XRP,XRPUSDT,strategy-lab-v1.0.0:SIE_OLD_MR_REGIME_EXHAUSTION_CONFIRM_V1,1791230400000,2026-10-05T20:00:00+00:00,1.5034,1.5065,1.5018,1.5051,40.93959731543637,1.5088,1.4900031917603034,1.5004530000000003,0.010785714285714287,0.007166111411676491,48.23529411764713,1.250000000000005,False,RSI_NOT_BELOW_32|CLOSE_NOT_NEAR_OR_BELOW_LOWER_BB|RSI_RECOVERY_NOT_CONFIRMED
2026-10-05T22:33:41.212977+00:00,SIE_OLD_MR_REGIME_EXHAUSTION_CONFIRM_V1,XRP,XRPUSDT,strategy-lab-v1.0.0:SIE_OLD_MR_REGIME_EXHAUSTION_CONFIRM_V1,1791234000000,2026-10-05T21:00:00+00:00,1.505,1.509,1.5029,1.5083,40.86021505376341,1.5081900000000001,1.490176016542699,1.5003305,0.010492857142857146,0.006956744111156365,40.93959731543637,1.2500000000000053,False,RSI_NOT_BELOW_32|CLOSE_NOT_NEAR_OR_BELOW_LOWER_BB|RSI_RECOVERY_NOT_CONFIRMED
2026-10-05T22:33:41.212977+00:00,SIE_OLD_MR_REGIME_EXHAUSTION_CONFIRM_V1,XRP,XRPUSDT,strategy-lab-v1.0.0:SIE_OLD_MR_REGIME_EXHAUSTION_CONFIRM_V1,1791237600000,2026-10-05T22:00:00+00:00,1.5083,1.515,1.5082,1.5121,48.10126582278486,1.5078650000000002,1.4903874401016641,1.500308,0.009992857142857137,0.006608595425472612,40.86021505376341,1.249999999999989,False,PLANNED_REWARD_TOO_LOW|RSI_NOT_BELOW_32|CLOSE_NOT_NEAR_OR_BELOW_LOWER_BB
2026-10-05T22:33:41.212977+00:00,SIE_OLD_MR_REGIME_EXHAUSTION_CONFIRM_V1,DOGE,DOGEUSDT,strategy-lab-v1.0.0:SIE_OLD_MR_REGIME_EXHAUSTION_CONFIRM_V1,1791212400000,2026-10-05T15:00:00+00:00,0.09454,0.09501,0.09428,0.09456,36.54822335025383,0.095906,0.09475292758249923,0.09451305,0.0009121428571428564,0.009646180807348312,35.40983606557373,1.25,False,RSI_NOT_BELOW_32|RSI_RECOVERY_NOT_CONFIRMED
2026-10-05T22:33:41.212977+00:00,SIE_OLD_MR_REGIME_EXHAUSTION_CONFIRM_V1,DOGE,DOGEUSDT,strategy-lab-v1.0.0:SIE_OLD_MR_REGIME_EXHAUSTION_CONFIRM_V1,1791216000000,2026-10-05T16:00:00+00:00,0.09457,0.0948,0.0937,0.09451,35.48387096774189,0.09584000000000001,0.09453586810482949,0.09449640000000001,0.0009414285714285703,0.00996115301479812,36.54822335025383,1.2499999999999927,False,PLANNED_REWARD_TOO_LOW|RSI_NOT_BELOW_32|RSI_RECOVERY_NOT_CONFIRMED
2026-10-05T22:33:41.212977+00:00,SIE_OLD_MR_REGIME_EXHAUSTION_CONFIRM_V1,DOGE,DOGEUSDT,strategy-lab-v1.0.0:SIE_OLD_MR_REGIME_EXHAUSTION_CONFIRM_V1,1791219600000,2026-10-05T17:00:00+00:00,0.0945,0.0947,0.0942,0.0947,39.79057591623045,0.095759,0.09438482533861192,0.09448015,0.0009192857142857128,0.009707346507768878,35.48387096774189,1.2499999999999925,False,PLANNED_REWARD_TOO_LOW|RSI_NOT_BELOW_32|CLOSE_NOT_NEAR_OR_BELOW_LOWER_BB
2026-10-05T22:33:41.212977+00:00,SIE_OLD_MR_REGIME_EXHAUSTION_CONFIRM_V1,DOGE,DOGEUSDT,strategy-lab-v1.0.0:SIE_OLD_MR_REGIME_EXHAUSTION_CONFIRM_V1,1791223200000,2026-10-05T18:00:00+00:00,0.09469,0.09494,0.09464,0.09487,46.93486590038313,0.09568449999999999,0.09428736757964713,0.09446605,0.0008535714285714267,0.008997274465810338,39.79057591623045,1.2500000000000082,False,RSI_NOT_BELOW_32|CLOSE_NOT_NEAR_OR_BELOW_LOWER_BB
2026-10-05T22:33:41.212977+00:00,SIE_OLD_MR_REGIME_EXHAUSTION_CONFIRM_V1,DOGE,DOGEUSDT,strategy-lab-v1.0.0:SIE_OLD_MR_REGIME_EXHAUSTION_CONFIRM_V1,1791226800000,2026-10-05T19:00:00+00:00,0.09486,0.09546,0.09472,0.09545,51.40350877192978,0.0956665,0.09426702474119725,0.09445400000000001,0.0008685714285714279,0.009099753049464934,46.93486590038313,1.250000000000004,False,RSI_NOT_BELOW_32|CLOSE_NOT_NEAR_OR_BELOW_LOWER_BB
2026-10-05T22:33:41.212977+00:00,SIE_OLD_MR_REGIME_EXHAUSTION_CONFIRM_V1,DOGE,DOGEUSDT,strategy-lab-v1.0.0:SIE_OLD_MR_REGIME_EXHAUSTION_CONFIRM_V1,1791230400000,2026-10-05T20:00:00+00:00,0.09547,0.09595,0.09537,0.09563,46.42166344294008,0.09562949999999999,0.09426775883516689,0.09444135000000001,0.0008378571428571421,0.008761446647047392,51.40350877192978,1.2499999999999918,False,PLANNED_REWARD_TOO_LOW|RSI_NOT_BELOW_32|CLOSE_NOT_NEAR_OR_BELOW_LOWER_BB|RSI_RECOVERY_NOT_CONFIRMED
2026-10-05T22:33:41.212977+00:00,SIE_OLD_MR_REGIME_EXHAUSTION_CONFIRM_V1,DOGE,DOGEUSDT,strategy-lab-v1.0.0:SIE_OLD_MR_REGIME_EXHAUSTION_CONFIRM_V1,1791234000000,2026-10-05T21:00:00+00:00,0.09564,0.09578,0.09547,0.09575,41.68421052631579,0.09560949999999999,0.09426731558644087,0.09443099999999999,0.0007992857142857147,0.008347631480790754,46.42166344294008,1.2500000000000044,False,RSI_NOT_BELOW_32|CLOSE_NOT_NEAR_OR_BELOW_LOWER_BB|RSI_RECOVERY_NOT_CONFIRMED
2026-10-05T22:33:41.212977+00:00,SIE_OLD_MR_REGIME_EXHAUSTION_CONFIRM_V1,DOGE,DOGEUSDT,strategy-lab-v1.0.0:SIE_OLD_MR_REGIME_EXHAUSTION_CONFIRM_V1,1791237600000,2026-10-05T22:00:00+00:00,0.09576,0.09607,0.09576,0.09584,40.93816631130058,0.0955905,0.09427288890411432,0.0944264,0.000752142857142858,0.007847901264011458,41.68421052631579,1.2500000000000047,False,RSI_NOT_BELOW_32|CLOSE_NOT_NEAR_OR_BELOW_LOWER_BB|RSI_RECOVERY_NOT_CONFIRMED
2026-10-05T22:33:41.212977+00:00,SIE_OLD_MR_REGIME_EXHAUSTION_CONFIRM_V1,BNB,BNBUSDT,strategy-lab-v1.0.0:SIE_OLD_MR_REGIME_EXHAUSTION_CONFIRM_V1,1791212400000,2026-10-05T15:00:00+00:00,788.31,789.79,785.96,786.9,33.39430363208784,792.1899999999999,784.6435359273344,773.3551,4.930000000000015,0.006265090862879673,39.67188665175255,1.2500000000000115,False,RSI_NOT_BELOW_32|CLOSE_NOT_NEAR_OR_BELOW_LOWER_BB|RSI_RECOVERY_NOT_CONFIRMED
2026-10-05T22:33:41.212977+00:00,SIE_OLD_MR_REGIME_EXHAUSTION_CONFIRM_V1,BNB,BNBUSDT,strategy-lab-v1.0.0:SIE_OLD_MR_REGIME_EXHAUSTION_CONFIRM_V1,1791216000000,2026-10-05T16:00:00+00:00,787.13,787.92,784.68,787.14,31.680514607344065,791.932,784.0719145042798,773.3987999999999,4.392142857142874,0.005579875063067401,33.39430363208784,1.2500000000000064,False,CLOSE_NOT_NEAR_OR_BELOW_LOWER_BB|RSI_RECOVERY_NOT_CONFIRMED
2026-10-05T22:33:41.212977+00:00,SIE_OLD_MR_REGIME_EXHAUSTION_CONFIRM_V1,BNB,BNBUSDT,strategy-lab-v1.0.0:SIE_OLD_MR_REGIME_EXHAUSTION_CONFIRM_V1,1791219600000,2026-10-05T17:00:00+00:00,787.27,787.27,785.68,786.53,41.19902405019171,791.5964999999999,783.4218531574733,773.4322500000001,3.717142857142879,0.004726002640894663,31.680514607344065,1.2499999999999925,False,PLANNED_REWARD_TOO_LOW|RSI_NOT_BELOW_32|CLOSE_NOT_NEAR_OR_BELOW_LOWER_BB|RSI_RECOVERY_NOT_CONFIRMED
2026-10-05T22:33:41.212977+00:00,SIE_OLD_MR_REGIME_EXHAUSTION_CONFIRM_V1,BNB,BNBUSDT,strategy-lab-v1.0.0:SIE_OLD_MR_REGIME_EXHAUSTION_CONFIRM_V1,1791223200000,2026-10-05T18:00:00+00:00,786.49,787.45,786.08,787.42,46.7795362532205,791.1935,783.0297060903015,773.47505,3.545714285714309,0.004502951773785666,41.19902405019171,1.250000000000008,False,RSI_NOT_BELOW_32|CLOSE_NOT_NEAR_OR_BELOW_LOWER_BB
2026-10-05T22:33:41.212977+00:00,SIE_OLD_MR_REGIME_EXHAUSTION_CONFIRM_V1,BNB,BNBUSDT,strategy-lab-v1.0.0:SIE_OLD_MR_REGIME_EXHAUSTION_CONFIRM_V1,1791226800000,2026-10-05T19:00:00+00:00,787.33,787.49,786.02,787.48,40.49382716049393,790.7969999999999,782.721052749056,773.51235,3.3892857142857418,0.004303964182310334,46.7795362532205,1.2499999999999831,False,PLANNED_REWARD_TOO_LOW|RSI_NOT_BELOW_32|CLOSE_NOT_NEAR_OR_BELOW_LOWER_BB|RSI_RECOVERY_NOT_CONFIRMED
2026-10-05T22:33:41.212977+00:00,SIE_OLD_MR_REGIME_EXHAUSTION_CONFIRM_V1,BNB,BNBUSDT,strategy-lab-v1.0.0:SIE_OLD_MR_REGIME_EXHAUSTION_CONFIRM_V1,1791230400000,2026-10-05T20:00:00+00:00,787.31,788.52,787.09,787.65,35.33094812164583,790.358,782.6065727765767,773.5525,3.256428571428598,0.004134359895167394,40.49382716049393,1.2499999999999825,False,PLANNED_REWARD_TOO_LOW|RSI_NOT_BELOW_32|CLOSE_NOT_NEAR_OR_BELOW_LOWER_BB|RSI_RECOVERY_NOT_CONFIRMED
2026-10-05T22:33:41.212977+00:00,SIE_OLD_MR_REGIME_EXHAUSTION_CONFIRM_V1,BNB,BNBUSDT,strategy-lab-v1.0.0:SIE_OLD_MR_REGIME_EXHAUSTION_CONFIRM_V1,1791234000000,2026-10-05T21:00:00+00:00,787.47,787.47,785.13,786.77,38.64970645792577,789.716,783.0909855849195,773.58175,3.1371428571428788,0.0039873696978060666,35.33094812164583,1.25,False,RSI_NOT_BELOW_32|CLOSE_NOT_NEAR_OR_BELOW_LOWER_BB|RSI_RECOVERY_NOT_CONFIRMED
2026-10-05T22:33:41.212977+00:00,SIE_OLD_MR_REGIME_EXHAUSTION_CONFIRM_V1,BNB,BNBUSDT,strategy-lab-v1.0.0:SIE_OLD_MR_REGIME_EXHAUSTION_CONFIRM_V1,1791237600000,2026-10-05T22:00:00+00:00,787.08,789.32,787.08,788.69,50.33316248077937,789.1099999999999,784.8653516046646,773.6411499999999,2.9128571428571655,0.0036932852487760277,38.64970645792577,1.2500000000000098,False,RSI_NOT_BELOW_32|CLOSE_NOT_NEAR_OR_BELOW_LOWER_BB
2026-10-05T22:33:41.212977+00:00,SIE_OLD_MR_REGIME_EXHAUSTION_CONFIRM_V1,PAXG,PAXGUSDT,strategy-lab-v1.0.0:SIE_OLD_MR_REGIME_EXHAUSTION_CONFIRM_V1,1791212400000,2026-10-05T15:00:00+00:00,4148.58,4148.58,4131.79,4143.19,37.33506381137773,4155.0885,4136.058922732024,4171.69825,13.583571428571629,0.0032785296905456012,43.09691391445576,1.25,False,TREND_SUPPORT_NOT_CONFIRMED|RSI_NOT_BELOW_32|CLOSE_NOT_NEAR_OR_BELOW_LOWER_BB|CLOSE_NOT_ABOVE_MA200|RSI_RECOVERY_NOT_CONFIRMED
2026-10-05T22:33:41.212977+00:00,SIE_OLD_MR_REGIME_EXHAUSTION_CONFIRM_V1,PAXG,PAXGUSDT,strategy-lab-v1.0.0:SIE_OLD_MR_REGIME_EXHAUSTION_CONFIRM_V1,1791216000000,2026-10-05T16:00:00+00:00,4143.19,4143.19,4134.65,4138.84,41.81201550387611,4154.801,4134.988043734015,4171.0026,12.562857142857345,0.003035357042760132,37.33506381137773,1.25,False,TREND_SUPPORT_NOT_CONFIRMED|RSI_NOT_BELOW_32|CLOSE_NOT_NEAR_OR_BELOW_LOWER_BB|CLOSE_NOT_ABOVE_MA200|RSI_RECOVERY_NOT_CONFIRMED
2026-10-05T22:33:41.212977+00:00,SIE_OLD_MR_REGIME_EXHAUSTION_CONFIRM_V1,PAXG,PAXGUSDT,strategy-lab-v1.0.0:SIE_OLD_MR_REGIME_EXHAUSTION_CONFIRM_V1,1791219600000,2026-10-05T17:00:00+00:00,4139.13,4146.17,4134.4,4146.16,46.92687303723613,4155.038500000001,4135.7668313904105,4170.33435,12.66000000000018,0.0030534277500145145,41.81201550387611,1.25,False,TREND_SUPPORT_NOT_CONFIRMED|RSI_NOT_BELOW_32|CLOSE_NOT_NEAR_OR_BELOW_LOWER_BB|CLOSE_NOT_ABOVE_MA200
2026-10-05T22:33:41.212977+00:00,SIE_OLD_MR_REGIME_EXHAUSTION_CONFIRM_V1,PAXG,PAXGUSDT,strategy-lab-v1.0.0:SIE_OLD_MR_REGIME_EXHAUSTION_CONFIRM_V1,1791223200000,2026-10-05T18:00:00+00:00,4146.11,4150.89,4143.08,4150.89,56.50327590390703,4154.9955,4135.690863795247,4169.68825,12.004285714285873,0.002891978759804734,46.92687303723613,1.2500000000000189,False,TREND_SUPPORT_NOT_CONFIRMED|RSI_NOT_BELOW_32|CLOSE_NOT_NEAR_OR_BELOW_LOWER_BB|CLOSE_NOT_ABOVE_MA200
2026-10-05T22:33:41.212977+00:00,SIE_OLD_MR_REGIME_EXHAUSTION_CONFIRM_V1,PAXG,PAXGUSDT,strategy-lab-v1.0.0:SIE_OLD_MR_REGIME_EXHAUSTION_CONFIRM_V1,1791226800000,2026-10-05T19:00:00+00:00,4151.71,4151.71,4146.33,4146.69,50.39633391131993,4154.8345,4135.310435387378,4169.0264,11.672142857142976,0.00281480960890324,56.50327590390703,1.2500000000000195,False,TREND_SUPPORT_NOT_CONFIRMED|RSI_NOT_BELOW_32|CLOSE_NOT_NEAR_OR_BELOW_LOWER_BB|CLOSE_NOT_ABOVE_MA200|RSI_RECOVERY_NOT_CONFIRMED
2026-10-05T22:33:41.212977+00:00,SIE_OLD_MR_REGIME_EXHAUSTION_CONFIRM_V1,PAXG,PAXGUSDT,strategy-lab-v1.0.0:SIE_OLD_MR_REGIME_EXHAUSTION_CONFIRM_V1,1791230400000,2026-10-05T20:00:00+00:00,4147.56,4149.96,4144.62,4148.23,41.88914683691216,4154.1795,4134.692104612266,4168.3767,11.000714285714432,0.002651905580383545,50.39633391131993,1.2499999999999793,False,TREND_SUPPORT_NOT_CONFIRMED|PLANNED_REWARD_TOO_LOW|RSI_NOT_BELOW_32|CLOSE_NOT_NEAR_OR_BELOW_LOWER_BB|CLOSE_NOT_ABOVE_MA200|RSI_RECOVERY_NOT_CONFIRMED
2026-10-05T22:33:41.212977+00:00,SIE_OLD_MR_REGIME_EXHAUSTION_CONFIRM_V1,PAXG,PAXGUSDT,strategy-lab-v1.0.0:SIE_OLD_MR_REGIME_EXHAUSTION_CONFIRM_V1,1791234000000,2026-10-05T21:00:00+00:00,4148.21,4151.37,4143.96,4151.37,36.85953019076147,4153.4175,4134.7597617930805,4167.7456,10.700000000000143,0.0025774623798890833,41.88914683691216,1.2500000000000213,False,TREND_SUPPORT_NOT_CONFIRMED|RSI_NOT_BELOW_32|CLOSE_NOT_NEAR_OR_BELOW_LOWER_BB|CLOSE_NOT_ABOVE_MA200|RSI_RECOVERY_NOT_CONFIRMED
2026-10-05T22:33:41.212977+00:00,SIE_OLD_MR_REGIME_EXHAUSTION_CONFIRM_V1,PAXG,PAXGUSDT,strategy-lab-v1.0.0:SIE_OLD_MR_REGIME_EXHAUSTION_CONFIRM_V1,1791237600000,2026-10-05T22:00:00+00:00,4150.7,4150.7,4148.04,4149.05,31.81525587383382,4153.2519999999995,4134.501187111009,4167.10625,10.416428571428696,0.002510557494228485,36.85953019076147,1.25,False,TREND_SUPPORT_NOT_CONFIRMED|CLOSE_NOT_NEAR_OR_BELOW_LOWER_BB|CLOSE_NOT_ABOVE_MA200|RSI_RECOVERY_NOT_CONFIRMED
2026-10-06T06:11:28.727696+00:00,SIE_OLD_MR_REGIME_EXHAUSTION_CONFIRM_V1,BTC,BTCUSDT,strategy-lab-v1.0.0:SIE_OLD_MR_REGIME_EXHAUSTION_CONFIRM_V1,1791241200000,2026-10-05T23:00:00+00:00,85929.4,86080.17,85708.81,85748.96,46.63294270626872,85840.99149999999,85203.90210883875,84515.75700000001,413.41785714286067,0.004821257973774383,45.92033679161006,1.25,False,RSI_NOT_BELOW_32|CLOSE_NOT_NEAR_OR_BELOW_LOWER_BB|RSI_RECOVERY_NOT_CONFIRMED
2026-10-06T06:11:28.727696+00:00,SIE_OLD_MR_REGIME_EXHAUSTION_CONFIRM_V1,BTC,BTCUSDT,strategy-lab-v1.0.0:SIE_OLD_MR_REGIME_EXHAUSTION_CONFIRM_V1,1791244800000,2026-10-06T00:00:00+00:00,85748.96,85976.15,85748.96,85901.97,46.82990334088539,85860.818,85242.32366244856,84523.21465,410.4207142857163,0.004777780000688184,46.63294270626872,1.2499999999999822,False,PLANNED_REWARD_TOO_LOW|RSI_NOT_BELOW_32|CLOSE_NOT_NEAR_OR_BELOW_LOWER_BB
2026-10-06T06:11:28.727696+00:00,SIE_OLD_MR_REGIME_EXHAUSTION_CONFIRM_V1,BTC,BTCUSDT,strategy-lab-v1.0.0:SIE_OLD_MR_REGIME_EXHAUSTION_CONFIRM_V1,1791248400000,2026-10-06T01:00:00+00:00,85901.98,86132.16,85594.75,85665.63,42.06072207092691,85857.12299999999,85234.90266220702,84528.74405,422.50214285714486,0.004931991311534683,46.82990334088539,1.2500000000000173,False,RSI_NOT_BELOW_32|CLOSE_NOT_NEAR_OR_BELOW_LOWER_BB|RSI_RECOVERY_NOT_CONFIRMED
2026-10-06T06:11:28.727696+00:00,SIE_OLD_MR_REGIME_EXHAUSTION_CONFIRM_V1,BTC,BTCUSDT,strategy-lab-v1.0.0:SIE_OLD_MR_REGIME_EXHAUSTION_CONFIRM_V1,1791252000000,2026-10-06T02:00:00+00:00,85665.62,85750.0,85436.07,85519.56,44.409980458601105,85821.9235,85206.99412512008,84532.34820000001,418.173571428573,0.0048898003150223525,42.06072207092691,1.25,False,RSI_NOT_BELOW_32|CLOSE_NOT_NEAR_OR_BELOW_LOWER_BB|RSI_RECOVERY_NOT_CONFIRMED
2026-10-06T06:11:28.727696+00:00,SIE_OLD_MR_REGIME_EXHAUSTION_CONFIRM_V1,BTC,BTCUSDT,strategy-lab-v1.0.0:SIE_OLD_MR_REGIME_EXHAUSTION_CONFIRM_V1,1791255600000,2026-10-06T03:00:00+00:00,85519.56,85592.85,85285.69,85495.65,32.31341226202669,85784.942,85185.12055084764,84536.2374,390.9757142857156,0.004573048035610181,44.409980458601105,1.2499999999999813,False,PLANNED_REWARD_TOO_LOW|RSI_NOT_BELOW_32|CLOSE_NOT_NEAR_OR_BELOW_LOWER_BB|RSI_RECOVERY_NOT_CONFIRMED
2026-10-06T06:11:28.727696+00:00,SIE_OLD_MR_REGIME_EXHAUSTION_CONFIRM_V1,BTC,BTCUSDT,strategy-lab-v1.0.0:SIE_OLD_MR_REGIME_EXHAUSTION_CONFIRM_V1,1791259200000,2026-10-06T04:00:00+00:00,85495.65,85617.89,85493.94,85605.59,49.61869785055859,85755.6885,85181.34129604559,84541.60435000001,307.40642857142876,0.0035909620922118376,32.31341226202669,1.2500000000000118,False,RSI_NOT_BELOW_32|CLOSE_NOT_NEAR_OR_BELOW_LOWER_BB
2026-10-06T06:11:28.727696+00:00,SIE_OLD_MR_REGIME_EXHAUSTION_CONFIRM_V1,BTC,BTCUSDT,strategy-lab-v1.0.0:SIE_OLD_MR_REGIME_EXHAUSTION_CONFIRM_V1,1791262800000,2026-10-06T05:00:00+00:00,85605.59,85735.42,85452.78,85496.53,57.40793124409432,85732.4505,85155.65510960731,84545.70800000001,292.82357142857137,0.0034249760946856132,49.61869785055859,1.2500000000000249,False,RSI_NOT_BELOW_32|CLOSE_NOT_NEAR_OR_BELOW_LOWER_BB|RSI_RECOVERY_NOT_CONFIRMED
2026-10-06T06:11:28.727696+00:00,SIE_OLD_MR_REGIME_EXHAUSTION_CONFIRM_V1,BTC,BTCUSDT,strategy-lab-v1.0.0:SIE_OLD_MR_REGIME_EXHAUSTION_CONFIRM_V1,1791266400000,2026-10-06T06:00:00+00:00,85496.53,85496.53,85212.0,85216.97,47.923238418770346,85688.168,85096.06319459535,84550.85345000001,286.06571428571414,0.0033569101821587194,57.40793124409432,1.25,False,RSI_NOT_BELOW_32|CLOSE_NOT_NEAR_OR_BELOW_LOWER_BB|RSI_RECOVERY_NOT_CONFIRMED
2026-10-06T06:11:28.727696+00:00,SIE_OLD_MR_REGIME_EXHAUSTION_CONFIRM_V1,SOL,SOLUSDT,strategy-lab-v1.0.0:SIE_OLD_MR_REGIME_EXHAUSTION_CONFIRM_V1,1791241200000,2026-10-05T23:00:00+00:00,121.01,121.29,120.47,120.77,51.75438596491223,120.51699999999998,119.32274542077514,119.69664999999999,0.6850000000000013,0.005671938395296856,50.10615711252659,1.25,False,RSI_NOT_BELOW_32|CLOSE_NOT_NEAR_OR_BELOW_LOWER_BB|RSI_RECOVERY_NOT_CONFIRMED
2026-10-06T06:11:28.727696+00:00,SIE_OLD_MR_REGIME_EXHAUSTION_CONFIRM_V1,SOL,SOLUSDT,strategy-lab-v1.0.0:SIE_OLD_MR_REGIME_EXHAUSTION_CONFIRM_V1,1791244800000,2026-10-06T00:00:00+00:00,120.77,121.09,120.76,121.02,53.87840670859527,120.5445,119.33067175844376,119.6927,0.6750000000000013,0.0055775904809122565,51.75438596491223,1.2500000000000053,False,RSI_NOT_BELOW_32|CLOSE_NOT_NEAR_OR_BELOW_LOWER_BB
2026-10-06T06:11:28.727696+00:00,SIE_OLD_MR_REGIME_EXHAUSTION_CONFIRM_V1,SOL,SOLUSDT,strategy-lab-v1.0.0:SIE_OLD_MR_REGIME_EXHAUSTION_CONFIRM_V1,1791248400000,2026-10-06T01:00:00+00:00,121.04,121.28,120.48,120.66,48.49094567404422,120.5565,119.34308704473723,119.68575000000001,0.691428571428573,0.005730387629940104,53.87840670859527,1.249999999999995,False,PLANNED_REWARD_TOO_LOW|RSI_NOT_BELOW_32|CLOSE_NOT_NEAR_OR_BELOW_LOWER_BB|RSI_RECOVERY_NOT_CONFIRMED
2026-10-06T06:11:28.727696+00:00,SIE_OLD_MR_REGIME_EXHAUSTION_CONFIRM_V1,SOL,SOLUSDT,strategy-lab-v1.0.0:SIE_OLD_MR_REGIME_EXHAUSTION_CONFIRM_V1,1791252000000,2026-10-06T02:00:00+00:00,120.64,120.79,120.14,120.19,48.49094567404422,120.4885,119.35565799866022,119.67029999999998,0.7021428571428591,0.005841940736690732,48.49094567404422,1.25,False,RSI_NOT_BELOW_32|CLOSE_NOT_NEAR_OR_BELOW_LOWER_BB|RSI_RECOVERY_NOT_CONFIRMED
2026-10-06T06:11:28.727696+00:00,SIE_OLD_MR_REGIME_EXHAUSTION_CONFIRM_V1,SOL,SOLUSDT,strategy-lab-v1.0.0:SIE_OLD_MR_REGIME_EXHAUSTION_CONFIRM_V1,1791255600000,2026-10-06T03:00:00+00:00,120.2,120.39,119.68,120.0,41.73728813559325,120.4055,119.39109426263474,119.65525,0.6985714285714296,0.00582142857142858,48.49094567404422,1.25,False,RSI_NOT_BELOW_32|CLOSE_NOT_NEAR_OR_BELOW_LOWER_BB|RSI_RECOVERY_NOT_CONFIRMED
2026-10-06T06:11:28.727696+00:00,SIE_OLD_MR_REGIME_EXHAUSTION_CONFIRM_V1,SOL,SOLUSDT,strategy-lab-v1.0.0:SIE_OLD_MR_REGIME_EXHAUSTION_CONFIRM_V1,1791259200000,2026-10-06T04:00:00+00:00,120.0,120.34,120.0,120.07,58.28571428571423,120.35749999999999,119.37550458249562,119.64215,0.5785714285714302,0.004818617711097112,41.73728813559325,1.2499999999999938,False,PLANNED_REWARD_TOO_LOW|RSI_NOT_BELOW_32|CLOSE_NOT_NEAR_OR_BELOW_LOWER_BB
2026-10-06T06:11:28.727696+00:00,SIE_OLD_MR_REGIME_EXHAUSTION_CONFIRM_V1,SOL,SOLUSDT,strategy-lab-v1.0.0:SIE_OLD_MR_REGIME_EXHAUSTION_CONFIRM_V1,1791262800000,2026-10-06T05:00:00+00:00,120.06,120.31,119.74,119.78,56.35359116022109,120.316,119.31032808530834,119.6268,0.5792857142857163,0.004836247405958559,58.28571428571423,1.2500000000000062,False,RSI_NOT_BELOW_32|CLOSE_NOT_NEAR_OR_BELOW_LOWER_BB|RSI_RECOVERY_NOT_CONFIRMED
2026-10-06T06:11:28.727696+00:00,SIE_OLD_MR_REGIME_EXHAUSTION_CONFIRM_V1,SOL,SOLUSDT,strategy-lab-v1.0.0:SIE_OLD_MR_REGIME_EXHAUSTION_CONFIRM_V1,1791266400000,2026-10-06T06:00:00+00:00,119.79,119.79,119.32,119.37,46.93333333333347,120.252,119.17884390697364,119.6167,0.5564285714285749,0.004661376991108109,56.35359116022109,1.25,False,RSI_NOT_BELOW_32|CLOSE_NOT_NEAR_OR_BELOW_LOWER_BB|CLOSE_NOT_ABOVE_MA200|RSI_RECOVERY_NOT_CONFIRMED
2026-10-06T06:11:28.727696+00:00,SIE_OLD_MR_REGIME_EXHAUSTION_CONFIRM_V1,XRP,XRPUSDT,strategy-lab-v1.0.0:SIE_OLD_MR_REGIME_EXHAUSTION_CONFIRM_V1,1791241200000,2026-10-05T23:00:00+00:00,1.5105,1.5129,1.5067,1.5077,47.10982658959537,1.50762,1.4902687349164416,1.5002574999999998,0.009942857142857142,0.006594718540065757,46.9064748201439,1.249999999999989,False,PLANNED_REWARD_TOO_LOW|RSI_NOT_BELOW_32|CLOSE_NOT_NEAR_OR_BELOW_LOWER_BB|RSI_RECOVERY_NOT_CONFIRMED
2026-10-06T06:11:28.727696+00:00,SIE_OLD_MR_REGIME_EXHAUSTION_CONFIRM_V1,XRP,XRPUSDT,strategy-lab-v1.0.0:SIE_OLD_MR_REGIME_EXHAUSTION_CONFIRM_V1,1791244800000,2026-10-06T00:00:00+00:00,1.5079,1.5118,1.5053,1.5096,42.271293375394286,1.507925,1.4906599051552007,1.5002135,0.009585714285714277,0.006349837232190168,47.10982658959537,1.2500000000000058,False,RSI_NOT_BELOW_32|CLOSE_NOT_NEAR_OR_BELOW_LOWER_BB|RSI_RECOVERY_NOT_CONFIRMED
2026-10-06T06:11:28.727696+00:00,SIE_OLD_MR_REGIME_EXHAUSTION_CONFIRM_V1,XRP,XRPUSDT,strategy-lab-v1.0.0:SIE_OLD_MR_REGIME_EXHAUSTION_CONFIRM_V1,1791248400000,2026-10-06T01:00:00+00:00,1.5098,1.5142,1.5009,1.5015,38.12233285917498,1.5076800000000001,1.4901975974191215,1.5000989999999998,0.009935714285714286,0.006617192331478046,42.271293375394286,1.2500000000000056,False,RSI_NOT_BELOW_32|CLOSE_NOT_NEAR_OR_BELOW_LOWER_BB|RSI_RECOVERY_NOT_CONFIRMED
2026-10-06T06:11:28.727696+00:00,SIE_OLD_MR_REGIME_EXHAUSTION_CONFIRM_V1,XRP,XRPUSDT,strategy-lab-v1.0.0:SIE_OLD_MR_REGIME_EXHAUSTION_CONFIRM_V1,1791252000000,2026-10-06T02:00:00+00:00,1.5014,1.5028,1.4958,1.4968,40.729483282674764,1.5065899999999999,1.4892490773025218,1.49989,0.009549999999999994,0.006380277926242648,38.12233285917498,1.25,False,RSI_NOT_BELOW_32|CLOSE_NOT_NEAR_OR_BELOW_LOWER_BB|CLOSE_NOT_ABOVE_MA200|RSI_RECOVERY_NOT_CONFIRMED
2026-10-06T06:11:28.727696+00:00,SIE_OLD_MR_REGIME_EXHAUSTION_CONFIRM_V1,XRP,XRPUSDT,strategy-lab-v1.0.0:SIE_OLD_MR_REGIME_EXHAUSTION_CONFIRM_V1,1791255600000,2026-10-06T03:00:00+00:00,1.4968,1.4998,1.4934,1.498,36.065573770491866,1.505395,1.4891816135554627,1.4997245,0.00932142857142856,0.0062225824909402936,40.729483282674764,1.249999999999988,False,PLANNED_REWARD_TOO_LOW|RSI_NOT_BELOW_32|CLOSE_NOT_NEAR_OR_BELOW_LOWER_BB|CLOSE_NOT_ABOVE_MA200|RSI_RECOVERY_NOT_CONFIRMED
2026-10-06T06:11:28.727696+00:00,SIE_OLD_MR_REGIME_EXHAUSTION_CONFIRM_V1,XRP,XRPUSDT,strategy-lab-v1.0.0:SIE_OLD_MR_REGIME_EXHAUSTION_CONFIRM_V1,1791259200000,2026-10-06T04:00:00+00:00,1.4979,1.5015,1.4979,1.4991,50.0,1.50461,1.4887782723621235,1.4996055,0.007664285714285695,0.005112591364342401,36.065573770491866,1.2499999999999856,False,PLANNED_REWARD_TOO_LOW|RSI_NOT_BELOW_32|CLOSE_NOT_NEAR_OR_BELOW_LOWER_BB|CLOSE_NOT_ABOVE_MA200
2026-10-06T06:11:28.727696+00:00,SIE_OLD_MR_REGIME_EXHAUSTION_CONFIRM_V1,XRP,XRPUSDT,strategy-lab-v1.0.0:SIE_OLD_MR_REGIME_EXHAUSTION_CONFIRM_V1,1791262800000,2026-10-06T05:00:00+00:00,1.4992,1.5095,1.4989,1.4996,58.85286783042407,1.504005,1.4883798312009149,1.499493,0.007421428571428563,0.004948938764622941,50.0,1.2500000000000149,False,RSI_NOT_BELOW_32|CLOSE_NOT_NEAR_OR_BELOW_LOWER_BB
2026-10-06T06:11:28.727696+00:00,SIE_OLD_MR_REGIME_EXHAUSTION_CONFIRM_V1,XRP,XRPUSDT,strategy-lab-v1.0.0:SIE_OLD_MR_REGIME_EXHAUSTION_CONFIRM_V1,1791266400000,2026-10-06T06:00:00+00:00,1.4996,1.4996,1.4911,1.4919,50.319829424306995,1.5026300000000001,1.4878486468819698,1.4994140000000002,0.0073428571428571275,0.004921815901104047,58.85286783042407,1.250000000000015,False,RSI_NOT_BELOW_32|CLOSE_NOT_NEAR_OR_BELOW_LOWER_BB|CLOSE_NOT_ABOVE_MA200|RSI_RECOVERY_NOT_CONFIRMED
2026-10-06T06:11:28.727696+00:00,SIE_OLD_MR_REGIME_EXHAUSTION_CONFIRM_V1,DOGE,DOGEUSDT,strategy-lab-v1.0.0:SIE_OLD_MR_REGIME_EXHAUSTION_CONFIRM_V1,1791241200000,2026-10-05T23:00:00+00:00,0.09566,0.09577,0.09538,0.09542,41.59090909090917,0.0955595,0.09425134901483005,0.09441815,0.0007314285714285713,0.007665359163996765,39.10256410256415,1.2500000000000095,False,RSI_NOT_BELOW_32|CLOSE_NOT_NEAR_OR_BELOW_LOWER_BB|RSI_RECOVERY_NOT_CONFIRMED
2026-10-06T06:11:28.727696+00:00,SIE_OLD_MR_REGIME_EXHAUSTION_CONFIRM_V1,DOGE,DOGEUSDT,strategy-lab-v1.0.0:SIE_OLD_MR_REGIME_EXHAUSTION_CONFIRM_V1,1791244800000,2026-10-06T00:00:00+00:00,0.09541,0.09548,0.09511,0.0953,39.686098654708445,0.095565,0.09426219533313657,0.09441150000000001,0.0007185714285714286,0.0075400989356918,41.59090909090917,1.2499999999999905,False,PLANNED_REWARD_TOO_LOW|RSI_NOT_BELOW_32|CLOSE_NOT_NEAR_OR_BELOW_LOWER_BB|RSI_RECOVERY_NOT_CONFIRMED
2026-10-06T06:11:28.727696+00:00,SIE_OLD_MR_REGIME_EXHAUSTION_CONFIRM_V1,DOGE,DOGEUSDT,strategy-lab-v1.0.0:SIE_OLD_MR_REGIME_EXHAUSTION_CONFIRM_V1,1791248400000,2026-10-06T01:00:00+00:00,0.09532,0.09555,0.09477,0.09493,35.9832635983264,0.095547,0.09421977582903222,0.0944013,0.0007385714285714287,0.007780168846217515,39.686098654708445,1.2499999999999953,False,PLANNED_REWARD_TOO_LOW|RSI_NOT_BELOW_32|CLOSE_NOT_NEAR_OR_BELOW_LOWER_BB|RSI_RECOVERY_NOT_CONFIRMED
2026-10-06T06:11:28.727696+00:00,SIE_OLD_MR_REGIME_EXHAUSTION_CONFIRM_V1,DOGE,DOGEUSDT,strategy-lab-v1.0.0:SIE_OLD_MR_REGIME_EXHAUSTION_CONFIRM_V1,1791252000000,2026-10-06T02:00:00+00:00,0.09488,0.09505,0.0945,0.0946,38.73873873873873,0.095477,0.09410578010516142,0.09438545000000001,0.0007207142857142848,0.007618544246451213,35.9832635983264,1.2500000000000049,False,RSI_NOT_BELOW_32|CLOSE_NOT_NEAR_OR_BELOW_LOWER_BB|RSI_RECOVERY_NOT_CONFIRMED
2026-10-06T06:11:28.727696+00:00,SIE_OLD_MR_REGIME_EXHAUSTION_CONFIRM_V1,DOGE,DOGEUSDT,strategy-lab-v1.0.0:SIE_OLD_MR_REGIME_EXHAUSTION_CONFIRM_V1,1791255600000,2026-10-06T03:00:00+00:00,0.09462,0.09471,0.09425,0.09457,31.07769423558905,0.0953785,0.0940443444618407,0.09437265,0.0007021428571428555,0.007424583452922232,38.73873873873873,1.2500000000000049,False,CLOSE_NOT_NEAR_OR_BELOW_LOWER_BB|RSI_RECOVERY_NOT_CONFIRMED
2026-10-06T06:11:28.727696+00:00,SIE_OLD_MR_REGIME_EXHAUSTION_CONFIRM_V1,DOGE,DOGEUSDT,strategy-lab-v1.0.0:SIE_OLD_MR_REGIME_EXHAUSTION_CONFIRM_V1,1791259200000,2026-10-06T04:00:00+00:00,0.0946,0.09485,0.09453,0.09477,53.33333333333333,0.0952825,0.09406876403200651,0.09436174999999998,0.0005399999999999978,0.005698005698005676,31.07769423558905,1.2499999999999936,False,PLANNED_REWARD_TOO_LOW|RSI_NOT_BELOW_32|CLOSE_NOT_NEAR_OR_BELOW_LOWER_BB
2026-10-06T06:11:28.727696+00:00,SIE_OLD_MR_REGIME_EXHAUSTION_CONFIRM_V1,DOGE,DOGEUSDT,strategy-lab-v1.0.0:SIE_OLD_MR_REGIME_EXHAUSTION_CONFIRM_V1,1791262800000,2026-10-06T05:00:00+00:00,0.0948,0.09507,0.09466,0.09466,51.79856115107894,0.0952075,0.09403525642462793,0.0943484,0.0005171428571428559,0.005463161389635072,53.33333333333333,1.2500000000000133,False,RSI_NOT_BELOW_32|CLOSE_NOT_NEAR_OR_BELOW_LOWER_BB|RSI_RECOVERY_NOT_CONFIRMED
2026-10-06T06:11:28.727696+00:00,SIE_OLD_MR_REGIME_EXHAUSTION_CONFIRM_V1,DOGE,DOGEUSDT,strategy-lab-v1.0.0:SIE_OLD_MR_REGIME_EXHAUSTION_CONFIRM_V1,1791266400000,2026-10-06T06:00:00+00:00,0.09464,0.09464,0.09412,0.0942,45.141065830721125,0.09510650000000001,0.09395266682314943,0.09434045,0.00047714285714285654,0.005065210797694867,51.79856115107894,1.2499999999999927,False,PLANNED_REWARD_TOO_LOW|RSI_NOT_BELOW_32|CLOSE_NOT_NEAR_OR_BELOW_LOWER_BB|CLOSE_NOT_ABOVE_MA200|RSI_RECOVERY_NOT_CONFIRMED
2026-10-06T06:11:28.727696+00:00,SIE_OLD_MR_REGIME_EXHAUSTION_CONFIRM_V1,BNB,BNBUSDT,strategy-lab-v1.0.0:SIE_OLD_MR_REGIME_EXHAUSTION_CONFIRM_V1,1791241200000,2026-10-05T23:00:00+00:00,788.29,788.66,786.39,786.39,47.62897342365826,788.8165,784.5575457856395,773.6967500000001,2.8978571428571627,0.003685012707253605,48.53956452469477,1.2499999999999805,False,PLANNED_REWARD_TOO_LOW|RSI_NOT_BELOW_32|CLOSE_NOT_NEAR_OR_BELOW_LOWER_BB|RSI_RECOVERY_NOT_CONFIRMED
2026-10-06T06:11:28.727696+00:00,SIE_OLD_MR_REGIME_EXHAUSTION_CONFIRM_V1,BNB,BNBUSDT,strategy-lab-v1.0.0:SIE_OLD_MR_REGIME_EXHAUSTION_CONFIRM_V1,1791244800000,2026-10-06T00:00:00+00:00,786.4,787.9,785.67,786.02,38.885630498533956,788.659,784.2342337914847,773.74745,2.8578571428571586,0.0036358580479595413,47.62897342365826,1.24999999999999,False,PLANNED_REWARD_TOO_LOW|RSI_NOT_BELOW_32|CLOSE_NOT_NEAR_OR_BELOW_LOWER_BB|RSI_RECOVERY_NOT_CONFIRMED
2026-10-06T06:11:28.727696+00:00,SIE_OLD_MR_REGIME_EXHAUSTION_CONFIRM_V1,BNB,BNBUSDT,strategy-lab-v1.0.0:SIE_OLD_MR_REGIME_EXHAUSTION_CONFIRM_V1,1791248400000,2026-10-06T01:00:00+00:00,786.05,786.58,781.95,783.1,29.19320594479825,788.2090000000001,783.4570576602807,773.7745000000001,3.0614285714285807,0.003909371180473222,38.885630498533956,1.2500000000000093,False,RSI_RECOVERY_NOT_CONFIRMED
2026-10-06T06:11:28.727696+00:00,SIE_OLD_MR_REGIME_EXHAUSTION_CONFIRM_V1,BNB,BNBUSDT,strategy-lab-v1.0.0:SIE_OLD_MR_REGIME_EXHAUSTION_CONFIRM_V1,1791252000000,2026-10-06T02:00:00+00:00,782.56,783.2,780.09,781.24,29.69762419006483,787.5604999999999,782.7221388105047,773.78545,3.0328571428571456,0.0038821068338246193,29.19320594479825,1.2500000000000093,False,RSI_RECOVERY_NOT_CONFIRMED
2026-10-06T06:11:28.727696+00:00,SIE_OLD_MR_REGIME_EXHAUSTION_CONFIRM_V1,BNB,BNBUSDT,strategy-lab-v1.0.0:SIE_OLD_MR_REGIME_EXHAUSTION_CONFIRM_V1,1791255600000,2026-10-06T03:00:00+00:00,781.07,782.44,780.14,780.66,16.04938271604948,787.0229999999999,781.6551546221959,773.79795,2.8964285714285762,0.0037102305375305207,29.69762419006483,1.2500000000000098,False,RSI_RECOVERY_NOT_CONFIRMED
2026-10-06T06:11:28.727696+00:00,SIE_OLD_MR_REGIME_EXHAUSTION_CONFIRM_V1,BNB,BNBUSDT,strategy-lab-v1.0.0:SIE_OLD_MR_REGIME_EXHAUSTION_CONFIRM_V1,1791259200000,2026-10-06T04:00:00+00:00,780.81,782.03,780.68,781.27,24.189902034664755,786.6585,780.7908555833699,773.81715,2.422142857142863,0.0031002634903975106,16.04938271604948,1.2499999999999882,False,PLANNED_REWARD_TOO_LOW|CLOSE_NOT_NEAR_OR_BELOW_LOWER_BB
2026-10-06T06:11:28.727696+00:00,SIE_OLD_MR_REGIME_EXHAUSTION_CONFIRM_V1,BNB,BNBUSDT,strategy-lab-v1.0.0:SIE_OLD_MR_REGIME_EXHAUSTION_CONFIRM_V1,1791262800000,2026-10-06T05:00:00+00:00,781.19,782.7,780.44,780.61,25.255704169945133,786.324,779.9040112149623,773.8199500000001,2.3100000000000103,0.0029592241964617547,24.189902034664755,1.2499999999999878,False,PLANNED_REWARD_TOO_LOW|CLOSE_NOT_NEAR_OR_BELOW_LOWER_BB|RSI_RECOVERY_NOT_CONFIRMED
2026-10-06T06:11:28.727696+00:00,SIE_OLD_MR_REGIME_EXHAUSTION_CONFIRM_V1,BNB,BNBUSDT,strategy-lab-v1.0.0:SIE_OLD_MR_REGIME_EXHAUSTION_CONFIRM_V1,1791266400000,2026-10-06T06:00:00+00:00,780.56,780.56,778.63,778.63,20.55363321799321,785.765,778.7382354529266,773.8395000000002,2.220000000000011,0.0028511616557286654,25.255704169945133,1.2499999999999745,False,PLANNED_REWARD_TOO_LOW|RSI_RECOVERY_NOT_CONFIRMED
2026-10-06T06:11:28.727696+00:00,SIE_OLD_MR_REGIME_EXHAUSTION_CONFIRM_V1,PAXG,PAXGUSDT,strategy-lab-v1.0.0:SIE_OLD_MR_REGIME_EXHAUSTION_CONFIRM_V1,1791241200000,2026-10-05T23:00:00+00:00,4146.66,4147.1,4141.17,4141.33,31.642125480153652,4152.643,4133.101786015183,4166.42815,10.099285714285868,0.0024386575603214107,30.88579909389216,1.2499999999999776,False,TREND_SUPPORT_NOT_CONFIRMED|PLANNED_REWARD_TOO_LOW|CLOSE_NOT_NEAR_OR_BELOW_LOWER_BB|CLOSE_NOT_ABOVE_MA200|RSI_RECOVERY_NOT_CONFIRMED
2026-10-06T06:11:28.727696+00:00,SIE_OLD_MR_REGIME_EXHAUSTION_CONFIRM_V1,PAXG,PAXGUSDT,strategy-lab-v1.0.0:SIE_OLD_MR_REGIME_EXHAUSTION_CONFIRM_V1,1791244800000,2026-10-06T00:00:00+00:00,4143.54,4157.76,4141.6,4157.76,43.706339791749066,4153.5225,4134.737225048582,4165.8390500000005,10.715000000000146,0.002577108827830405,31.642125480153652,1.25,False,TREND_SUPPORT_NOT_CONFIRMED|RSI_NOT_BELOW_32|CLOSE_NOT_NEAR_OR_BELOW_LOWER_BB|CLOSE_NOT_ABOVE_MA200
2026-10-06T06:11:28.727696+00:00,SIE_OLD_MR_REGIME_EXHAUSTION_CONFIRM_V1,PAXG,PAXGUSDT,strategy-lab-v1.0.0:SIE_OLD_MR_REGIME_EXHAUSTION_CONFIRM_V1,1791248400000,2026-10-06T01:00:00+00:00,4158.64,4158.64,4138.02,4139.94,37.71610555050051,4153.217,4133.768543917308,4165.1672,11.142857142857272,0.0026915503951403337,43.706339791749066,1.2499999999999591,False,TREND_SUPPORT_NOT_CONFIRMED|PLANNED_REWARD_TOO_LOW|RSI_NOT_BELOW_32|CLOSE_NOT_NEAR_OR_BELOW_LOWER_BB|CLOSE_NOT_ABOVE_MA200|RSI_RECOVERY_NOT_CONFIRMED
2026-10-06T06:11:28.727696+00:00,SIE_OLD_MR_REGIME_EXHAUSTION_CONFIRM_V1,PAXG,PAXGUSDT,strategy-lab-v1.0.0:SIE_OLD_MR_REGIME_EXHAUSTION_CONFIRM_V1,1791252000000,2026-10-06T02:00:00+00:00,4140.11,4146.17,4122.33,4139.35,37.52829334540539,4152.214,4132.089226808721,4164.488450000001,12.109285714285827,0.002925407543282357,37.71610555050051,1.2500000000000189,False,TREND_SUPPORT_NOT_CONFIRMED|RSI_NOT_BELOW_32|CLOSE_NOT_NEAR_OR_BELOW_LOWER_BB|CLOSE_NOT_ABOVE_MA200|RSI_RECOVERY_NOT_CONFIRMED
2026-10-06T06:11:28.727696+00:00,SIE_OLD_MR_REGIME_EXHAUSTION_CONFIRM_V1,PAXG,PAXGUSDT,strategy-lab-v1.0.0:SIE_OLD_MR_REGIME_EXHAUSTION_CONFIRM_V1,1791255600000,2026-10-06T03:00:00+00:00,4141.14,4141.14,4133.31,4136.6,41.30028646157728,4150.642,4130.797889941837,4163.7896,11.055714285714398,0.0026726573238201414,37.52829334540539,1.25,False,TREND_SUPPORT_NOT_CONFIRMED|RSI_NOT_BELOW_32|CLOSE_NOT_NEAR_OR_BELOW_LOWER_BB|CLOSE_NOT_ABOVE_MA200|RSI_RECOVERY_NOT_CONFIRMED
2026-10-06T06:11:28.727696+00:00,SIE_OLD_MR_REGIME_EXHAUSTION_CONFIRM_V1,PAXG,PAXGUSDT,strategy-lab-v1.0.0:SIE_OLD_MR_REGIME_EXHAUSTION_CONFIRM_V1,1791259200000,2026-10-06T04:00:00+00:00,4137.76,4137.94,4130.2,4131.75,39.87973541791963,4148.647,4129.64744937372,4163.0706,10.700000000000077,0.0025897017002480976,41.30028646157728,1.2500000000000213,False,TREND_SUPPORT_NOT_CONFIRMED|RSI_NOT_BELOW_32|CLOSE_NOT_NEAR_OR_BELOW_LOWER_BB|CLOSE_NOT_ABOVE_MA200|RSI_RECOVERY_NOT_CONFIRMED
2026-10-06T06:11:28.727696+00:00,SIE_OLD_MR_REGIME_EXHAUSTION_CONFIRM_V1,PAXG,PAXGUSDT,strategy-lab-v1.0.0:SIE_OLD_MR_REGIME_EXHAUSTION_CONFIRM_V1,1791262800000,2026-10-06T05:00:00+00:00,4132.88,4135.07,4130.13,4130.13,41.77374653565172,4146.9400000000005,4127.728343121931,4162.3502,9.853571428571481,0.0023857775490290817,39.87973541791963,1.25,False,TREND_SUPPORT_NOT_CONFIRMED|RSI_NOT_BELOW_32|CLOSE_NOT_NEAR_OR_BELOW_LOWER_BB|CLOSE_NOT_ABOVE_MA200|RSI_RECOVERY_NOT_CONFIRMED
2026-10-06T15:02:54.783820+00:00,SIE_OLD_MR_REGIME_EXHAUSTION_CONFIRM_V1,BTC,BTCUSDT,strategy-lab-v1.0.0:SIE_OLD_MR_REGIME_EXHAUSTION_CONFIRM_V1,1791270000000,2026-10-06T07:00:00+00:00,85282.93,85613.53,85251.4,85539.53,52.84914428431044,85658.8645,85120.9677061647,84556.57015,302.6292857142856,0.003537888105233751,49.65050634225763,1.250000000000012,False,RSI_NOT_BELOW_32|CLOSE_NOT_NEAR_OR_BELOW_LOWER_BB
2026-10-06T15:02:54.783820+00:00,SIE_OLD_MR_REGIME_EXHAUSTION_CONFIRM_V1,BTC,BTCUSDT,strategy-lab-v1.0.0:SIE_OLD_MR_REGIME_EXHAUSTION_CONFIRM_V1,1791273600000,2026-10-06T08:00:00+00:00,85539.53,86040.23,85525.98,86003.57,57.89023827262635,85665.5295,85114.18460687203,84565.97875,314.80214285714254,0.0036603380866299215,52.84914428431044,1.250000000000023,False,RSI_NOT_BELOW_32|CLOSE_NOT_NEAR_OR_BELOW_LOWER_BB
2026-10-06T15:02:54.783820+00:00,SIE_OLD_MR_REGIME_EXHAUSTION_CONFIRM_V1,BTC,BTCUSDT,strategy-lab-v1.0.0:SIE_OLD_MR_REGIME_EXHAUSTION_CONFIRM_V1,1791277200000,2026-10-06T09:00:00+00:00,86003.58,86214.05,85634.38,85970.68,55.55317473996041,85643.09,85188.221693169,84577.45045,338.03857142857095,0.003932021608164213,57.89023827262635,1.25,False,RSI_NOT_BELOW_32|CLOSE_NOT_NEAR_OR_BELOW_LOWER_BB|RSI_RECOVERY_NOT_CONFIRMED
2026-10-06T15:02:54.783820+00:00,SIE_OLD_MR_REGIME_EXHAUSTION_CONFIRM_V1,BTC,BTCUSDT,strategy-lab-v1.0.0:SIE_OLD_MR_REGIME_EXHAUSTION_CONFIRM_V1,1791280800000,2026-10-06T10:00:00+00:00,85970.67,86252.31,85932.58,86139.95,58.01816229914984,85669.075,85165.61305063413,84591.10549999999,344.9571428571414,0.004004612759319472,55.55317473996041,1.25,False,RSI_NOT_BELOW_32|CLOSE_NOT_NEAR_OR_BELOW_LOWER_BB
2026-10-06T15:02:54.783820+00:00,SIE_OLD_MR_REGIME_EXHAUSTION_CONFIRM_V1,BTC,BTCUSDT,strategy-lab-v1.0.0:SIE_OLD_MR_REGIME_EXHAUSTION_CONFIRM_V1,1791284400000,2026-10-06T11:00:00+00:00,86139.95,86378.46,86051.79,86236.16,56.69235587266155,85718.365,85195.8628016704,84605.66049999998,346.3621428571423,0.004016437453350686,58.01816229914984,1.250000000000021,False,RSI_NOT_BELOW_32|CLOSE_NOT_NEAR_OR_BELOW_LOWER_BB|RSI_RECOVERY_NOT_CONFIRMED
2026-10-06T15:02:54.783820+00:00,SIE_OLD_MR_REGIME_EXHAUSTION_CONFIRM_V1,BTC,BTCUSDT,strategy-lab-v1.0.0:SIE_OLD_MR_REGIME_EXHAUSTION_CONFIRM_V1,1791288000000,2026-10-06T12:00:00+00:00,86236.19,86394.0,86105.4,86193.76,55.917271017996164,85763.2675,85239.41996432359,84619.2981,353.6578571428576,0.004103056383001015,56.69235587266155,1.25,False,RSI_NOT_BELOW_32|CLOSE_NOT_NEAR_OR_BELOW_LOWER_BB|RSI_RECOVERY_NOT_CONFIRMED
2026-10-06T15:02:54.783820+00:00,SIE_OLD_MR_REGIME_EXHAUSTION_CONFIRM_V1,BTC,BTCUSDT,strategy-lab-v1.0.0:SIE_OLD_MR_REGIME_EXHAUSTION_CONFIRM_V1,1791291600000,2026-10-06T13:00:00+00:00,86193.75,86486.52,85961.73,86303.39,62.81628671422384,85807.0275,85256.89336450736,84635.01350000002,364.61714285714385,0.004224829903635811,55.917271017996164,1.24999999999998,False,PLANNED_REWARD_TOO_LOW|RSI_NOT_BELOW_32|CLOSE_NOT_NEAR_OR_BELOW_LOWER_BB
2026-10-06T15:02:54.783820+00:00,SIE_OLD_MR_REGIME_EXHAUSTION_CONFIRM_V1,BTC,BTCUSDT,strategy-lab-v1.0.0:SIE_OLD_MR_REGIME_EXHAUSTION_CONFIRM_V1,1791295200000,2026-10-06T14:00:00+00:00,86300.49,86638.54,85928.92,86601.3,65.15085207700506,85854.1765,85209.57861684321,84652.35,399.0764285714301,0.004608203670977573,62.81628671422384,1.25,False,RSI_NOT_BELOW_32|CLOSE_NOT_NEAR_OR_BELOW_LOWER_BB
2026-10-06T15:02:54.783820+00:00,SIE_OLD_MR_REGIME_EXHAUSTION_CONFIRM_V1,BTC,BTCUSDT,strategy-lab-v1.0.0:SIE_OLD_MR_REGIME_EXHAUSTION_CONFIRM_V1,1791298800000,2026-10-06T15:00:00+00:00,86602.45,86698.35,86585.11,86639.55,73.08086074509362,85899.5415,85173.13693593795,84670.9711,368.7785714285731,0.004256469146349134,65.15085207700506,1.2499999999999902,False,PLANNED_REWARD_TOO_LOW|RSI_NOT_BELOW_32|CLOSE_NOT_NEAR_OR_BELOW_LOWER_BB
2026-10-06T15:02:54.783820+00:00,SIE_OLD_MR_REGIME_EXHAUSTION_CONFIRM_V1,SOL,SOLUSDT,strategy-lab-v1.0.0:SIE_OLD_MR_REGIME_EXHAUSTION_CONFIRM_V1,1791270000000,2026-10-06T07:00:00+00:00,119.78,120.29,119.69,120.18,52.552552552552584,120.24099999999999,119.2515981605032,119.6098,0.5671428571428601,0.004719111808477784,52.694610778443206,1.2500000000000062,False,RSI_NOT_BELOW_32|CLOSE_NOT_NEAR_OR_BELOW_LOWER_BB|RSI_RECOVERY_NOT_CONFIRMED
2026-10-06T15:02:54.783820+00:00,SIE_OLD_MR_REGIME_EXHAUSTION_CONFIRM_V1,SOL,SOLUSDT,strategy-lab-v1.0.0:SIE_OLD_MR_REGIME_EXHAUSTION_CONFIRM_V1,1791273600000,2026-10-06T08:00:00+00:00,120.18,120.79,120.17,120.46,55.367231638418026,120.247,119.25382126482712,119.60385000000001,0.5885714285714313,0.004886032114987808,52.552552552552584,1.249999999999994,False,PLANNED_REWARD_TOO_LOW|RSI_NOT_BELOW_32|CLOSE_NOT_NEAR_OR_BELOW_LOWER_BB
2026-10-06T15:02:54.783820+00:00,SIE_OLD_MR_REGIME_EXHAUSTION_CONFIRM_V1,SOL,SOLUSDT,strategy-lab-v1.0.0:SIE_OLD_MR_REGIME_EXHAUSTION_CONFIRM_V1,1791277200000,2026-10-06T09:00:00+00:00,120.49,120.62,118.87,119.52,41.25874125874124,120.184,119.17433867064267,119.59795,0.6835714285714312,0.005719305794607021,55.367231638418026,1.250000000000005,False,RSI_NOT_BELOW_32|CLOSE_NOT_NEAR_OR_BELOW_LOWER_BB|CLOSE_NOT_ABOVE_MA200|RSI_RECOVERY_NOT_CONFIRMED
2026-10-06T15:02:54.783820+00:00,SIE_OLD_MR_REGIME_EXHAUSTION_CONFIRM_V1,SOL,SOLUSDT,strategy-lab-v1.0.0:SIE_OLD_MR_REGIME_EXHAUSTION_CONFIRM_V1,1791280800000,2026-10-06T10:00:00+00:00,119.5,120.54,119.44,120.21,45.3362255965292,120.22,119.26185596072428,119.5989,0.7221428571428602,0.006007344290349058,41.25874125874124,1.2499999999999951,False,PLANNED_REWARD_TOO_LOW|RSI_NOT_BELOW_32|CLOSE_NOT_NEAR_OR_BELOW_LOWER_BB
2026-10-06T15:02:54.783820+00:00,SIE_OLD_MR_REGIME_EXHAUSTION_CONFIRM_V1,SOL,SOLUSDT,strategy-lab-v1.0.0:SIE_OLD_MR_REGIME_EXHAUSTION_CONFIRM_V1,1791284400000,2026-10-06T11:00:00+00:00,120.23,120.43,119.92,120.32,44.7368421052631,120.27000000000001,119.4051069430273,119.6014,0.7342857142857174,0.00610277355623103,45.3362255965292,1.2499999999999951,False,PLANNED_REWARD_TOO_LOW|RSI_NOT_BELOW_32|CLOSE_NOT_NEAR_OR_BELOW_LOWER_BB|RSI_RECOVERY_NOT_CONFIRMED
2026-10-06T15:02:54.783820+00:00,SIE_OLD_MR_REGIME_EXHAUSTION_CONFIRM_V1,SOL,SOLUSDT,strategy-lab-v1.0.0:SIE_OLD_MR_REGIME_EXHAUSTION_CONFIRM_V1,1791288000000,2026-10-06T12:00:00+00:00,120.31,120.63,120.04,120.41,42.85714285714272,120.3105,119.50079696801879,119.60379999999999,0.720714285714288,0.005985501916072486,44.7368421052631,1.2499999999999951,False,PLANNED_REWARD_TOO_LOW|RSI_NOT_BELOW_32|CLOSE_NOT_NEAR_OR_BELOW_LOWER_BB|RSI_RECOVERY_NOT_CONFIRMED
2026-10-06T15:02:54.783820+00:00,SIE_OLD_MR_REGIME_EXHAUSTION_CONFIRM_V1,SOL,SOLUSDT,strategy-lab-v1.0.0:SIE_OLD_MR_REGIME_EXHAUSTION_CONFIRM_V1,1791291600000,2026-10-06T13:00:00+00:00,120.4,121.15,120.14,120.9,51.40388768898499,120.35499999999999,119.51885407972078,119.61280000000001,0.7342857142857164,0.006073496396077059,42.85714285714272,1.2499999999999951,False,PLANNED_REWARD_TOO_LOW|RSI_NOT_BELOW_32|CLOSE_NOT_NEAR_OR_BELOW_LOWER_BB
2026-10-06T15:02:54.783820+00:00,SIE_OLD_MR_REGIME_EXHAUSTION_CONFIRM_V1,SOL,SOLUSDT,strategy-lab-v1.0.0:SIE_OLD_MR_REGIME_EXHAUSTION_CONFIRM_V1,1791295200000,2026-10-06T14:00:00+00:00,120.89,121.77,120.56,121.76,57.061068702290186,120.439,119.4140141464393,119.62809999999999,0.7971428571428589,0.006546836868781693,51.40388768898499,1.2500000000000089,False,RSI_NOT_BELOW_32|CLOSE_NOT_NEAR_OR_BELOW_LOWER_BB
2026-10-06T15:02:54.783820+00:00,SIE_OLD_MR_REGIME_EXHAUSTION_CONFIRM_V1,XRP,XRPUSDT,strategy-lab-v1.0.0:SIE_OLD_MR_REGIME_EXHAUSTION_CONFIRM_V1,1791270000000,2026-10-06T07:00:00+00:00,1.4972,1.5012,1.4914,1.4999,54.636591478696786,1.501975,1.4896110402782956,1.4993575,0.007392857142857138,0.004928900021906219,56.59472422062356,1.2500000000000075,False,RSI_NOT_BELOW_32|CLOSE_NOT_NEAR_OR_BELOW_LOWER_BB|RSI_RECOVERY_NOT_CONFIRMED
2026-10-06T15:02:54.783820+00:00,SIE_OLD_MR_REGIME_EXHAUSTION_CONFIRM_V1,XRP,XRPUSDT,strategy-lab-v1.0.0:SIE_OLD_MR_REGIME_EXHAUSTION_CONFIRM_V1,1791273600000,2026-10-06T08:00:00+00:00,1.4998,1.5062,1.4997,1.5034,54.8628428927681,1.501695,1.4897329809396604,1.499302,0.007421428571428563,0.0049364298067238015,54.636591478696786,1.2499999999999851,False,PLANNED_REWARD_TOO_LOW|RSI_NOT_BELOW_32|CLOSE_NOT_NEAR_OR_BELOW_LOWER_BB
2026-10-06T15:02:54.783820+00:00,SIE_OLD_MR_REGIME_EXHAUSTION_CONFIRM_V1,XRP,XRPUSDT,strategy-lab-v1.0.0:SIE_OLD_MR_REGIME_EXHAUSTION_CONFIRM_V1,1791277200000,2026-10-06T09:00:00+00:00,1.5038,1.5105,1.4957,1.503,49.45355191256806,1.501095,1.4907709552500035,1.4992935,0.00796428571428571,0.00529892595760859,54.8628428927681,1.2499999999999931,False,PLANNED_REWARD_TOO_LOW|RSI_NOT_BELOW_32|CLOSE_NOT_NEAR_OR_BELOW_LOWER_BB|RSI_RECOVERY_NOT_CONFIRMED
2026-10-06T15:02:54.783820+00:00,SIE_OLD_MR_REGIME_EXHAUSTION_CONFIRM_V1,XRP,XRPUSDT,strategy-lab-v1.0.0:SIE_OLD_MR_REGIME_EXHAUSTION_CONFIRM_V1,1791280800000,2026-10-06T10:00:00+00:00,1.5026,1.5102,1.5024,1.5077,53.28282828282818,1.501525,1.4908584401047043,1.4993495000000001,0.008185714285714287,0.005429272591174828,49.45355191256806,1.25,False,RSI_NOT_BELOW_32|CLOSE_NOT_NEAR_OR_BELOW_LOWER_BB
2026-10-06T15:02:54.783820+00:00,SIE_OLD_MR_REGIME_EXHAUSTION_CONFIRM_V1,XRP,XRPUSDT,strategy-lab-v1.0.0:SIE_OLD_MR_REGIME_EXHAUSTION_CONFIRM_V1,1791284400000,2026-10-06T11:00:00+00:00,1.5078,1.5149,1.5052,1.5131,55.74162679425823,1.5025549999999999,1.4915988190960567,1.4994535000000002,0.008442857142857132,0.005579840818754301,53.28282828282818,1.249999999999987,False,PLANNED_REWARD_TOO_LOW|RSI_NOT_BELOW_32|CLOSE_NOT_NEAR_OR_BELOW_LOWER_BB
2026-10-06T15:02:54.783820+00:00,SIE_OLD_MR_REGIME_EXHAUSTION_CONFIRM_V1,XRP,XRPUSDT,strategy-lab-v1.0.0:SIE_OLD_MR_REGIME_EXHAUSTION_CONFIRM_V1,1791288000000,2026-10-06T12:00:00+00:00,1.5131,1.5148,1.5077,1.5116,51.338199513382115,1.503555,1.4931435687823467,1.499532,0.008464285714285702,0.00559955392583071,55.74162679425823,1.250000000000013,False,RSI_NOT_BELOW_32|CLOSE_NOT_NEAR_OR_BELOW_LOWER_BB|RSI_RECOVERY_NOT_CONFIRMED
2026-10-06T15:02:54.783820+00:00,SIE_OLD_MR_REGIME_EXHAUSTION_CONFIRM_V1,XRP,XRPUSDT,strategy-lab-v1.0.0:SIE_OLD_MR_REGIME_EXHAUSTION_CONFIRM_V1,1791291600000,2026-10-06T13:00:00+00:00,1.5112,1.5173,1.5062,1.5145,58.252427184465894,1.50447,1.4935985511545185,1.4996855,0.00881428571428571,0.005819931141819551,51.338199513382115,1.2499999999999873,False,PLANNED_REWARD_TOO_LOW|RSI_NOT_BELOW_32|CLOSE_NOT_NEAR_OR_BELOW_LOWER_BB
2026-10-06T15:02:54.783820+00:00,SIE_OLD_MR_REGIME_EXHAUSTION_CONFIRM_V1,XRP,XRPUSDT,strategy-lab-v1.0.0:SIE_OLD_MR_REGIME_EXHAUSTION_CONFIRM_V1,1791295200000,2026-10-06T14:00:00+00:00,1.5141,1.523,1.5098,1.5223,63.48195329087038,1.50561,1.4925091755984623,1.4998999999999998,0.009292857142857134,0.006104484755210624,58.252427184465894,1.250000000000006,False,RSI_NOT_BELOW_32|CLOSE_NOT_NEAR_OR_BELOW_LOWER_BB
2026-10-06T15:02:54.783820+00:00,SIE_OLD_MR_REGIME_EXHAUSTION_CONFIRM_V1,XRP,XRPUSDT,strategy-lab-v1.0.0:SIE_OLD_MR_REGIME_EXHAUSTION_CONFIRM_V1,1791298800000,2026-10-06T15:00:00+00:00,1.5227,1.5238,1.5211,1.5221,76.27551020408148,1.506545,1.4916607163423992,1.5001555,0.008535714285714282,0.005607853810994207,63.48195329087038,1.25,False,RSI_NOT_BELOW_32|CLOSE_NOT_NEAR_OR_BELOW_LOWER_BB|RSI_RECOVERY_NOT_CONFIRMED
2026-10-06T15:02:54.783820+00:00,SIE_OLD_MR_REGIME_EXHAUSTION_CONFIRM_V1,DOGE,DOGEUSDT,strategy-lab-v1.0.0:SIE_OLD_MR_REGIME_EXHAUSTION_CONFIRM_V1,1791270000000,2026-10-06T07:00:00+00:00,0.09436,0.09472,0.09425,0.09467,49.52380952380948,0.0950345,0.09402204802582981,0.0943304,0.00047928571428571286,0.005062698999532194,47.52475247524755,1.2499999999999856,False,PLANNED_REWARD_TOO_LOW|RSI_NOT_BELOW_32|CLOSE_NOT_NEAR_OR_BELOW_LOWER_BB
2026-10-06T15:02:54.783820+00:00,SIE_OLD_MR_REGIME_EXHAUSTION_CONFIRM_V1,DOGE,DOGEUSDT,strategy-lab-v1.0.0:SIE_OLD_MR_REGIME_EXHAUSTION_CONFIRM_V1,1791273600000,2026-10-06T08:00:00+00:00,0.09467,0.09497,0.09463,0.09492,50.77399380804966,0.0950005,0.09402116400045689,0.09432235,0.0004821428571428556,0.005079465414484361,49.52380952380948,1.250000000000007,False,RSI_NOT_BELOW_32|CLOSE_NOT_NEAR_OR_BELOW_LOWER_BB
2026-10-06T15:02:54.783820+00:00,SIE_OLD_MR_REGIME_EXHAUSTION_CONFIRM_V1,DOGE,DOGEUSDT,strategy-lab-v1.0.0:SIE_OLD_MR_REGIME_EXHAUSTION_CONFIRM_V1,1791277200000,2026-10-06T09:00:00+00:00,0.09492,0.09525,0.09436,0.09495,40.671641791045026,0.094944,0.09409914735012483,0.0943198,0.0004928571428571411,0.00519070187316631,50.77399380804966,1.249999999999993,False,PLANNED_REWARD_TOO_LOW|RSI_NOT_BELOW_32|CLOSE_NOT_NEAR_OR_BELOW_LOWER_BB|RSI_RECOVERY_NOT_CONFIRMED
2026-10-06T15:02:54.783820+00:00,SIE_OLD_MR_REGIME_EXHAUSTION_CONFIRM_V1,DOGE,DOGEUSDT,strategy-lab-v1.0.0:SIE_OLD_MR_REGIME_EXHAUSTION_CONFIRM_V1,1791280800000,2026-10-06T10:00:00+00:00,0.09492,0.09548,0.0949,0.09542,46.46464646464642,0.0949855,0.09413277554274484,0.0943233,0.0004928571428571411,0.00516513459292749,40.671641791045026,1.249999999999993,False,PLANNED_REWARD_TOO_LOW|RSI_NOT_BELOW_32|CLOSE_NOT_NEAR_OR_BELOW_LOWER_BB
2026-10-06T15:02:54.783820+00:00,SIE_OLD_MR_REGIME_EXHAUSTION_CONFIRM_V1,DOGE,DOGEUSDT,strategy-lab-v1.0.0:SIE_OLD_MR_REGIME_EXHAUSTION_CONFIRM_V1,1791284400000,2026-10-06T11:00:00+00:00,0.09539,0.09579,0.09526,0.09577,50.31249999999988,0.09504599999999999,0.09415192170365166,0.09433205000000001,0.0005085714285714267,0.005310341741374404,46.46464646464642,1.2499999999999931,False,PLANNED_REWARD_TOO_LOW|RSI_NOT_BELOW_32|CLOSE_NOT_NEAR_OR_BELOW_LOWER_BB
2026-10-06T15:02:54.783820+00:00,SIE_OLD_MR_REGIME_EXHAUSTION_CONFIRM_V1,DOGE,DOGEUSDT,strategy-lab-v1.0.0:SIE_OLD_MR_REGIME_EXHAUSTION_CONFIRM_V1,1791288000000,2026-10-06T12:00:00+00:00,0.09576,0.09581,0.09535,0.09554,48.059701492537215,0.0950975,0.09421425880983668,0.09433785,0.0005107142857142839,0.00534555459194352,50.31249999999988,1.2499999999999865,False,PLANNED_REWARD_TOO_LOW|RSI_NOT_BELOW_32|CLOSE_NOT_NEAR_OR_BELOW_LOWER_BB|RSI_RECOVERY_NOT_CONFIRMED
2026-10-06T15:02:54.783820+00:00,SIE_OLD_MR_REGIME_EXHAUSTION_CONFIRM_V1,DOGE,DOGEUSDT,strategy-lab-v1.0.0:SIE_OLD_MR_REGIME_EXHAUSTION_CONFIRM_V1,1791291600000,2026-10-06T13:00:00+00:00,0.09552,0.09623,0.09521,0.09599,58.02816901408456,0.095162,0.09421797457661293,0.09435120000000001,0.0005557142857142844,0.005789293527599587,48.059701492537215,1.2499999999999938,False,PLANNED_REWARD_TOO_LOW|RSI_NOT_BELOW_32|CLOSE_NOT_NEAR_OR_BELOW_LOWER_BB
2026-10-06T15:02:54.783820+00:00,SIE_OLD_MR_REGIME_EXHAUSTION_CONFIRM_V1,DOGE,DOGEUSDT,strategy-lab-v1.0.0:SIE_OLD_MR_REGIME_EXHAUSTION_CONFIRM_V1,1791295200000,2026-10-06T14:00:00+00:00,0.09597,0.09632,0.09552,0.09629,63.27077747989293,0.095233,0.09418017332860477,0.09436785,0.0005864285714285711,0.006090233372401818,58.02816901408456,1.2500000000000118,False,RSI_NOT_BELOW_32|CLOSE_NOT_NEAR_OR_BELOW_LOWER_BB
2026-10-06T15:02:54.783820+00:00,SIE_OLD_MR_REGIME_EXHAUSTION_CONFIRM_V1,DOGE,DOGEUSDT,strategy-lab-v1.0.0:SIE_OLD_MR_REGIME_EXHAUSTION_CONFIRM_V1,1791298800000,2026-10-06T15:00:00+00:00,0.09628,0.09636,0.09624,0.09624,69.20821114369528,0.09527250000000001,0.09413425793435617,0.09438654999999999,0.0005392857142857134,0.005603550647191535,63.27077747989293,1.2499999999999871,False,PLANNED_REWARD_TOO_LOW|RSI_NOT_BELOW_32|CLOSE_NOT_NEAR_OR_BELOW_LOWER_BB|RSI_RECOVERY_NOT_CONFIRMED
2026-10-06T15:02:54.783820+00:00,SIE_OLD_MR_REGIME_EXHAUSTION_CONFIRM_V1,BNB,BNBUSDT,strategy-lab-v1.0.0:SIE_OLD_MR_REGIME_EXHAUSTION_CONFIRM_V1,1791270000000,2026-10-06T07:00:00+00:00,778.98,780.35,777.99,779.52,25.81090407177369,785.2,778.1146065740846,773.84515,2.3200000000000096,0.0029761904761904886,20.72575017445932,1.2500000000000122,False,CLOSE_NOT_NEAR_OR_BELOW_LOWER_BB
2026-10-06T15:02:54.783820+00:00,SIE_OLD_MR_REGIME_EXHAUSTION_CONFIRM_V1,BNB,BNBUSDT,strategy-lab-v1.0.0:SIE_OLD_MR_REGIME_EXHAUSTION_CONFIRM_V1,1791273600000,2026-10-06T08:00:00+00:00,780.07,782.8,779.88,782.8,36.315165876777236,784.9019999999999,777.9403289362392,773.867,2.4564285714285785,0.003138002773925113,25.81090407177369,1.2500000000000115,False,RSI_NOT_BELOW_32|CLOSE_NOT_NEAR_OR_BELOW_LOWER_BB
2026-10-06T15:02:54.783820+00:00,SIE_OLD_MR_REGIME_EXHAUSTION_CONFIRM_V1,BNB,BNBUSDT,strategy-lab-v1.0.0:SIE_OLD_MR_REGIME_EXHAUSTION_CONFIRM_V1,1791277200000,2026-10-06T09:00:00+00:00,782.81,785.98,781.2,782.72,35.91715976331352,784.4549999999999,778.1713911643067,773.9111,2.692857142857146,0.0034403837168555116,36.315165876777236,1.2499999999999893,False,PLANNED_REWARD_TOO_LOW|RSI_NOT_BELOW_32|CLOSE_NOT_NEAR_OR_BELOW_LOWER_BB|RSI_RECOVERY_NOT_CONFIRMED
2026-10-06T15:02:54.783820+00:00,SIE_OLD_MR_REGIME_EXHAUSTION_CONFIRM_V1,BNB,BNBUSDT,strategy-lab-v1.0.0:SIE_OLD_MR_REGIME_EXHAUSTION_CONFIRM_V1,1791280800000,2026-10-06T10:00:00+00:00,782.99,784.68,782.33,783.66,38.70967741935471,784.232,778.1719023110182,773.9681999999999,2.758571428571429,0.0035201125852683934,35.91715976331352,1.25,False,RSI_NOT_BELOW_32|CLOSE_NOT_NEAR_OR_BELOW_LOWER_BB
2026-10-06T15:02:54.783820+00:00,SIE_OLD_MR_REGIME_EXHAUSTION_CONFIRM_V1,BNB,BNBUSDT,strategy-lab-v1.0.0:SIE_OLD_MR_REGIME_EXHAUSTION_CONFIRM_V1,1791284400000,2026-10-06T11:00:00+00:00,783.74,785.39,782.71,783.52,40.40165386887173,784.063,778.1226057369902,774.0344,2.7699999999999982,0.0035353277516847028,38.70967741935471,1.25,False,RSI_NOT_BELOW_32|CLOSE_NOT_NEAR_OR_BELOW_LOWER_BB|RSI_RECOVERY_NOT_CONFIRMED
2026-10-06T15:02:54.783820+00:00,SIE_OLD_MR_REGIME_EXHAUSTION_CONFIRM_V1,BNB,BNBUSDT,strategy-lab-v1.0.0:SIE_OLD_MR_REGIME_EXHAUSTION_CONFIRM_V1,1791288000000,2026-10-06T12:00:00+00:00,783.67,786.39,783.67,785.57,43.122886133032814,783.9844999999999,778.168637295293,774.10405,2.7928571428571365,0.003555198318236613,40.40165386887173,1.2499999999999898,False,PLANNED_REWARD_TOO_LOW|RSI_NOT_BELOW_32|CLOSE_NOT_NEAR_OR_BELOW_LOWER_BB
2026-10-06T15:02:54.783820+00:00,SIE_OLD_MR_REGIME_EXHAUSTION_CONFIRM_V1,BNB,BNBUSDT,strategy-lab-v1.0.0:SIE_OLD_MR_REGIME_EXHAUSTION_CONFIRM_V1,1791291600000,2026-10-06T13:00:00+00:00,785.56,785.96,783.73,784.66,44.92072812683494,783.891,778.1827046327297,774.1997,2.789999999999996,0.0035556801672061737,43.122886133032814,1.25,False,RSI_NOT_BELOW_32|CLOSE_NOT_NEAR_OR_BELOW_LOWER_BB|RSI_RECOVERY_NOT_CONFIRMED
2026-10-06T15:02:54.783820+00:00,SIE_OLD_MR_REGIME_EXHAUSTION_CONFIRM_V1,BNB,BNBUSDT,strategy-lab-v1.0.0:SIE_OLD_MR_REGIME_EXHAUSTION_CONFIRM_V1,1791295200000,2026-10-06T14:00:00+00:00,784.69,786.0,782.54,785.87,49.58030218242872,783.8135,778.2589405215175,774.31155,2.8778571428571404,0.0036620015306057497,44.92072812683494,1.2499999999999902,False,PLANNED_REWARD_TOO_LOW|RSI_NOT_BELOW_32|CLOSE_NOT_NEAR_OR_BELOW_LOWER_BB
2026-10-06T15:02:54.783820+00:00,SIE_OLD_MR_REGIME_EXHAUSTION_CONFIRM_V1,BNB,BNBUSDT,strategy-lab-v1.0.0:SIE_OLD_MR_REGIME_EXHAUSTION_CONFIRM_V1,1791298800000,2026-10-06T15:00:00+00:00,786.16,786.72,786.16,786.25,60.273972602739626,783.752,778.3356669230927,774.4422999999999,2.607857142857142,0.0033168294344764924,49.58030218242872,1.2499999999999891,False,PLANNED_REWARD_TOO_LOW|RSI_NOT_BELOW_32|CLOSE_NOT_NEAR_OR_BELOW_LOWER_BB
2026-10-06T15:02:54.783820+00:00,SIE_OLD_MR_REGIME_EXHAUSTION_CONFIRM_V1,PAXG,PAXGUSDT,strategy-lab-v1.0.0:SIE_OLD_MR_REGIME_EXHAUSTION_CONFIRM_V1,1791266400000,2026-10-06T06:00:00+00:00,4130.47,4142.08,4130.47,4142.08,51.86249712577588,4145.6785,4128.812594420972,4161.7801500000005,10.097142857142899,0.0024376986579551577,41.77374653565172,1.25,False,TREND_SUPPORT_NOT_CONFIRMED|RSI_NOT_BELOW_32|CLOSE_NOT_NEAR_OR_BELOW_LOWER_BB|CLOSE_NOT_ABOVE_MA200
2026-10-06T15:02:54.783820+00:00,SIE_OLD_MR_REGIME_EXHAUSTION_CONFIRM_V1,PAXG,PAXGUSDT,strategy-lab-v1.0.0:SIE_OLD_MR_REGIME_EXHAUSTION_CONFIRM_V1,1791270000000,2026-10-06T07:00:00+00:00,4139.68,4150.44,4138.13,4147.1,50.55503070382646,4144.9565,4129.709850171244,4161.2276,10.13571428571426,0.0024440486811782352,51.86249712577588,1.2500000000000449,False,TREND_SUPPORT_NOT_CONFIRMED|RSI_NOT_BELOW_32|CLOSE_NOT_NEAR_OR_BELOW_LOWER_BB|CLOSE_NOT_ABOVE_MA200|RSI_RECOVERY_NOT_CONFIRMED
2026-10-06T15:02:54.783820+00:00,SIE_OLD_MR_REGIME_EXHAUSTION_CONFIRM_V1,PAXG,PAXGUSDT,strategy-lab-v1.0.0:SIE_OLD_MR_REGIME_EXHAUSTION_CONFIRM_V1,1791273600000,2026-10-06T08:00:00+00:00,4148.67,4161.19,4146.23,4160.76,55.271872663176865,4144.925,4129.812273574875,4160.8746,10.646428571428519,0.0025587701697354615,50.55503070382646,1.25,False,TREND_SUPPORT_NOT_CONFIRMED|RSI_NOT_BELOW_32|CLOSE_NOT_NEAR_OR_BELOW_LOWER_BB|CLOSE_NOT_ABOVE_MA200
2026-10-06T15:02:54.783820+00:00,SIE_OLD_MR_REGIME_EXHAUSTION_CONFIRM_V1,PAXG,PAXGUSDT,strategy-lab-v1.0.0:SIE_OLD_MR_REGIME_EXHAUSTION_CONFIRM_V1,1791277200000,2026-10-06T09:00:00+00:00,4160.67,4162.41,4157.22,4158.71,56.57117865733671,4145.332,4129.22721984004,4160.5792,10.632857142857054,0.002556768118685134,55.271872663176865,1.25,False,TREND_SUPPORT_NOT_CONFIRMED|RSI_NOT_BELOW_32|CLOSE_NOT_NEAR_OR_BELOW_LOWER_BB|CLOSE_NOT_ABOVE_MA200|RSI_RECOVERY_NOT_CONFIRMED
2026-10-06T15:02:54.783820+00:00,SIE_OLD_MR_REGIME_EXHAUSTION_CONFIRM_V1,PAXG,PAXGUSDT,strategy-lab-v1.0.0:SIE_OLD_MR_REGIME_EXHAUSTION_CONFIRM_V1,1791280800000,2026-10-06T10:00:00+00:00,4157.8,4165.56,4155.04,4164.09,58.321091290661286,4146.1075,4128.073616474796,4160.3965,11.002857142857076,0.002642319724803517,56.57117865733671,1.2500000000000413,False,TREND_SUPPORT_NOT_CONFIRMED|RSI_NOT_BELOW_32|CLOSE_NOT_NEAR_OR_BELOW_LOWER_BB
2026-10-06T15:02:54.783820+00:00,SIE_OLD_MR_REGIME_EXHAUSTION_CONFIRM_V1,PAXG,PAXGUSDT,strategy-lab-v1.0.0:SIE_OLD_MR_REGIME_EXHAUSTION_CONFIRM_V1,1791284400000,2026-10-06T11:00:00+00:00,4163.18,4178.7,4161.61,4178.62,62.770643921642076,4147.879,4125.023403836247,4160.280500000001,11.694285714285668,0.0027985999478980306,58.321091290661286,1.25,False,TREND_SUPPORT_NOT_CONFIRMED|RSI_NOT_BELOW_32|CLOSE_NOT_NEAR_OR_BELOW_LOWER_BB
2026-10-06T15:02:54.783820+00:00,SIE_OLD_MR_REGIME_EXHAUSTION_CONFIRM_V1,PAXG,PAXGUSDT,strategy-lab-v1.0.0:SIE_OLD_MR_REGIME_EXHAUSTION_CONFIRM_V1,1791288000000,2026-10-06T12:00:00+00:00,4179.02,4183.45,4172.09,4175.73,63.5449283613241,4149.7235,4124.276211519684,4160.16265,12.199285714285647,0.0029214737816586917,62.770643921642076,1.2500000000000187,False,TREND_SUPPORT_NOT_CONFIRMED|RSI_NOT_BELOW_32|CLOSE_NOT_NEAR_OR_BELOW_LOWER_BB|RSI_RECOVERY_NOT_CONFIRMED
2026-10-06T15:02:54.783820+00:00,SIE_OLD_MR_REGIME_EXHAUSTION_CONFIRM_V1,PAXG,PAXGUSDT,strategy-lab-v1.0.0:SIE_OLD_MR_REGIME_EXHAUSTION_CONFIRM_V1,1791291600000,2026-10-06T13:00:00+00:00,4175.82,4178.1,4158.65,4158.92,57.559088955737046,4150.361500000001,4124.664968502532,4160.03615,13.159285714285684,0.0031641112871336028,63.5449283613241,1.25,False,TREND_SUPPORT_NOT_CONFIRMED|RSI_NOT_BELOW_32|CLOSE_NOT_NEAR_OR_BELOW_LOWER_BB|CLOSE_NOT_ABOVE_MA200|RSI_RECOVERY_NOT_CONFIRMED
2026-10-06T15:02:54.783820+00:00,SIE_OLD_MR_REGIME_EXHAUSTION_CONFIRM_V1,PAXG,PAXGUSDT,strategy-lab-v1.0.0:SIE_OLD_MR_REGIME_EXHAUSTION_CONFIRM_V1,1791295200000,2026-10-06T14:00:00+00:00,4161.94,4164.27,4150.87,4163.41,52.70567953261165,4150.9875,4124.667525930857,4160.0292,12.94285714285713,0.003108715486309811,57.559088955737046,1.2500000000000175,False,TREND_SUPPORT_NOT_CONFIRMED|RSI_NOT_BELOW_32|CLOSE_NOT_NEAR_OR_BELOW_LOWER_BB|RSI_RECOVERY_NOT_CONFIRMED
2026-10-06T20:55:48.247489+00:00,SIE_OLD_MR_REGIME_EXHAUSTION_CONFIRM_V1,BTC,BTCUSDT,strategy-lab-v1.0.0:SIE_OLD_MR_REGIME_EXHAUSTION_CONFIRM_V1,1791302400000,2026-10-06T16:00:00+00:00,85704.75,85851.11,85542.78,85576.09,50.95791153933483,85842.8325,85186.5462782992,84679.60965,431.37071428571653,0.005040785507794485,50.65900744584068,1.2499999999999916,False,PLANNED_REWARD_TOO_LOW|RSI_NOT_BELOW_32|CLOSE_NOT_NEAR_OR_BELOW_LOWER_BB|RSI_RECOVERY_NOT_CONFIRMED
2026-10-06T20:55:48.247489+00:00,SIE_OLD_MR_REGIME_EXHAUSTION_CONFIRM_V1,BTC,BTCUSDT,strategy-lab-v1.0.0:SIE_OLD_MR_REGIME_EXHAUSTION_CONFIRM_V1,1791306000000,2026-10-06T17:00:00+00:00,85576.09,85744.97,85466.0,85719.37,53.64357699849509,85831.738,85174.9806199095,84695.02540000001,429.35714285714494,0.005008869557220789,50.95791153933483,1.2500000000000084,False,RSI_NOT_BELOW_32|CLOSE_NOT_NEAR_OR_BELOW_LOWER_BB
2026-10-06T20:55:48.247489+00:00,SIE_OLD_MR_REGIME_EXHAUSTION_CONFIRM_V1,BTC,BTCUSDT,strategy-lab-v1.0.0:SIE_OLD_MR_REGIME_EXHAUSTION_CONFIRM_V1,1791309600000,2026-10-06T18:00:00+00:00,85719.38,85816.87,85486.45,85492.29,48.22257781124497,85809.88249999999,85138.64705660152,84707.94099999999,444.1050000000022,0.00519467895876929,53.64357699849509,1.2499999999999918,False,PLANNED_REWARD_TOO_LOW|RSI_NOT_BELOW_32|CLOSE_NOT_NEAR_OR_BELOW_LOWER_BB|RSI_RECOVERY_NOT_CONFIRMED
2026-10-06T20:55:48.247489+00:00,SIE_OLD_MR_REGIME_EXHAUSTION_CONFIRM_V1,BTC,BTCUSDT,strategy-lab-v1.0.0:SIE_OLD_MR_REGIME_EXHAUSTION_CONFIRM_V1,1791313200000,2026-10-06T19:00:00+00:00,85492.83,85685.48,85405.17,85610.01,51.7754219521505,85802.935,85126.46516142672,84720.69645000002,443.9385714285735,0.005185591865116865,48.22257781124497,1.2500000000000082,False,RSI_NOT_BELOW_32|CLOSE_NOT_NEAR_OR_BELOW_LOWER_BB
2026-10-06T20:55:48.247489+00:00,SIE_OLD_MR_REGIME_EXHAUSTION_CONFIRM_V1,BTC,BTCUSDT,strategy-lab-v1.0.0:SIE_OLD_MR_REGIME_EXHAUSTION_CONFIRM_V1,1791316800000,2026-10-06T20:00:00+00:00,85610.01,85681.74,85564.21,85630.86,55.79301388565141,85789.3795,85110.5298766972,84731.049,424.01071428571595,0.004951611069720845,51.7754219521505,1.25,False,RSI_NOT_BELOW_32|CLOSE_NOT_NEAR_OR_BELOW_LOWER_BB
2026-10-06T20:55:48.247489+00:00,SIE_OLD_MR_REGIME_EXHAUSTION_CONFIRM_V1,SOL,SOLUSDT,strategy-lab-v1.0.0:SIE_OLD_MR_REGIME_EXHAUSTION_CONFIRM_V1,1791298800000,2026-10-06T15:00:00+00:00,121.74,122.0,120.48,120.49,48.60426929392445,120.44850000000001,119.43392077687373,119.64045,0.8492857142857163,0.007048599172426893,56.81381957773523,1.25,False,RSI_NOT_BELOW_32|CLOSE_NOT_NEAR_OR_BELOW_LOWER_BB|RSI_RECOVERY_NOT_CONFIRMED
2026-10-06T20:55:48.247489+00:00,SIE_OLD_MR_REGIME_EXHAUSTION_CONFIRM_V1,SOL,SOLUSDT,strategy-lab-v1.0.0:SIE_OLD_MR_REGIME_EXHAUSTION_CONFIRM_V1,1791302400000,2026-10-06T16:00:00+00:00,120.51,121.17,120.21,120.29,50.8591065292097,120.431,119.41816437661409,119.65035,0.8714285714285737,0.007244397468023723,48.60426929392445,1.249999999999996,False,PLANNED_REWARD_TOO_LOW|RSI_NOT_BELOW_32|CLOSE_NOT_NEAR_OR_BELOW_LOWER_BB|RSI_RECOVERY_NOT_CONFIRMED
2026-10-06T20:55:48.247489+00:00,SIE_OLD_MR_REGIME_EXHAUSTION_CONFIRM_V1,SOL,SOLUSDT,strategy-lab-v1.0.0:SIE_OLD_MR_REGIME_EXHAUSTION_CONFIRM_V1,1791306000000,2026-10-06T17:00:00+00:00,120.29,120.87,120.11,120.86,56.935483870967765,120.43400000000001,119.41646572539324,119.66605,0.875000000000003,0.00723978156544765,50.8591065292097,1.25,False,RSI_NOT_BELOW_32|CLOSE_NOT_NEAR_OR_BELOW_LOWER_BB
2026-10-06T20:55:48.247489+00:00,SIE_OLD_MR_REGIME_EXHAUSTION_CONFIRM_V1,SOL,SOLUSDT,strategy-lab-v1.0.0:SIE_OLD_MR_REGIME_EXHAUSTION_CONFIRM_V1,1791309600000,2026-10-06T18:00:00+00:00,120.86,121.28,120.67,120.84,56.26016260162613,120.424,119.42675579720937,119.67814999999999,0.894285714285717,0.007400576913983093,56.935483870967765,1.250000000000004,False,RSI_NOT_BELOW_32|CLOSE_NOT_NEAR_OR_BELOW_LOWER_BB|RSI_RECOVERY_NOT_CONFIRMED
2026-10-06T20:55:48.247489+00:00,SIE_OLD_MR_REGIME_EXHAUSTION_CONFIRM_V1,SOL,SOLUSDT,strategy-lab-v1.0.0:SIE_OLD_MR_REGIME_EXHAUSTION_CONFIRM_V1,1791313200000,2026-10-06T19:00:00+00:00,120.84,120.89,120.32,120.79,58.54483925549923,120.425,119.42633088562852,119.68865,0.894285714285717,0.007403640320272514,56.26016260162613,1.250000000000004,False,RSI_NOT_BELOW_32|CLOSE_NOT_NEAR_OR_BELOW_LOWER_BB|RSI_RECOVERY_NOT_CONFIRMED
2026-10-06T20:55:48.247489+00:00,SIE_OLD_MR_REGIME_EXHAUSTION_CONFIRM_V1,SOL,SOLUSDT,strategy-lab-v1.0.0:SIE_OLD_MR_REGIME_EXHAUSTION_CONFIRM_V1,1791316800000,2026-10-06T20:00:00+00:00,120.8,121.2,120.67,121.01,60.03262642740626,120.42450000000001,119.42701365924164,119.6937,0.8821428571428598,0.00728983437024097,58.54483925549923,1.250000000000004,False,RSI_NOT_BELOW_32|CLOSE_NOT_NEAR_OR_BELOW_LOWER_BB
2026-10-06T20:55:48.247489+00:00,SIE_OLD_MR_REGIME_EXHAUSTION_CONFIRM_V1,XRP,XRPUSDT,strategy-lab-v1.0.0:SIE_OLD_MR_REGIME_EXHAUSTION_CONFIRM_V1,1791302400000,2026-10-06T16:00:00+00:00,1.5028,1.5061,1.4969,1.5013,54.06871609403271,1.5053750000000001,1.4921073136907759,1.5001615,0.010064285714285717,0.006703713924122904,50.85034013605433,1.2500000000000056,False,RSI_NOT_BELOW_32|CLOSE_NOT_NEAR_OR_BELOW_LOWER_BB|RSI_RECOVERY_NOT_CONFIRMED
2026-10-06T20:55:48.247489+00:00,SIE_OLD_MR_REGIME_EXHAUSTION_CONFIRM_V1,XRP,XRPUSDT,strategy-lab-v1.0.0:SIE_OLD_MR_REGIME_EXHAUSTION_CONFIRM_V1,1791306000000,2026-10-06T17:00:00+00:00,1.5012,1.5068,1.4986,1.506,56.80272108843541,1.5052600000000003,1.492056000605878,1.5002985000000002,0.010192857142857146,0.006768165433504081,54.06871609403271,1.25,False,RSI_NOT_BELOW_32|CLOSE_NOT_NEAR_OR_BELOW_LOWER_BB
2026-10-06T20:55:48.247489+00:00,SIE_OLD_MR_REGIME_EXHAUSTION_CONFIRM_V1,XRP,XRPUSDT,strategy-lab-v1.0.0:SIE_OLD_MR_REGIME_EXHAUSTION_CONFIRM_V1,1791309600000,2026-10-06T18:00:00+00:00,1.506,1.5114,1.5036,1.5039,54.013377926421356,1.50493,1.4919381410106183,1.500375,0.010492857142857146,0.006977097641370534,56.80272108843541,1.2500000000000053,False,RSI_NOT_BELOW_32|CLOSE_NOT_NEAR_OR_BELOW_LOWER_BB|RSI_RECOVERY_NOT_CONFIRMED
2026-10-06T20:55:48.247489+00:00,SIE_OLD_MR_REGIME_EXHAUSTION_CONFIRM_V1,XRP,XRPUSDT,strategy-lab-v1.0.0:SIE_OLD_MR_REGIME_EXHAUSTION_CONFIRM_V1,1791313200000,2026-10-06T19:00:00+00:00,1.5037,1.504,1.4959,1.5025,52.3887973640856,1.5046700000000002,1.4917021782862359,1.5004220000000001,0.010314285714285705,0.006864749227478007,54.013377926421356,1.2500000000000107,False,RSI_NOT_BELOW_32|CLOSE_NOT_NEAR_OR_BELOW_LOWER_BB|RSI_RECOVERY_NOT_CONFIRMED
2026-10-06T20:55:48.247489+00:00,SIE_OLD_MR_REGIME_EXHAUSTION_CONFIRM_V1,XRP,XRPUSDT,strategy-lab-v1.0.0:SIE_OLD_MR_REGIME_EXHAUSTION_CONFIRM_V1,1791316800000,2026-10-06T20:00:00+00:00,1.5027,1.5062,1.5011,1.502,54.17376490630317,1.50429,1.4914778339067907,1.5003145,0.010021428571428546,0.00667205630587786,52.3887973640856,1.249999999999989,False,PLANNED_REWARD_TOO_LOW|RSI_NOT_BELOW_32|CLOSE_NOT_NEAR_OR_BELOW_LOWER_BB|RSI_RECOVERY_NOT_CONFIRMED
2026-10-06T20:55:48.247489+00:00,SIE_OLD_MR_REGIME_EXHAUSTION_CONFIRM_V1,DOGE,DOGEUSDT,strategy-lab-v1.0.0:SIE_OLD_MR_REGIME_EXHAUSTION_CONFIRM_V1,1791302400000,2026-10-06T16:00:00+00:00,0.0954,0.09565,0.09492,0.09511,56.05700712589073,0.0952005,0.09416714672062206,0.09439260000000001,0.0006178571428571422,0.006496237439355927,54.5034642032333,1.2500000000000113,False,RSI_NOT_BELOW_32|CLOSE_NOT_NEAR_OR_BELOW_LOWER_BB|RSI_RECOVERY_NOT_CONFIRMED
2026-10-06T20:55:48.247489+00:00,SIE_OLD_MR_REGIME_EXHAUSTION_CONFIRM_V1,DOGE,DOGEUSDT,strategy-lab-v1.0.0:SIE_OLD_MR_REGIME_EXHAUSTION_CONFIRM_V1,1791306000000,2026-10-06T17:00:00+00:00,0.09513,0.09514,0.09438,0.09477,52.212389380530894,0.09515150000000001,0.09413420407451857,0.09440485000000001,0.0006392857142857132,0.006745654893803031,56.05700712589073,1.2500000000000053,False,RSI_NOT_BELOW_32|CLOSE_NOT_NEAR_OR_BELOW_LOWER_BB|RSI_RECOVERY_NOT_CONFIRMED
2026-10-06T20:55:48.247489+00:00,SIE_OLD_MR_REGIME_EXHAUSTION_CONFIRM_V1,DOGE,DOGEUSDT,strategy-lab-v1.0.0:SIE_OLD_MR_REGIME_EXHAUSTION_CONFIRM_V1,1791309600000,2026-10-06T18:00:00+00:00,0.0948,0.09503,0.09426,0.09428,44.90644490644499,0.095082,0.09402667824811524,0.09441054999999998,0.0006714285714285709,0.007121643735983993,52.212389380530894,1.2500000000000104,False,RSI_NOT_BELOW_32|CLOSE_NOT_NEAR_OR_BELOW_LOWER_BB|CLOSE_NOT_ABOVE_MA200|RSI_RECOVERY_NOT_CONFIRMED
2026-10-06T20:55:48.247489+00:00,SIE_OLD_MR_REGIME_EXHAUSTION_CONFIRM_V1,DOGE,DOGEUSDT,strategy-lab-v1.0.0:SIE_OLD_MR_REGIME_EXHAUSTION_CONFIRM_V1,1791313200000,2026-10-06T19:00:00+00:00,0.09429,0.0943,0.0934,0.09381,41.779497098646104,0.09500149999999999,0.09382314054720084,0.09441395,0.0007064285714285702,0.007530418627316599,44.90644490644499,1.2499999999999951,False,PLANNED_REWARD_TOO_LOW|RSI_NOT_BELOW_32|CLOSE_NOT_ABOVE_MA200|RSI_RECOVERY_NOT_CONFIRMED
2026-10-06T20:55:48.247489+00:00,SIE_OLD_MR_REGIME_EXHAUSTION_CONFIRM_V1,DOGE,DOGEUSDT,strategy-lab-v1.0.0:SIE_OLD_MR_REGIME_EXHAUSTION_CONFIRM_V1,1791316800000,2026-10-06T20:00:00+00:00,0.0938,0.09407,0.0936,0.09362,42.68774703557307,0.0949175,0.09360441394036755,0.09440960000000001,0.0006971428571428565,0.007446516312143308,41.779497098646104,1.2499999999999951,False,PLANNED_REWARD_TOO_LOW|RSI_NOT_BELOW_32|CLOSE_NOT_ABOVE_MA200|RSI_RECOVERY_NOT_CONFIRMED
2026-10-06T20:55:48.247489+00:00,SIE_OLD_MR_REGIME_EXHAUSTION_CONFIRM_V1,BNB,BNBUSDT,strategy-lab-v1.0.0:SIE_OLD_MR_REGIME_EXHAUSTION_CONFIRM_V1,1791302400000,2026-10-06T16:00:00+00:00,782.64,783.82,782.06,782.74,54.62392108508014,783.3335,778.3596553100244,774.5297,2.73142857142858,0.0034895732573122368,49.14032168607859,1.2499999999999791,False,PLANNED_REWARD_TOO_LOW|RSI_NOT_BELOW_32|CLOSE_NOT_NEAR_OR_BELOW_LOWER_BB|RSI_RECOVERY_NOT_CONFIRMED
2026-10-06T20:55:48.247489+00:00,SIE_OLD_MR_REGIME_EXHAUSTION_CONFIRM_V1,BNB,BNBUSDT,strategy-lab-v1.0.0:SIE_OLD_MR_REGIME_EXHAUSTION_CONFIRM_V1,1791306000000,2026-10-06T17:00:00+00:00,782.76,782.76,779.4,781.71,53.14937012597502,783.0805,778.3214728935426,774.6402499999999,2.807142857142862,0.003591028459585859,54.62392108508014,1.2500000000000102,False,RSI_NOT_BELOW_32|CLOSE_NOT_NEAR_OR_BELOW_LOWER_BB|RSI_RECOVERY_NOT_CONFIRMED
2026-10-06T20:55:48.247489+00:00,SIE_OLD_MR_REGIME_EXHAUSTION_CONFIRM_V1,BNB,BNBUSDT,strategy-lab-v1.0.0:SIE_OLD_MR_REGIME_EXHAUSTION_CONFIRM_V1,1791309600000,2026-10-06T18:00:00+00:00,781.92,783.08,780.65,780.73,48.41549295774659,782.7165,778.4312542660899,774.7379000000001,2.882857142857152,0.0036925148807617895,53.14937012597502,1.25,False,RSI_NOT_BELOW_32|CLOSE_NOT_NEAR_OR_BELOW_LOWER_BB|RSI_RECOVERY_NOT_CONFIRMED
2026-10-06T20:55:48.247489+00:00,SIE_OLD_MR_REGIME_EXHAUSTION_CONFIRM_V1,BNB,BNBUSDT,strategy-lab-v1.0.0:SIE_OLD_MR_REGIME_EXHAUSTION_CONFIRM_V1,1791313200000,2026-10-06T19:00:00+00:00,780.82,780.82,778.1,779.47,46.768707482993236,782.3705,778.211954701462,774.8174,2.9157142857142975,0.003740636952947897,48.41549295774659,1.25,False,RSI_NOT_BELOW_32|CLOSE_NOT_NEAR_OR_BELOW_LOWER_BB|RSI_RECOVERY_NOT_CONFIRMED
2026-10-06T20:55:48.247489+00:00,SIE_OLD_MR_REGIME_EXHAUSTION_CONFIRM_V1,BNB,BNBUSDT,strategy-lab-v1.0.0:SIE_OLD_MR_REGIME_EXHAUSTION_CONFIRM_V1,1791316800000,2026-10-06T20:00:00+00:00,779.49,779.7,778.48,779.41,52.08333333333323,782.0400000000001,778.0467907643113,774.8699499999999,2.816428571428584,0.0036135391789027397,46.768707482993236,1.2500000000000202,False,RSI_NOT_BELOW_32|CLOSE_NOT_NEAR_OR_BELOW_LOWER_BB|RSI_RECOVERY_NOT_CONFIRMED
2026-10-06T20:55:48.247489+00:00,SIE_OLD_MR_REGIME_EXHAUSTION_CONFIRM_V1,PAXG,PAXGUSDT,strategy-lab-v1.0.0:SIE_OLD_MR_REGIME_EXHAUSTION_CONFIRM_V1,1791298800000,2026-10-06T15:00:00+00:00,4165.88,4172.79,4165.06,4168.74,65.66579634464776,4152.089999999999,4124.754756083028,4160.0783,12.140000000000002,0.002912150913705341,52.70567953261165,1.2499999999999813,False,TREND_SUPPORT_NOT_CONFIRMED|PLANNED_REWARD_TOO_LOW|RSI_NOT_BELOW_32|CLOSE_NOT_NEAR_OR_BELOW_LOWER_BB
2026-10-06T20:55:48.247489+00:00,SIE_OLD_MR_REGIME_EXHAUSTION_CONFIRM_V1,PAXG,PAXGUSDT,strategy-lab-v1.0.0:SIE_OLD_MR_REGIME_EXHAUSTION_CONFIRM_V1,1791302400000,2026-10-06T16:00:00+00:00,4169.02,4169.02,4158.91,4161.87,61.46639511201607,4152.772,4125.176623140817,4160.13595,11.159285714285748,0.002681315301603786,65.66579634464776,1.25,False,TREND_SUPPORT_NOT_CONFIRMED|RSI_NOT_BELOW_32|CLOSE_NOT_NEAR_OR_BELOW_LOWER_BB|RSI_RECOVERY_NOT_CONFIRMED
2026-10-06T20:55:48.247489+00:00,SIE_OLD_MR_REGIME_EXHAUSTION_CONFIRM_V1,PAXG,PAXGUSDT,strategy-lab-v1.0.0:SIE_OLD_MR_REGIME_EXHAUSTION_CONFIRM_V1,1791306000000,2026-10-06T17:00:00+00:00,4162.13,4170.24,4162.13,4169.93,66.09989373007431,4153.7,4125.124724673238,4160.17005,11.197857142857174,0.0026853825226939476,61.46639511201607,1.2499999999999594,False,TREND_SUPPORT_NOT_CONFIRMED|PLANNED_REWARD_TOO_LOW|RSI_NOT_BELOW_32|CLOSE_NOT_NEAR_OR_BELOW_LOWER_BB
2026-10-06T20:55:48.247489+00:00,SIE_OLD_MR_REGIME_EXHAUSTION_CONFIRM_V1,PAXG,PAXGUSDT,strategy-lab-v1.0.0:SIE_OLD_MR_REGIME_EXHAUSTION_CONFIRM_V1,1791309600000,2026-10-06T18:00:00+00:00,4170.12,4179.67,4170.12,4179.2,71.98184008153437,4155.3009999999995,4124.840509590287,4160.24325,11.340714285714316,0.0027136088930212283,66.09989373007431,1.25,False,TREND_SUPPORT_NOT_CONFIRMED|RSI_NOT_BELOW_32|CLOSE_NOT_NEAR_OR_BELOW_LOWER_BB
2026-10-06T20:55:48.247489+00:00,SIE_OLD_MR_REGIME_EXHAUSTION_CONFIRM_V1,PAXG,PAXGUSDT,strategy-lab-v1.0.0:SIE_OLD_MR_REGIME_EXHAUSTION_CONFIRM_V1,1791313200000,2026-10-06T19:00:00+00:00,4182.58,4185.0,4168.35,4174.57,70.02884442040732,4156.963000000001,4126.108282305618,4160.33805,12.177142857142892,0.002916981355479221,71.98184008153437,1.2499999999999627,False,TREND_SUPPORT_NOT_CONFIRMED|PLANNED_REWARD_TOO_LOW|RSI_NOT_BELOW_32|CLOSE_NOT_NEAR_OR_BELOW_LOWER_BB|RSI_RECOVERY_NOT_CONFIRMED
2026-10-06T20:55:48.247489+00:00,SIE_OLD_MR_REGIME_EXHAUSTION_CONFIRM_V1,PAXG,PAXGUSDT,strategy-lab-v1.0.0:SIE_OLD_MR_REGIME_EXHAUSTION_CONFIRM_V1,1791316800000,2026-10-06T20:00:00+00:00,4173.86,4174.06,4168.42,4169.68,63.2845591066618,4157.558999999999,4126.209197512582,4160.4046,11.762857142857163,0.0028210455341554177,70.02884442040732,1.2500000000000193,False,TREND_SUPPORT_NOT_CONFIRMED|RSI_NOT_BELOW_32|CLOSE_NOT_NEAR_OR_BELOW_LOWER_BB|RSI_RECOVERY_NOT_CONFIRMED
2026-10-07T01:27:45.933655+00:00,SIE_OLD_MR_REGIME_EXHAUSTION_CONFIRM_V1,BTC,BTCUSDT,strategy-lab-v1.0.0:SIE_OLD_MR_REGIME_EXHAUSTION_CONFIRM_V1,1791320400000,2026-10-06T21:00:00+00:00,85607.57,85619.09,85480.0,85614.66,51.37340640618323,85785.6665,85103.45721316035,84740.85635,408.0792857142868,0.004766465062341973,55.43858826209764,1.2500000000000178,False,RSI_NOT_BELOW_32|CLOSE_NOT_NEAR_OR_BELOW_LOWER_BB|RSI_RECOVERY_NOT_CONFIRMED
2026-10-07T01:27:45.933655+00:00,SIE_OLD_MR_REGIME_EXHAUSTION_CONFIRM_V1,BTC,BTCUSDT,strategy-lab-v1.0.0:SIE_OLD_MR_REGIME_EXHAUSTION_CONFIRM_V1,1791324000000,2026-10-06T22:00:00+00:00,85614.66,85658.4,85455.7,85527.23,39.90188928837929,85786.05,85104.43113743878,84753.49360000002,385.82571428571515,0.00451114474636575,51.37340640618323,1.25,False,RSI_NOT_BELOW_32|CLOSE_NOT_NEAR_OR_BELOW_LOWER_BB|RSI_RECOVERY_NOT_CONFIRMED
2026-10-07T01:27:45.933655+00:00,SIE_OLD_MR_REGIME_EXHAUSTION_CONFIRM_V1,BTC,BTCUSDT,strategy-lab-v1.0.0:SIE_OLD_MR_REGIME_EXHAUSTION_CONFIRM_V1,1791327600000,2026-10-06T23:00:00+00:00,85527.22,85627.52,85330.41,85539.77,40.785472647880596,85788.25600000001,85110.13422352084,84764.47460000002,365.6428571428582,0.0042745363606058115,39.90188928837929,1.24999999999999,False,PLANNED_REWARD_TOO_LOW|RSI_NOT_BELOW_32|CLOSE_NOT_NEAR_OR_BELOW_LOWER_BB
2026-10-07T01:27:45.933655+00:00,SIE_OLD_MR_REGIME_EXHAUSTION_CONFIRM_V1,BTC,BTCUSDT,strategy-lab-v1.0.0:SIE_OLD_MR_REGIME_EXHAUSTION_CONFIRM_V1,1791331200000,2026-10-07T00:00:00+00:00,85539.77,85601.11,85385.52,85532.99,36.05151398157889,85784.626,85101.87040040725,84773.64845000001,358.2042857142868,0.0041879079138270135,40.785472647880596,1.2500000000000202,False,RSI_NOT_BELOW_32|CLOSE_NOT_NEAR_OR_BELOW_LOWER_BB|RSI_RECOVERY_NOT_CONFIRMED
2026-10-07T01:27:45.933655+00:00,SIE_OLD_MR_REGIME_EXHAUSTION_CONFIRM_V1,BTC,BTCUSDT,strategy-lab-v1.0.0:SIE_OLD_MR_REGIME_EXHAUSTION_CONFIRM_V1,1791334800000,2026-10-07T01:00:00+00:00,85533.0,85533.7,85288.59,85302.41,29.78974845135926,85774.92,85070.87101298328,84780.92575,352.37857142857166,0.004130933363178973,36.05151398157889,1.2500000000000102,False,CLOSE_NOT_NEAR_OR_BELOW_LOWER_BB|RSI_RECOVERY_NOT_CONFIRMED
2026-10-07T01:27:45.933655+00:00,SIE_OLD_MR_REGIME_EXHAUSTION_CONFIRM_V1,SOL,SOLUSDT,strategy-lab-v1.0.0:SIE_OLD_MR_REGIME_EXHAUSTION_CONFIRM_V1,1791320400000,2026-10-06T21:00:00+00:00,121.0,121.2,120.65,121.01,57.242582897033174,120.44099999999999,119.41788905782435,119.69955,0.8785714285714304,0.0072603208707663035,59.901800327332246,1.25,False,RSI_NOT_BELOW_32|CLOSE_NOT_NEAR_OR_BELOW_LOWER_BB|RSI_RECOVERY_NOT_CONFIRMED
2026-10-07T01:27:45.933655+00:00,SIE_OLD_MR_REGIME_EXHAUSTION_CONFIRM_V1,SOL,SOLUSDT,strategy-lab-v1.0.0:SIE_OLD_MR_REGIME_EXHAUSTION_CONFIRM_V1,1791324000000,2026-10-06T22:00:00+00:00,121.0,121.47,120.81,120.82,53.19148936170212,120.4725,119.44346404338842,119.71345000000001,0.8814285714285727,0.007295386288930415,57.242582897033174,1.249999999999996,False,PLANNED_REWARD_TOO_LOW|RSI_NOT_BELOW_32|CLOSE_NOT_NEAR_OR_BELOW_LOWER_BB|RSI_RECOVERY_NOT_CONFIRMED
2026-10-07T01:27:45.933655+00:00,SIE_OLD_MR_REGIME_EXHAUSTION_CONFIRM_V1,SOL,SOLUSDT,strategy-lab-v1.0.0:SIE_OLD_MR_REGIME_EXHAUSTION_CONFIRM_V1,1791327600000,2026-10-06T23:00:00+00:00,120.82,121.06,120.4,120.69,62.11180124223605,120.50699999999999,119.49756253289294,119.7235,0.8035714285714296,0.006658144242036868,53.19148936170212,1.2500000000000044,False,RSI_NOT_BELOW_32|CLOSE_NOT_NEAR_OR_BELOW_LOWER_BB|RSI_RECOVERY_NOT_CONFIRMED
2026-10-07T01:27:45.933655+00:00,SIE_OLD_MR_REGIME_EXHAUSTION_CONFIRM_V1,SOL,SOLUSDT,strategy-lab-v1.0.0:SIE_OLD_MR_REGIME_EXHAUSTION_CONFIRM_V1,1791331200000,2026-10-07T00:00:00+00:00,120.68,120.69,120.3,120.57,54.22535211267604,120.53200000000001,119.54252337066535,119.73004999999999,0.7528571428571433,0.006244149812201571,62.11180124223605,1.2499999999999953,False,PLANNED_REWARD_TOO_LOW|RSI_NOT_BELOW_32|CLOSE_NOT_NEAR_OR_BELOW_LOWER_BB|RSI_RECOVERY_NOT_CONFIRMED
2026-10-07T01:27:45.933655+00:00,SIE_OLD_MR_REGIME_EXHAUSTION_CONFIRM_V1,SOL,SOLUSDT,strategy-lab-v1.0.0:SIE_OLD_MR_REGIME_EXHAUSTION_CONFIRM_V1,1791334800000,2026-10-07T01:00:00+00:00,120.57,120.58,119.97,120.04,47.00854700854714,120.545,119.58912343893185,119.73174999999999,0.76,0.006331222925691436,54.22535211267604,1.2499999999999953,False,PLANNED_REWARD_TOO_LOW|RSI_NOT_BELOW_32|CLOSE_NOT_NEAR_OR_BELOW_LOWER_BB|RSI_RECOVERY_NOT_CONFIRMED
2026-10-07T01:27:45.933655+00:00,SIE_OLD_MR_REGIME_EXHAUSTION_CONFIRM_V1,XRP,XRPUSDT,strategy-lab-v1.0.0:SIE_OLD_MR_REGIME_EXHAUSTION_CONFIRM_V1,1791320400000,2026-10-06T21:00:00+00:00,1.5023,1.5031,1.498,1.5,50.08635578583765,1.50423,1.491345730521287,1.500213,0.009685714285714266,0.0064571428571428445,54.45205479452046,1.25,False,RSI_NOT_BELOW_32|CLOSE_NOT_NEAR_OR_BELOW_LOWER_BB|CLOSE_NOT_ABOVE_MA200|RSI_RECOVERY_NOT_CONFIRMED
2026-10-07T01:27:45.933655+00:00,SIE_OLD_MR_REGIME_EXHAUSTION_CONFIRM_V1,XRP,XRPUSDT,strategy-lab-v1.0.0:SIE_OLD_MR_REGIME_EXHAUSTION_CONFIRM_V1,1791324000000,2026-10-06T22:00:00+00:00,1.4999,1.5028,1.4974,1.4975,44.815465729349704,1.504265,1.4914580838997011,1.500274,0.00960714285714283,0.006415454328642958,50.08635578583765,1.25,False,RSI_NOT_BELOW_32|CLOSE_NOT_NEAR_OR_BELOW_LOWER_BB|CLOSE_NOT_ABOVE_MA200|RSI_RECOVERY_NOT_CONFIRMED
2026-10-07T01:27:45.933655+00:00,SIE_OLD_MR_REGIME_EXHAUSTION_CONFIRM_V1,XRP,XRPUSDT,strategy-lab-v1.0.0:SIE_OLD_MR_REGIME_EXHAUSTION_CONFIRM_V1,1791327600000,2026-10-06T23:00:00+00:00,1.4973,1.5004,1.4957,1.497,44.7368421052633,1.5042149999999999,1.491303257282609,1.5002875,0.008885714285714259,0.0059356808855806666,44.815465729349704,1.2500000000000062,False,RSI_NOT_BELOW_32|CLOSE_NOT_NEAR_OR_BELOW_LOWER_BB|CLOSE_NOT_ABOVE_MA200|RSI_RECOVERY_NOT_CONFIRMED
2026-10-07T01:27:45.933655+00:00,SIE_OLD_MR_REGIME_EXHAUSTION_CONFIRM_V1,XRP,XRPUSDT,strategy-lab-v1.0.0:SIE_OLD_MR_REGIME_EXHAUSTION_CONFIRM_V1,1791331200000,2026-10-07T00:00:00+00:00,1.4968,1.4996,1.4947,1.4971,39.88549618320604,1.504115,1.491016713852565,1.500274,0.008678571428571409,0.005796921667604975,44.7368421052633,1.2499999999999871,False,PLANNED_REWARD_TOO_LOW|RSI_NOT_BELOW_32|CLOSE_NOT_NEAR_OR_BELOW_LOWER_BB|CLOSE_NOT_ABOVE_MA200|RSI_RECOVERY_NOT_CONFIRMED
2026-10-07T01:27:45.933655+00:00,SIE_OLD_MR_REGIME_EXHAUSTION_CONFIRM_V1,XRP,XRPUSDT,strategy-lab-v1.0.0:SIE_OLD_MR_REGIME_EXHAUSTION_CONFIRM_V1,1791334800000,2026-10-07T01:00:00+00:00,1.497,1.497,1.492,1.4923,29.922779922779853,1.50375,1.4897902722089542,1.5002039999999999,0.00835,0.005595389666957046,39.88549618320604,1.25,False,CLOSE_NOT_NEAR_OR_BELOW_LOWER_BB|CLOSE_NOT_ABOVE_MA200|RSI_RECOVERY_NOT_CONFIRMED
2026-10-07T01:27:45.933655+00:00,SIE_OLD_MR_REGIME_EXHAUSTION_CONFIRM_V1,DOGE,DOGEUSDT,strategy-lab-v1.0.0:SIE_OLD_MR_REGIME_EXHAUSTION_CONFIRM_V1,1791320400000,2026-10-06T21:00:00+00:00,0.09358,0.09383,0.09324,0.09345,37.60162601626012,0.09484200000000001,0.09337645436782041,0.0944073,0.0007107142857142848,0.007605289306733919,42.43614931237726,1.25,False,RSI_NOT_BELOW_32|CLOSE_NOT_NEAR_OR_BELOW_LOWER_BB|CLOSE_NOT_ABOVE_MA200|RSI_RECOVERY_NOT_CONFIRMED
2026-10-07T01:27:45.933655+00:00,SIE_OLD_MR_REGIME_EXHAUSTION_CONFIRM_V1,DOGE,DOGEUSDT,strategy-lab-v1.0.0:SIE_OLD_MR_REGIME_EXHAUSTION_CONFIRM_V1,1791324000000,2026-10-06T22:00:00+00:00,0.09349,0.09362,0.09327,0.09329,33.1262939958591,0.0947765,0.09316383419457076,0.09441235,0.0007114285714285702,0.00762598961762858,37.60162601626012,1.2500000000000049,False,RSI_NOT_BELOW_32|CLOSE_NOT_NEAR_OR_BELOW_LOWER_BB|CLOSE_NOT_ABOVE_MA200|RSI_RECOVERY_NOT_CONFIRMED
2026-10-07T01:27:45.933655+00:00,SIE_OLD_MR_REGIME_EXHAUSTION_CONFIRM_V1,DOGE,DOGEUSDT,strategy-lab-v1.0.0:SIE_OLD_MR_REGIME_EXHAUSTION_CONFIRM_V1,1791327600000,2026-10-06T23:00:00+00:00,0.0933,0.09388,0.0933,0.09368,37.76493256262032,0.09473200000000001,0.09305131442559869,0.09441419999999999,0.0006899999999999991,0.0073654995730145075,33.1262939958591,1.25000000000001,False,RSI_NOT_BELOW_32|CLOSE_NOT_NEAR_OR_BELOW_LOWER_BB|CLOSE_NOT_ABOVE_MA200
2026-10-07T01:27:45.933655+00:00,SIE_OLD_MR_REGIME_EXHAUSTION_CONFIRM_V1,DOGE,DOGEUSDT,strategy-lab-v1.0.0:SIE_OLD_MR_REGIME_EXHAUSTION_CONFIRM_V1,1791331200000,2026-10-07T00:00:00+00:00,0.09367,0.0939,0.09354,0.09381,33.402061855670084,0.094684,0.09295622223651284,0.0944114,0.0006742857142857135,0.007187780772686425,37.76493256262032,1.2499999999999898,False,PLANNED_REWARD_TOO_LOW|RSI_NOT_BELOW_32|CLOSE_NOT_NEAR_OR_BELOW_LOWER_BB|CLOSE_NOT_ABOVE_MA200|RSI_RECOVERY_NOT_CONFIRMED
2026-10-07T01:27:45.933655+00:00,SIE_OLD_MR_REGIME_EXHAUSTION_CONFIRM_V1,DOGE,DOGEUSDT,strategy-lab-v1.0.0:SIE_OLD_MR_REGIME_EXHAUSTION_CONFIRM_V1,1791334800000,2026-10-07T01:00:00+00:00,0.09379,0.09384,0.09349,0.09351,26.458333333333414,0.0946265,0.09282440926976451,0.09440609999999999,0.0006614285714285707,0.00707334586064133,33.402061855670084,1.2500000000000053,False,CLOSE_NOT_NEAR_OR_BELOW_LOWER_BB|CLOSE_NOT_ABOVE_MA200|RSI_RECOVERY_NOT_CONFIRMED
2026-10-07T01:27:45.933655+00:00,SIE_OLD_MR_REGIME_EXHAUSTION_CONFIRM_V1,BNB,BNBUSDT,strategy-lab-v1.0.0:SIE_OLD_MR_REGIME_EXHAUSTION_CONFIRM_V1,1791320400000,2026-10-06T21:00:00+00:00,779.53,780.07,778.75,779.8,50.91264667535845,781.8835,777.8272096997391,774.9368499999999,2.7428571428571575,0.003517385410178453,52.611705475141726,1.2500000000000104,False,RSI_NOT_BELOW_32|CLOSE_NOT_NEAR_OR_BELOW_LOWER_BB|RSI_RECOVERY_NOT_CONFIRMED
2026-10-07T01:27:45.933655+00:00,SIE_OLD_MR_REGIME_EXHAUSTION_CONFIRM_V1,BNB,BNBUSDT,strategy-lab-v1.0.0:SIE_OLD_MR_REGIME_EXHAUSTION_CONFIRM_V1,1791324000000,2026-10-06T22:00:00+00:00,780.07,780.62,779.12,779.33,36.153232242617904,781.788,777.5882066717528,775.04,2.615714285714302,0.003356362883135901,50.91264667535845,1.2499999999999891,False,PLANNED_REWARD_TOO_LOW|RSI_NOT_BELOW_32|CLOSE_NOT_NEAR_OR_BELOW_LOWER_BB|RSI_RECOVERY_NOT_CONFIRMED
2026-10-07T01:27:45.933655+00:00,SIE_OLD_MR_REGIME_EXHAUSTION_CONFIRM_V1,BNB,BNBUSDT,strategy-lab-v1.0.0:SIE_OLD_MR_REGIME_EXHAUSTION_CONFIRM_V1,1791327600000,2026-10-06T23:00:00+00:00,779.67,779.78,778.64,779.07,35.641227380015735,781.7085,777.368452650029,775.1211,2.355714285714303,0.0030237517626327585,36.153232242617904,1.250000000000012,False,RSI_NOT_BELOW_32|CLOSE_NOT_NEAR_OR_BELOW_LOWER_BB|RSI_RECOVERY_NOT_CONFIRMED
2026-10-07T01:27:45.933655+00:00,SIE_OLD_MR_REGIME_EXHAUSTION_CONFIRM_V1,BNB,BNBUSDT,strategy-lab-v1.0.0:SIE_OLD_MR_REGIME_EXHAUSTION_CONFIRM_V1,1791331200000,2026-10-07T00:00:00+00:00,778.96,779.58,776.97,778.64,29.42622950819687,781.577,777.037008370053,775.18045,2.3742857142857394,0.0030492727246041037,35.641227380015735,1.249999999999988,False,PLANNED_REWARD_TOO_LOW|CLOSE_NOT_NEAR_OR_BELOW_LOWER_BB|RSI_RECOVERY_NOT_CONFIRMED
2026-10-07T01:27:45.933655+00:00,SIE_OLD_MR_REGIME_EXHAUSTION_CONFIRM_V1,BNB,BNBUSDT,strategy-lab-v1.0.0:SIE_OLD_MR_REGIME_EXHAUSTION_CONFIRM_V1,1791334800000,2026-10-07T01:00:00+00:00,778.71,778.95,777.22,777.66,27.530674846625857,781.4295,776.5915191195098,775.2225999999999,2.3064285714286012,0.002965857278796134,29.42622950819687,1.25,False,CLOSE_NOT_NEAR_OR_BELOW_LOWER_BB|RSI_RECOVERY_NOT_CONFIRMED
2026-10-07T01:27:45.933655+00:00,SIE_OLD_MR_REGIME_EXHAUSTION_CONFIRM_V1,PAXG,PAXGUSDT,strategy-lab-v1.0.0:SIE_OLD_MR_REGIME_EXHAUSTION_CONFIRM_V1,1791320400000,2026-10-06T21:00:00+00:00,4170.93,4174.18,4170.33,4172.85,62.87113865840263,4159.2545,4128.253907441148,4160.4394,11.158571428571511,0.0026740887950852557,63.89968895800961,1.2500000000000204,False,TREND_SUPPORT_NOT_CONFIRMED|RSI_NOT_BELOW_32|CLOSE_NOT_NEAR_OR_BELOW_LOWER_BB|RSI_RECOVERY_NOT_CONFIRMED
2026-10-07T01:27:45.933655+00:00,SIE_OLD_MR_REGIME_EXHAUSTION_CONFIRM_V1,PAXG,PAXGUSDT,strategy-lab-v1.0.0:SIE_OLD_MR_REGIME_EXHAUSTION_CONFIRM_V1,1791324000000,2026-10-06T22:00:00+00:00,4171.5,4173.6,4167.6,4168.51,54.27185536324556,4160.7125,4130.872447805007,4160.6413,10.518571428571509,0.002523340816879774,62.87113865840263,1.2500000000000215,False,RSI_NOT_BELOW_32|CLOSE_NOT_NEAR_OR_BELOW_LOWER_BB|RSI_RECOVERY_NOT_CONFIRMED
2026-10-07T01:27:45.933655+00:00,SIE_OLD_MR_REGIME_EXHAUSTION_CONFIRM_V1,PAXG,PAXGUSDT,strategy-lab-v1.0.0:SIE_OLD_MR_REGIME_EXHAUSTION_CONFIRM_V1,1791327600000,2026-10-06T23:00:00+00:00,4168.5,4173.07,4168.5,4169.44,55.988391561558075,4162.3545,4134.4511779934755,4160.8171999999995,10.474285714285802,0.0025121564800754544,54.27185536324556,1.2499999999999782,False,PLANNED_REWARD_TOO_LOW|RSI_NOT_BELOW_32|CLOSE_NOT_NEAR_OR_BELOW_LOWER_BB
2026-10-07T01:27:45.933655+00:00,SIE_OLD_MR_REGIME_EXHAUSTION_CONFIRM_V1,PAXG,PAXGUSDT,strategy-lab-v1.0.0:SIE_OLD_MR_REGIME_EXHAUSTION_CONFIRM_V1,1791331200000,2026-10-07T00:00:00+00:00,4168.95,4171.87,4159.5,4159.5,47.56240042485383,4163.742,4139.551148340753,4160.923449999999,10.606428571428621,0.002549928734566323,55.988391561558075,1.2499999999999785,False,PLANNED_REWARD_TOO_LOW|RSI_NOT_BELOW_32|CLOSE_NOT_NEAR_OR_BELOW_LOWER_BB|CLOSE_NOT_ABOVE_MA200|RSI_RECOVERY_NOT_CONFIRMED
2026-10-07T01:27:45.933655+00:00,SIE_OLD_MR_REGIME_EXHAUSTION_CONFIRM_V1,PAXG,PAXGUSDT,strategy-lab-v1.0.0:SIE_OLD_MR_REGIME_EXHAUSTION_CONFIRM_V1,1791334800000,2026-10-07T01:00:00+00:00,4159.01,4159.01,4155.41,4156.21,36.485345555421304,4165.046,4145.972758639402,4160.98235,9.677857142857192,0.0023285293916470036,47.56240042485383,1.2500000000000235,False,RSI_NOT_BELOW_32|CLOSE_NOT_NEAR_OR_BELOW_LOWER_BB|CLOSE_NOT_ABOVE_MA200|RSI_RECOVERY_NOT_CONFIRMED
2026-10-07T08:34:05.828167+00:00,SIE_OLD_MR_REGIME_EXHAUSTION_CONFIRM_V1,BTC,BTCUSDT,strategy-lab-v1.0.0:SIE_OLD_MR_REGIME_EXHAUSTION_CONFIRM_V1,1791338400000,2026-10-07T02:00:00+00:00,84360.56,84514.8,83551.0,83847.56,18.486570997222557,85656.0425,84435.66955372729,84775.36545,466.91928571428537,0.005568668733047037,21.15961725312725,1.2499999999999922,False,PLANNED_REWARD_TOO_LOW|CLOSE_NOT_ABOVE_MA200|RSI_RECOVERY_NOT_CONFIRMED
2026-10-07T08:34:05.828167+00:00,SIE_OLD_MR_REGIME_EXHAUSTION_CONFIRM_V1,BTC,BTCUSDT,strategy-lab-v1.0.0:SIE_OLD_MR_REGIME_EXHAUSTION_CONFIRM_V1,1791342000000,2026-10-07T03:00:00+00:00,83838.06,84219.1,83838.06,84122.53,21.953095260141907,85585.19249999999,84193.48551827058,84779.20245,456.65142857142826,0.005428408163323527,18.486570997222557,1.250000000000008,False,CLOSE_NOT_ABOVE_MA200
2026-10-07T08:34:05.828167+00:00,SIE_OLD_MR_REGIME_EXHAUSTION_CONFIRM_V1,BTC,BTCUSDT,strategy-lab-v1.0.0:SIE_OLD_MR_REGIME_EXHAUSTION_CONFIRM_V1,1791345600000,2026-10-07T04:00:00+00:00,84122.52,84193.94,84002.68,84075.81,15.277628832812354,85488.8045,83965.543230034,84782.0741,419.62571428571493,0.004991039804263735,21.953095260141907,1.2499999999999913,False,PLANNED_REWARD_TOO_LOW|CLOSE_NOT_NEAR_OR_BELOW_LOWER_BB|CLOSE_NOT_ABOVE_MA200|RSI_RECOVERY_NOT_CONFIRMED
2026-10-07T08:34:05.828167+00:00,SIE_OLD_MR_REGIME_EXHAUSTION_CONFIRM_V1,BTC,BTCUSDT,strategy-lab-v1.0.0:SIE_OLD_MR_REGIME_EXHAUSTION_CONFIRM_V1,1791349200000,2026-10-07T05:00:00+00:00,84075.81,84339.15,84061.03,84303.78,26.399628046130474,85405.45950000001,83815.81955520167,84787.68784999999,368.4107142857143,0.004370037906790351,15.277628832812354,1.2500000000000198,False,CLOSE_NOT_NEAR_OR_BELOW_LOWER_BB|CLOSE_NOT_ABOVE_MA200
2026-10-07T08:34:05.828167+00:00,SIE_OLD_MR_REGIME_EXHAUSTION_CONFIRM_V1,BTC,BTCUSDT,strategy-lab-v1.0.0:SIE_OLD_MR_REGIME_EXHAUSTION_CONFIRM_V1,1791352800000,2026-10-07T06:00:00+00:00,84303.78,84365.25,84114.68,84200.01,26.62288242129378,85308.4625,83673.82250215506,84791.12144999999,364.28500000000037,0.004326424664320116,26.399628046130474,1.25000000000002,False,CLOSE_NOT_NEAR_OR_BELOW_LOWER_BB|CLOSE_NOT_ABOVE_MA200|RSI_RECOVERY_NOT_CONFIRMED
2026-10-07T08:34:05.828167+00:00,SIE_OLD_MR_REGIME_EXHAUSTION_CONFIRM_V1,BTC,BTCUSDT,strategy-lab-v1.0.0:SIE_OLD_MR_REGIME_EXHAUSTION_CONFIRM_V1,1791356400000,2026-10-07T07:00:00+00:00,84200.0,84286.24,84058.22,84100.08,22.07995530834161,85201.65849999999,83544.45221596335,84794.33815000001,360.64571428571486,0.004288292166734144,26.62288242129378,1.25000000000001,False,CLOSE_NOT_NEAR_OR_BELOW_LOWER_BB|CLOSE_NOT_ABOVE_MA200|RSI_RECOVERY_NOT_CONFIRMED
2026-10-07T08:34:05.828167+00:00,SIE_OLD_MR_REGIME_EXHAUSTION_CONFIRM_V1,BTC,BTCUSDT,strategy-lab-v1.0.0:SIE_OLD_MR_REGIME_EXHAUSTION_CONFIRM_V1,1791360000000,2026-10-07T08:00:00+00:00,84100.07,84115.85,83934.5,84007.89,23.157129527157736,85092.365,83423.01903216123,84798.6452,349.99785714285827,0.0041662498265681745,22.07995530834161,1.2499999999999791,False,PLANNED_REWARD_TOO_LOW|CLOSE_NOT_NEAR_OR_BELOW_LOWER_BB|CLOSE_NOT_ABOVE_MA200|RSI_RECOVERY_NOT_CONFIRMED
2026-10-07T08:34:05.828167+00:00,SIE_OLD_MR_REGIME_EXHAUSTION_CONFIRM_V1,SOL,SOLUSDT,strategy-lab-v1.0.0:SIE_OLD_MR_REGIME_EXHAUSTION_CONFIRM_V1,1791338400000,2026-10-07T02:00:00+00:00,118.97,119.1,117.0,118.28,33.22834645669293,120.41650000000001,118.93266341870155,119.71804999999999,0.9407142857142858,0.007953282767283444,38.26086956521743,1.2500000000000038,False,RSI_NOT_BELOW_32|CLOSE_NOT_ABOVE_MA200|RSI_RECOVERY_NOT_CONFIRMED
2026-10-07T08:34:05.828167+00:00,SIE_OLD_MR_REGIME_EXHAUSTION_CONFIRM_V1,SOL,SOLUSDT,strategy-lab-v1.0.0:SIE_OLD_MR_REGIME_EXHAUSTION_CONFIRM_V1,1791342000000,2026-10-07T03:00:00+00:00,118.28,118.53,118.0,118.24,27.45762711864394,120.31949999999999,118.55871068835606,119.71764999999999,0.9064285714285713,0.00766600618596559,33.22834645669293,1.250000000000004,False,CLOSE_NOT_ABOVE_MA200|RSI_RECOVERY_NOT_CONFIRMED
2026-10-07T08:34:05.828167+00:00,SIE_OLD_MR_REGIME_EXHAUSTION_CONFIRM_V1,SOL,SOLUSDT,strategy-lab-v1.0.0:SIE_OLD_MR_REGIME_EXHAUSTION_CONFIRM_V1,1791345600000,2026-10-07T04:00:00+00:00,118.22,118.36,117.9,118.05,15.019011406843973,120.199,118.18195364455858,119.71395000000001,0.8521428571428566,0.00721849095419616,27.45762711864394,1.2499999999999958,False,PLANNED_REWARD_TOO_LOW|CLOSE_NOT_ABOVE_MA200|RSI_RECOVERY_NOT_CONFIRMED
2026-10-07T08:34:05.828167+00:00,SIE_OLD_MR_REGIME_EXHAUSTION_CONFIRM_V1,SOL,SOLUSDT,strategy-lab-v1.0.0:SIE_OLD_MR_REGIME_EXHAUSTION_CONFIRM_V1,1791349200000,2026-10-07T05:00:00+00:00,118.05,118.88,118.05,118.82,32.567849686847495,120.16399999999999,118.07792809328163,119.71969999999999,0.8028571428571425,0.006756919229566929,15.019011406843973,1.25,False,RSI_NOT_BELOW_32|CLOSE_NOT_NEAR_OR_BELOW_LOWER_BB|CLOSE_NOT_ABOVE_MA200
2026-10-07T08:34:05.828167+00:00,SIE_OLD_MR_REGIME_EXHAUSTION_CONFIRM_V1,SOL,SOLUSDT,strategy-lab-v1.0.0:SIE_OLD_MR_REGIME_EXHAUSTION_CONFIRM_V1,1791352800000,2026-10-07T06:00:00+00:00,118.83,119.06,118.43,118.78,33.693304535637026,120.0925,117.92134477754364,119.7209,0.779285714285713,0.006560748562769094,32.567849686847495,1.25,False,RSI_NOT_BELOW_32|CLOSE_NOT_NEAR_OR_BELOW_LOWER_BB|CLOSE_NOT_ABOVE_MA200|RSI_RECOVERY_NOT_CONFIRMED
2026-10-07T08:34:05.828167+00:00,SIE_OLD_MR_REGIME_EXHAUSTION_CONFIRM_V1,SOL,SOLUSDT,strategy-lab-v1.0.0:SIE_OLD_MR_REGIME_EXHAUSTION_CONFIRM_V1,1791356400000,2026-10-07T07:00:00+00:00,118.78,118.99,118.5,118.58,23.239436619718248,120.00550000000001,117.74036887796765,119.71975,0.759999999999998,0.006409175240344055,33.693304535637026,1.25,False,CLOSE_NOT_NEAR_OR_BELOW_LOWER_BB|CLOSE_NOT_ABOVE_MA200|RSI_RECOVERY_NOT_CONFIRMED
2026-10-07T08:34:05.828167+00:00,SIE_OLD_MR_REGIME_EXHAUSTION_CONFIRM_V1,SOL,SOLUSDT,strategy-lab-v1.0.0:SIE_OLD_MR_REGIME_EXHAUSTION_CONFIRM_V1,1791360000000,2026-10-07T08:00:00+00:00,118.59,118.68,118.38,118.46,22.706422018348505,119.90799999999999,117.55475033198778,119.72184999999999,0.7378571428571418,0.00622874508574322,23.239436619718248,1.25,False,CLOSE_NOT_NEAR_OR_BELOW_LOWER_BB|CLOSE_NOT_ABOVE_MA200|RSI_RECOVERY_NOT_CONFIRMED
2026-10-07T08:34:05.828167+00:00,SIE_OLD_MR_REGIME_EXHAUSTION_CONFIRM_V1,XRP,XRPUSDT,strategy-lab-v1.0.0:SIE_OLD_MR_REGIME_EXHAUSTION_CONFIRM_V1,1791338400000,2026-10-07T02:00:00+00:00,1.4761,1.4761,1.429,1.4616,19.13580246913567,1.50117,1.475865684162576,1.4998725000000002,0.012414285714285711,0.008493627335991866,22.82768777614129,1.25,False,CLOSE_NOT_ABOVE_MA200|RSI_RECOVERY_NOT_CONFIRMED
2026-10-07T08:34:05.828167+00:00,SIE_OLD_MR_REGIME_EXHAUSTION_CONFIRM_V1,XRP,XRPUSDT,strategy-lab-v1.0.0:SIE_OLD_MR_REGIME_EXHAUSTION_CONFIRM_V1,1791342000000,2026-10-07T03:00:00+00:00,1.4616,1.4674,1.4607,1.4652,19.82864137086905,1.4994349999999999,1.4696572717454786,1.4997805,0.012099999999999984,0.008258258258258247,19.13580246913567,1.2500000000000047,False,TREND_SUPPORT_NOT_CONFIRMED|CLOSE_NOT_ABOVE_MA200
2026-10-07T08:34:05.828167+00:00,SIE_OLD_MR_REGIME_EXHAUSTION_CONFIRM_V1,XRP,XRPUSDT,strategy-lab-v1.0.0:SIE_OLD_MR_REGIME_EXHAUSTION_CONFIRM_V1,1791345600000,2026-10-07T04:00:00+00:00,1.4652,1.4654,1.4594,1.4625,10.966057441253213,1.49739,1.4636308590156664,1.4996210000000003,0.011585714285714279,0.007921855921855918,19.82864137086905,1.25,False,TREND_SUPPORT_NOT_CONFIRMED|CLOSE_NOT_ABOVE_MA200|RSI_RECOVERY_NOT_CONFIRMED
2026-10-07T08:34:05.828167+00:00,SIE_OLD_MR_REGIME_EXHAUSTION_CONFIRM_V1,XRP,XRPUSDT,strategy-lab-v1.0.0:SIE_OLD_MR_REGIME_EXHAUSTION_CONFIRM_V1,1791349200000,2026-10-07T05:00:00+00:00,1.4625,1.473,1.4625,1.4725,27.54491017964068,1.495865,1.460538167421914,1.4995580000000002,0.010771428571428574,0.0073150618481688115,10.966057441253213,1.2499999999999898,False,TREND_SUPPORT_NOT_CONFIRMED|PLANNED_REWARD_TOO_LOW|CLOSE_NOT_NEAR_OR_BELOW_LOWER_BB|CLOSE_NOT_ABOVE_MA200
2026-10-07T08:34:05.828167+00:00,SIE_OLD_MR_REGIME_EXHAUSTION_CONFIRM_V1,XRP,XRPUSDT,strategy-lab-v1.0.0:SIE_OLD_MR_REGIME_EXHAUSTION_CONFIRM_V1,1791352800000,2026-10-07T06:00:00+00:00,1.4724,1.4776,1.47,1.4748,30.486008836524405,1.4942199999999999,1.4581936984967907,1.49947,0.010657142857142856,0.007226161416560114,27.54491017964068,1.250000000000005,False,TREND_SUPPORT_NOT_CONFIRMED|CLOSE_NOT_NEAR_OR_BELOW_LOWER_BB|CLOSE_NOT_ABOVE_MA200
2026-10-07T08:34:05.828167+00:00,SIE_OLD_MR_REGIME_EXHAUSTION_CONFIRM_V1,XRP,XRPUSDT,strategy-lab-v1.0.0:SIE_OLD_MR_REGIME_EXHAUSTION_CONFIRM_V1,1791356400000,2026-10-07T07:00:00+00:00,1.4748,1.4765,1.471,1.4716,24.09638554216886,1.492145,1.4559274089702237,1.4993474999999998,0.010464285714285704,0.007110822040150655,30.486008836524405,1.25,False,TREND_SUPPORT_NOT_CONFIRMED|CLOSE_NOT_NEAR_OR_BELOW_LOWER_BB|CLOSE_NOT_ABOVE_MA200|RSI_RECOVERY_NOT_CONFIRMED
2026-10-07T08:34:05.828167+00:00,SIE_OLD_MR_REGIME_EXHAUSTION_CONFIRM_V1,XRP,XRPUSDT,strategy-lab-v1.0.0:SIE_OLD_MR_REGIME_EXHAUSTION_CONFIRM_V1,1791360000000,2026-10-07T08:00:00+00:00,1.4716,1.4719,1.4651,1.4663,22.988505747126595,1.4898799999999999,1.4531500884836328,1.499241,0.010392857142857124,0.00708781091376739,24.09638554216886,1.2499999999999893,False,TREND_SUPPORT_NOT_CONFIRMED|PLANNED_REWARD_TOO_LOW|CLOSE_NOT_NEAR_OR_BELOW_LOWER_BB|CLOSE_NOT_ABOVE_MA200|RSI_RECOVERY_NOT_CONFIRMED
2026-10-07T08:34:05.828167+00:00,SIE_OLD_MR_REGIME_EXHAUSTION_CONFIRM_V1,DOGE,DOGEUSDT,strategy-lab-v1.0.0:SIE_OLD_MR_REGIME_EXHAUSTION_CONFIRM_V1,1791338400000,2026-10-07T02:00:00+00:00,0.0918,0.0919,0.08816,0.09009,15.89486858573224,0.09432600000000001,0.09143278448780583,0.09437345000000001,0.0010249999999999992,0.01137751137751137,19.418960244648417,1.25,False,TREND_SUPPORT_NOT_CONFIRMED|CLOSE_NOT_ABOVE_MA200|RSI_RECOVERY_NOT_CONFIRMED
2026-10-07T08:34:05.828167+00:00,SIE_OLD_MR_REGIME_EXHAUSTION_CONFIRM_V1,DOGE,DOGEUSDT,strategy-lab-v1.0.0:SIE_OLD_MR_REGIME_EXHAUSTION_CONFIRM_V1,1791342000000,2026-10-07T03:00:00+00:00,0.0901,0.09044,0.0899,0.09016,11.695137976346913,0.0941005,0.09069245965399454,0.0943578,0.0009907142857142862,0.010988401571808852,15.89486858573224,1.25,False,TREND_SUPPORT_NOT_CONFIRMED|CLOSE_NOT_ABOVE_MA200|RSI_RECOVERY_NOT_CONFIRMED
2026-10-07T08:34:05.828167+00:00,SIE_OLD_MR_REGIME_EXHAUSTION_CONFIRM_V1,DOGE,DOGEUSDT,strategy-lab-v1.0.0:SIE_OLD_MR_REGIME_EXHAUSTION_CONFIRM_V1,1791345600000,2026-10-07T04:00:00+00:00,0.09016,0.09018,0.08953,0.08978,7.67230169050724,0.0938435,0.08997703249076097,0.09433715,0.0009799999999999998,0.010915571396747602,11.695137976346913,1.2499999999999964,False,TREND_SUPPORT_NOT_CONFIRMED|PLANNED_REWARD_TOO_LOW|CLOSE_NOT_ABOVE_MA200|RSI_RECOVERY_NOT_CONFIRMED
2026-10-07T08:34:05.828167+00:00,SIE_OLD_MR_REGIME_EXHAUSTION_CONFIRM_V1,DOGE,DOGEUSDT,strategy-lab-v1.0.0:SIE_OLD_MR_REGIME_EXHAUSTION_CONFIRM_V1,1791349200000,2026-10-07T05:00:00+00:00,0.08978,0.0906,0.08978,0.09053,17.93842034805897,0.09362250000000001,0.08953530108142496,0.0943239,0.0009642857142857142,0.010651559861766422,7.67230169050724,1.2499999999999964,False,TREND_SUPPORT_NOT_CONFIRMED|PLANNED_REWARD_TOO_LOW|CLOSE_NOT_NEAR_OR_BELOW_LOWER_BB|CLOSE_NOT_ABOVE_MA200
2026-10-07T08:34:05.828167+00:00,SIE_OLD_MR_REGIME_EXHAUSTION_CONFIRM_V1,DOGE,DOGEUSDT,strategy-lab-v1.0.0:SIE_OLD_MR_REGIME_EXHAUSTION_CONFIRM_V1,1791352800000,2026-10-07T06:00:00+00:00,0.0905,0.09103,0.09047,0.09082,21.589403973509988,0.0933925,0.08921898888823798,0.09431065,0.0009521428571428578,0.010483845597256748,17.93842034805897,1.2499999999999964,False,TREND_SUPPORT_NOT_CONFIRMED|PLANNED_REWARD_TOO_LOW|CLOSE_NOT_NEAR_OR_BELOW_LOWER_BB|CLOSE_NOT_ABOVE_MA200
2026-10-07T08:34:05.828167+00:00,SIE_OLD_MR_REGIME_EXHAUSTION_CONFIRM_V1,DOGE,DOGEUSDT,strategy-lab-v1.0.0:SIE_OLD_MR_REGIME_EXHAUSTION_CONFIRM_V1,1791356400000,2026-10-07T07:00:00+00:00,0.09082,0.09104,0.0907,0.09086,23.03448275862074,0.09314700000000001,0.08898414953427329,0.09429565000000001,0.0009221428571428575,0.0101490519166064,21.589403973509988,1.2500000000000038,False,TREND_SUPPORT_NOT_CONFIRMED|CLOSE_NOT_NEAR_OR_BELOW_LOWER_BB|CLOSE_NOT_ABOVE_MA200
2026-10-07T08:34:05.828167+00:00,SIE_OLD_MR_REGIME_EXHAUSTION_CONFIRM_V1,DOGE,DOGEUSDT,strategy-lab-v1.0.0:SIE_OLD_MR_REGIME_EXHAUSTION_CONFIRM_V1,1791360000000,2026-10-07T08:00:00+00:00,0.09085,0.09093,0.09072,0.09089,25.03681885125188,0.0929145,0.08879301737841816,0.09428225000000001,0.0008821428571428572,0.009705609606588813,23.03448275862074,1.2500000000000078,False,TREND_SUPPORT_NOT_CONFIRMED|CLOSE_NOT_NEAR_OR_BELOW_LOWER_BB|CLOSE_NOT_ABOVE_MA200
2026-10-07T08:34:05.828167+00:00,SIE_OLD_MR_REGIME_EXHAUSTION_CONFIRM_V1,BNB,BNBUSDT,strategy-lab-v1.0.0:SIE_OLD_MR_REGIME_EXHAUSTION_CONFIRM_V1,1791338400000,2026-10-07T02:00:00+00:00,770.02,770.07,758.25,765.34,6.606606606606462,780.4045,770.9026086619568,775.1630500000001,3.477857142857179,0.004544198843464577,17.83407848981635,1.2499999999999836,False,PLANNED_REWARD_TOO_LOW|CLOSE_NOT_ABOVE_MA200|RSI_RECOVERY_NOT_CONFIRMED
2026-10-07T08:34:05.828167+00:00,SIE_OLD_MR_REGIME_EXHAUSTION_CONFIRM_V1,BNB,BNBUSDT,strategy-lab-v1.0.0:SIE_OLD_MR_REGIME_EXHAUSTION_CONFIRM_V1,1791342000000,2026-10-07T03:00:00+00:00,765.67,767.86,765.21,766.89,12.901878914404776,779.773,768.589858938564,775.1855,3.5078571428571763,0.004574133373570103,6.606606606606462,1.249999999999992,False,PLANNED_REWARD_TOO_LOW|CLOSE_NOT_ABOVE_MA200
2026-10-07T08:34:05.828167+00:00,SIE_OLD_MR_REGIME_EXHAUSTION_CONFIRM_V1,BNB,BNBUSDT,strategy-lab-v1.0.0:SIE_OLD_MR_REGIME_EXHAUSTION_CONFIRM_V1,1791345600000,2026-10-07T04:00:00+00:00,766.83,767.64,765.09,766.49,8.124459809852652,778.9575,766.473207669236,775.19125,3.4428571428571706,0.004491718277938617,12.901878914404776,1.2499999999999918,False,PLANNED_REWARD_TOO_LOW|CLOSE_NOT_ABOVE_MA200|RSI_RECOVERY_NOT_CONFIRMED
2026-10-07T08:34:05.828167+00:00,SIE_OLD_MR_REGIME_EXHAUSTION_CONFIRM_V1,BNB,BNBUSDT,strategy-lab-v1.0.0:SIE_OLD_MR_REGIME_EXHAUSTION_CONFIRM_V1,1791349200000,2026-10-07T05:00:00+00:00,766.27,769.87,766.27,769.61,21.57031924072453,778.302,765.31036022667,775.2328,3.419285714285739,0.00444288108819498,8.124459809852652,1.25,False,CLOSE_NOT_NEAR_OR_BELOW_LOWER_BB|CLOSE_NOT_ABOVE_MA200
2026-10-07T08:34:05.828167+00:00,SIE_OLD_MR_REGIME_EXHAUSTION_CONFIRM_V1,BNB,BNBUSDT,strategy-lab-v1.0.0:SIE_OLD_MR_REGIME_EXHAUSTION_CONFIRM_V1,1791352800000,2026-10-07T06:00:00+00:00,769.59,770.76,768.26,768.36,20.508613617719163,777.537,764.1031307137532,775.2643999999999,3.4721428571428743,0.004518901110342644,21.57031924072453,1.25,False,CLOSE_NOT_NEAR_OR_BELOW_LOWER_BB|CLOSE_NOT_ABOVE_MA200|RSI_RECOVERY_NOT_CONFIRMED
2026-10-07T08:34:05.828167+00:00,SIE_OLD_MR_REGIME_EXHAUSTION_CONFIRM_V1,BNB,BNBUSDT,strategy-lab-v1.0.0:SIE_OLD_MR_REGIME_EXHAUSTION_CONFIRM_V1,1791356400000,2026-10-07T07:00:00+00:00,768.25,775.43,767.38,775.04,38.89443889443868,777.113,763.928255633879,775.3213000000001,3.8071428571428703,0.004912188863984917,20.508613617719163,1.2500000000000075,False,RSI_NOT_BELOW_32|CLOSE_NOT_NEAR_OR_BELOW_LOWER_BB|CLOSE_NOT_ABOVE_MA200
2026-10-07T08:34:05.828167+00:00,SIE_OLD_MR_REGIME_EXHAUSTION_CONFIRM_V1,BNB,BNBUSDT,strategy-lab-v1.0.0:SIE_OLD_MR_REGIME_EXHAUSTION_CONFIRM_V1,1791360000000,2026-10-07T08:00:00+00:00,775.15,775.42,772.32,774.28,39.18148272391797,776.5485000000001,763.9047722664573,775.3908,3.8550000000000018,0.004978819031874776,38.89443889443868,1.25,False,RSI_NOT_BELOW_32|CLOSE_NOT_NEAR_OR_BELOW_LOWER_BB|CLOSE_NOT_ABOVE_MA200|RSI_RECOVERY_NOT_CONFIRMED
2026-10-07T08:34:05.828167+00:00,SIE_OLD_MR_REGIME_EXHAUSTION_CONFIRM_V1,PAXG,PAXGUSDT,strategy-lab-v1.0.0:SIE_OLD_MR_REGIME_EXHAUSTION_CONFIRM_V1,1791338400000,2026-10-07T02:00:00+00:00,4152.95,4153.86,4145.96,4147.96,34.26985385748259,4165.173,4146.988971733424,4160.97025,9.683571428571472,0.002334538285945735,35.072463768115625,1.2500000000000469,False,RSI_NOT_BELOW_32|CLOSE_NOT_NEAR_OR_BELOW_LOWER_BB|CLOSE_NOT_ABOVE_MA200|RSI_RECOVERY_NOT_CONFIRMED
2026-10-07T08:34:05.828167+00:00,SIE_OLD_MR_REGIME_EXHAUSTION_CONFIRM_V1,PAXG,PAXGUSDT,strategy-lab-v1.0.0:SIE_OLD_MR_REGIME_EXHAUSTION_CONFIRM_V1,1791342000000,2026-10-07T03:00:00+00:00,4146.67,4154.16,4143.26,4148.7,42.922437673129814,4165.253000000001,4147.376239555232,4161.0509999999995,9.072857142857108,0.0021869156947615176,34.26985385748259,1.2499999999999498,False,PLANNED_REWARD_TOO_LOW|RSI_NOT_BELOW_32|CLOSE_NOT_NEAR_OR_BELOW_LOWER_BB|CLOSE_NOT_ABOVE_MA200
2026-10-07T08:34:05.828167+00:00,SIE_OLD_MR_REGIME_EXHAUSTION_CONFIRM_V1,PAXG,PAXGUSDT,strategy-lab-v1.0.0:SIE_OLD_MR_REGIME_EXHAUSTION_CONFIRM_V1,1791345600000,2026-10-07T04:00:00+00:00,4148.76,4149.23,4140.75,4140.75,35.02511234469968,4164.2525000000005,4143.477116610044,4161.1256,8.721428571428467,0.002106243692912749,42.922437673129814,1.250000000000026,False,RSI_NOT_BELOW_32|CLOSE_NOT_ABOVE_MA200|RSI_RECOVERY_NOT_CONFIRMED
2026-10-07T08:34:05.828167+00:00,SIE_OLD_MR_REGIME_EXHAUSTION_CONFIRM_V1,PAXG,PAXGUSDT,strategy-lab-v1.0.0:SIE_OLD_MR_REGIME_EXHAUSTION_CONFIRM_V1,1791349200000,2026-10-07T05:00:00+00:00,4141.42,4145.97,4138.22,4138.22,29.05572330496814,4163.228,4139.631125122174,4161.173849999999,8.604999999999889,0.0020793964554808317,35.02511234469968,1.25,False,CLOSE_NOT_ABOVE_MA200|RSI_RECOVERY_NOT_CONFIRMED
2026-10-07T08:34:05.828167+00:00,SIE_OLD_MR_REGIME_EXHAUSTION_CONFIRM_V1,PAXG,PAXGUSDT,strategy-lab-v1.0.0:SIE_OLD_MR_REGIME_EXHAUSTION_CONFIRM_V1,1791352800000,2026-10-07T06:00:00+00:00,4137.5,4143.55,4137.5,4141.21,35.024644824586446,4162.084,4136.62054744541,4161.2181,8.31499999999986,0.0020078672658473875,29.05572330496814,1.2499999999999727,False,PLANNED_REWARD_TOO_LOW|RSI_NOT_BELOW_32|CLOSE_NOT_NEAR_OR_BELOW_LOWER_BB|CLOSE_NOT_ABOVE_MA200
2026-10-07T08:34:05.828167+00:00,SIE_OLD_MR_REGIME_EXHAUSTION_CONFIRM_V1,PAXG,PAXGUSDT,strategy-lab-v1.0.0:SIE_OLD_MR_REGIME_EXHAUSTION_CONFIRM_V1,1791356400000,2026-10-07T07:00:00+00:00,4142.14,4147.91,4138.2,4142.12,27.510917030566347,4160.259,4134.566796591184,4161.2423499999995,8.410714285714155,0.002030533708756423,35.024644824586446,1.25,False,TREND_SUPPORT_NOT_CONFIRMED|CLOSE_NOT_NEAR_OR_BELOW_LOWER_BB|CLOSE_NOT_ABOVE_MA200|RSI_RECOVERY_NOT_CONFIRMED
2026-10-07T08:34:05.828167+00:00,SIE_OLD_MR_REGIME_EXHAUSTION_CONFIRM_V1,PAXG,PAXGUSDT,strategy-lab-v1.0.0:SIE_OLD_MR_REGIME_EXHAUSTION_CONFIRM_V1,1791360000000,2026-10-07T08:00:00+00:00,4143.93,4146.01,4134.72,4136.93,13.402597402596086,4158.319,4131.748094934495,4161.2849,8.521428571428455,0.0020598435485803374,27.510917030566347,1.25,False,TREND_SUPPORT_NOT_CONFIRMED|CLOSE_NOT_NEAR_OR_BELOW_LOWER_BB|CLOSE_NOT_ABOVE_MA200|RSI_RECOVERY_NOT_CONFIRMED
2026-10-07T17:24:02.318593+00:00,SIE_OLD_MR_REGIME_EXHAUSTION_CONFIRM_V1,BTC,BTCUSDT,strategy-lab-v1.0.0:SIE_OLD_MR_REGIME_EXHAUSTION_CONFIRM_V1,1791363600000,2026-10-07T09:00:00+00:00,83924.03,83984.99,83620.0,83784.28,18.202496107451935,84962.216,83287.20833508152,84801.99635,360.2857142857153,0.00430015886375959,22.47538480439499,1.2499999999999798,False,PLANNED_REWARD_TOO_LOW|CLOSE_NOT_NEAR_OR_BELOW_LOWER_BB|CLOSE_NOT_ABOVE_MA200|RSI_RECOVERY_NOT_CONFIRMED
2026-10-07T17:24:02.318593+00:00,SIE_OLD_MR_REGIME_EXHAUSTION_CONFIRM_V1,BTC,BTCUSDT,strategy-lab-v1.0.0:SIE_OLD_MR_REGIME_EXHAUSTION_CONFIRM_V1,1791367200000,2026-10-07T10:00:00+00:00,83784.28,83914.54,83395.72,83719.72,17.816971759194658,84818.137,83238.87906199123,84805.94475,388.9492857142863,0.004645850293267659,18.202496107451935,1.2500000000000093,False,CLOSE_NOT_NEAR_OR_BELOW_LOWER_BB|CLOSE_NOT_ABOVE_MA200|RSI_RECOVERY_NOT_CONFIRMED
2026-10-07T17:24:02.318593+00:00,SIE_OLD_MR_REGIME_EXHAUSTION_CONFIRM_V1,BTC,BTCUSDT,strategy-lab-v1.0.0:SIE_OLD_MR_REGIME_EXHAUSTION_CONFIRM_V1,1791370800000,2026-10-07T11:00:00+00:00,83719.71,83812.47,83501.41,83709.54,17.556742323097637,84718.3765,83123.75179661342,84809.30055,401.2328571428578,0.004793155680258879,17.816971759194658,1.250000000000009,False,TREND_SUPPORT_NOT_CONFIRMED|CLOSE_NOT_NEAR_OR_BELOW_LOWER_BB|CLOSE_NOT_ABOVE_MA200|RSI_RECOVERY_NOT_CONFIRMED
2026-10-07T17:24:02.318593+00:00,SIE_OLD_MR_REGIME_EXHAUSTION_CONFIRM_V1,BTC,BTCUSDT,strategy-lab-v1.0.0:SIE_OLD_MR_REGIME_EXHAUSTION_CONFIRM_V1,1791374400000,2026-10-07T12:00:00+00:00,83709.58,83734.3,83373.22,83464.1,16.660148864448303,84612.777,82980.07055206645,84810.76825000001,412.5457142857153,0.00494279234168601,17.556742323097637,1.2499999999999825,False,TREND_SUPPORT_NOT_CONFIRMED|PLANNED_REWARD_TOO_LOW|CLOSE_NOT_NEAR_OR_BELOW_LOWER_BB|CLOSE_NOT_ABOVE_MA200|RSI_RECOVERY_NOT_CONFIRMED
2026-10-07T17:24:02.318593+00:00,SIE_OLD_MR_REGIME_EXHAUSTION_CONFIRM_V1,BTC,BTCUSDT,strategy-lab-v1.0.0:SIE_OLD_MR_REGIME_EXHAUSTION_CONFIRM_V1,1791378000000,2026-10-07T13:00:00+00:00,83464.09,83523.14,82717.3,83139.71,14.766554901143351,84483.794,82813.98576198707,84809.47459999999,448.8835714285721,0.005399147668768295,16.660148864448303,1.2499999999999838,False,TREND_SUPPORT_NOT_CONFIRMED|PLANNED_REWARD_TOO_LOW|CLOSE_NOT_NEAR_OR_BELOW_LOWER_BB|CLOSE_NOT_ABOVE_MA200|RSI_RECOVERY_NOT_CONFIRMED
2026-10-07T17:24:02.318593+00:00,SIE_OLD_MR_REGIME_EXHAUSTION_CONFIRM_V1,BTC,BTCUSDT,strategy-lab-v1.0.0:SIE_OLD_MR_REGIME_EXHAUSTION_CONFIRM_V1,1791381600000,2026-10-07T14:00:00+00:00,83141.79,83271.78,82863.48,82970.88,14.095891524359686,84357.7235,82631.73005107533,84804.44895000002,462.6485714285726,0.005576035488939886,14.766554901143351,1.2499999999999922,False,TREND_SUPPORT_NOT_CONFIRMED|PLANNED_REWARD_TOO_LOW|CLOSE_NOT_NEAR_OR_BELOW_LOWER_BB|CLOSE_NOT_ABOVE_MA200|RSI_RECOVERY_NOT_CONFIRMED
2026-10-07T17:24:02.318593+00:00,SIE_OLD_MR_REGIME_EXHAUSTION_CONFIRM_V1,BTC,BTCUSDT,strategy-lab-v1.0.0:SIE_OLD_MR_REGIME_EXHAUSTION_CONFIRM_V1,1791385200000,2026-10-07T15:00:00+00:00,82970.88,83421.6,82737.26,83417.4,33.41121988640745,84248.093,82576.51429682029,84801.75325,427.71000000000225,0.005127347531809937,14.095891524359686,1.2500000000000084,False,TREND_SUPPORT_NOT_CONFIRMED|RSI_NOT_BELOW_32|CLOSE_NOT_NEAR_OR_BELOW_LOWER_BB|CLOSE_NOT_ABOVE_MA200
2026-10-07T17:24:02.318593+00:00,SIE_OLD_MR_REGIME_EXHAUSTION_CONFIRM_V1,BTC,BTCUSDT,strategy-lab-v1.0.0:SIE_OLD_MR_REGIME_EXHAUSTION_CONFIRM_V1,1791388800000,2026-10-07T16:00:00+00:00,83417.4,83655.03,83309.17,83345.01,39.53661715532559,84134.965,82542.33829494323,84799.24870000001,383.57142857143066,0.004602212280872373,33.41121988640745,1.2499999999999905,False,TREND_SUPPORT_NOT_CONFIRMED|PLANNED_REWARD_TOO_LOW|RSI_NOT_BELOW_32|CLOSE_NOT_NEAR_OR_BELOW_LOWER_BB|CLOSE_NOT_ABOVE_MA200|RSI_RECOVERY_NOT_CONFIRMED
2026-10-07T17:24:02.318593+00:00,SIE_OLD_MR_REGIME_EXHAUSTION_CONFIRM_V1,BTC,BTCUSDT,strategy-lab-v1.0.0:SIE_OLD_MR_REGIME_EXHAUSTION_CONFIRM_V1,1791392400000,2026-10-07T17:00:00+00:00,83345.01,83597.01,83318.41,83400.01,33.43983497593379,84024.2325,82555.37396792993,84795.1421,376.2542857142866,0.004511441733811382,39.53661715532559,1.2500000000000098,False,TREND_SUPPORT_NOT_CONFIRMED|RSI_NOT_BELOW_32|CLOSE_NOT_NEAR_OR_BELOW_LOWER_BB|CLOSE_NOT_ABOVE_MA200|RSI_RECOVERY_NOT_CONFIRMED
2026-10-07T17:24:02.318593+00:00,SIE_OLD_MR_REGIME_EXHAUSTION_CONFIRM_V1,SOL,SOLUSDT,strategy-lab-v1.0.0:SIE_OLD_MR_REGIME_EXHAUSTION_CONFIRM_V1,1791363600000,2026-10-07T09:00:00+00:00,118.2,118.31,117.55,117.74,19.681908548707653,119.7365,117.21969031311473,119.72375,0.7728571428571404,0.006564100075226264,21.38228941684656,1.249999999999991,False,PLANNED_REWARD_TOO_LOW|CLOSE_NOT_NEAR_OR_BELOW_LOWER_BB|CLOSE_NOT_ABOVE_MA200|RSI_RECOVERY_NOT_CONFIRMED
2026-10-07T17:24:02.318593+00:00,SIE_OLD_MR_REGIME_EXHAUSTION_CONFIRM_V1,SOL,SOLUSDT,strategy-lab-v1.0.0:SIE_OLD_MR_REGIME_EXHAUSTION_CONFIRM_V1,1791367200000,2026-10-07T10:00:00+00:00,117.73,117.94,116.78,117.62,15.959595959596072,119.53099999999999,117.02769897934755,119.72735,0.8178571428571401,0.006953384992834042,19.681908548707653,1.2499999999999956,False,TREND_SUPPORT_NOT_CONFIRMED|PLANNED_REWARD_TOO_LOW|CLOSE_NOT_NEAR_OR_BELOW_LOWER_BB|CLOSE_NOT_ABOVE_MA200|RSI_RECOVERY_NOT_CONFIRMED
2026-10-07T17:24:02.318593+00:00,SIE_OLD_MR_REGIME_EXHAUSTION_CONFIRM_V1,SOL,SOLUSDT,strategy-lab-v1.0.0:SIE_OLD_MR_REGIME_EXHAUSTION_CONFIRM_V1,1791370800000,2026-10-07T11:00:00+00:00,117.63,117.78,117.01,117.32,14.722753346080225,119.37250000000002,116.73435766115634,119.72489999999999,0.8335714285714256,0.007105109346841337,15.959595959596072,1.2499999999999958,False,TREND_SUPPORT_NOT_CONFIRMED|PLANNED_REWARD_TOO_LOW|CLOSE_NOT_NEAR_OR_BELOW_LOWER_BB|CLOSE_NOT_ABOVE_MA200|RSI_RECOVERY_NOT_CONFIRMED
2026-10-07T17:24:02.318593+00:00,SIE_OLD_MR_REGIME_EXHAUSTION_CONFIRM_V1,SOL,SOLUSDT,strategy-lab-v1.0.0:SIE_OLD_MR_REGIME_EXHAUSTION_CONFIRM_V1,1791374400000,2026-10-07T12:00:00+00:00,117.3,117.46,116.09,116.36,12.8333333333333,119.176,116.26876488738877,119.71845000000002,0.8842857142857109,0.007599567843637941,14.722753346080225,1.249999999999992,False,TREND_SUPPORT_NOT_CONFIRMED|PLANNED_REWARD_TOO_LOW|CLOSE_NOT_NEAR_OR_BELOW_LOWER_BB|CLOSE_NOT_ABOVE_MA200|RSI_RECOVERY_NOT_CONFIRMED
2026-10-07T17:24:02.318593+00:00,SIE_OLD_MR_REGIME_EXHAUSTION_CONFIRM_V1,SOL,SOLUSDT,strategy-lab-v1.0.0:SIE_OLD_MR_REGIME_EXHAUSTION_CONFIRM_V1,1791378000000,2026-10-07T13:00:00+00:00,116.35,116.53,115.47,116.17,12.706270627062665,118.94149999999999,115.86382376621586,119.70825,0.9128571428571399,0.007857942178334682,12.8333333333333,1.250000000000004,False,TREND_SUPPORT_NOT_CONFIRMED|CLOSE_NOT_NEAR_OR_BELOW_LOWER_BB|CLOSE_NOT_ABOVE_MA200|RSI_RECOVERY_NOT_CONFIRMED
2026-10-07T17:24:02.318593+00:00,SIE_OLD_MR_REGIME_EXHAUSTION_CONFIRM_V1,SOL,SOLUSDT,strategy-lab-v1.0.0:SIE_OLD_MR_REGIME_EXHAUSTION_CONFIRM_V1,1791381600000,2026-10-07T14:00:00+00:00,116.16,116.26,115.68,115.83,12.261146496815243,118.69099999999999,115.46044029617161,119.69140000000002,0.9264285714285683,0.007998174664841304,12.706270627062665,1.25,False,TREND_SUPPORT_NOT_CONFIRMED|CLOSE_NOT_NEAR_OR_BELOW_LOWER_BB|CLOSE_NOT_ABOVE_MA200|RSI_RECOVERY_NOT_CONFIRMED
2026-10-07T17:24:02.318593+00:00,SIE_OLD_MR_REGIME_EXHAUSTION_CONFIRM_V1,SOL,SOLUSDT,strategy-lab-v1.0.0:SIE_OLD_MR_REGIME_EXHAUSTION_CONFIRM_V1,1791385200000,2026-10-07T15:00:00+00:00,115.83,116.75,115.55,116.72,29.802513464990994,118.4875,115.29897761494453,119.67755,0.8957142857142831,0.007674042886517162,12.261146496815243,1.250000000000004,False,TREND_SUPPORT_NOT_CONFIRMED|CLOSE_NOT_NEAR_OR_BELOW_LOWER_BB|CLOSE_NOT_ABOVE_MA200
2026-10-07T17:24:02.318593+00:00,SIE_OLD_MR_REGIME_EXHAUSTION_CONFIRM_V1,SOL,SOLUSDT,strategy-lab-v1.0.0:SIE_OLD_MR_REGIME_EXHAUSTION_CONFIRM_V1,1791388800000,2026-10-07T16:00:00+00:00,116.7,117.18,116.54,116.75,34.41955193482687,118.27550000000001,115.21965658123656,119.6656,0.7914285714285693,0.006778831446925647,29.802513464990994,1.2500000000000044,False,TREND_SUPPORT_NOT_CONFIRMED|RSI_NOT_BELOW_32|CLOSE_NOT_NEAR_OR_BELOW_LOWER_BB|CLOSE_NOT_ABOVE_MA200
2026-10-07T17:24:02.318593+00:00,SIE_OLD_MR_REGIME_EXHAUSTION_CONFIRM_V1,SOL,SOLUSDT,strategy-lab-v1.0.0:SIE_OLD_MR_REGIME_EXHAUSTION_CONFIRM_V1,1791392400000,2026-10-07T17:00:00+00:00,116.72,117.14,116.46,116.46,32.751937984496095,118.048,115.16791944557103,119.64849999999998,0.8021428571428554,0.006887711292657182,34.41955193482687,1.2500000000000089,False,TREND_SUPPORT_NOT_CONFIRMED|RSI_NOT_BELOW_32|CLOSE_NOT_NEAR_OR_BELOW_LOWER_BB|CLOSE_NOT_ABOVE_MA200|RSI_RECOVERY_NOT_CONFIRMED
2026-10-07T17:24:02.318593+00:00,SIE_OLD_MR_REGIME_EXHAUSTION_CONFIRM_V1,XRP,XRPUSDT,strategy-lab-v1.0.0:SIE_OLD_MR_REGIME_EXHAUSTION_CONFIRM_V1,1791363600000,2026-10-07T09:00:00+00:00,1.4622,1.4626,1.4492,1.4542,19.92528019925298,1.486655,1.4481321509360983,1.4991059999999998,0.011021428571428547,0.007579032162995838,21.68021680216819,1.25,False,TREND_SUPPORT_NOT_CONFIRMED|CLOSE_NOT_NEAR_OR_BELOW_LOWER_BB|CLOSE_NOT_ABOVE_MA200|RSI_RECOVERY_NOT_CONFIRMED
2026-10-07T17:24:02.318593+00:00,SIE_OLD_MR_REGIME_EXHAUSTION_CONFIRM_V1,XRP,XRPUSDT,strategy-lab-v1.0.0:SIE_OLD_MR_REGIME_EXHAUSTION_CONFIRM_V1,1791367200000,2026-10-07T10:00:00+00:00,1.4541,1.4555,1.444,1.4504,19.070321811680742,1.48306,1.4450983667369253,1.498981,0.011478571428571418,0.007914072965093366,19.92528019925298,1.25,False,TREND_SUPPORT_NOT_CONFIRMED|CLOSE_NOT_NEAR_OR_BELOW_LOWER_BB|CLOSE_NOT_ABOVE_MA200|RSI_RECOVERY_NOT_CONFIRMED
2026-10-07T17:24:02.318593+00:00,SIE_OLD_MR_REGIME_EXHAUSTION_CONFIRM_V1,XRP,XRPUSDT,strategy-lab-v1.0.0:SIE_OLD_MR_REGIME_EXHAUSTION_CONFIRM_V1,1791370800000,2026-10-07T11:00:00+00:00,1.4504,1.4522,1.4408,1.4467,18.75732708089116,1.48027,1.4402852979253291,1.498771,0.0119285714285714,0.008245366301632265,19.070321811680742,1.25,False,TREND_SUPPORT_NOT_CONFIRMED|CLOSE_NOT_NEAR_OR_BELOW_LOWER_BB|CLOSE_NOT_ABOVE_MA200|RSI_RECOVERY_NOT_CONFIRMED
2026-10-07T17:24:02.318593+00:00,SIE_OLD_MR_REGIME_EXHAUSTION_CONFIRM_V1,XRP,XRPUSDT,strategy-lab-v1.0.0:SIE_OLD_MR_REGIME_EXHAUSTION_CONFIRM_V1,1791374400000,2026-10-07T12:00:00+00:00,1.4467,1.4515,1.4418,1.4445,18.823529411764852,1.47743,1.4357891498645836,1.4985675,0.01223571428571427,0.008470553330366405,18.75732708089116,1.2500000000000044,False,TREND_SUPPORT_NOT_CONFIRMED|CLOSE_NOT_NEAR_OR_BELOW_LOWER_BB|CLOSE_NOT_ABOVE_MA200|RSI_RECOVERY_NOT_CONFIRMED
2026-10-07T17:24:02.318593+00:00,SIE_OLD_MR_REGIME_EXHAUSTION_CONFIRM_V1,XRP,XRPUSDT,strategy-lab-v1.0.0:SIE_OLD_MR_REGIME_EXHAUSTION_CONFIRM_V1,1791378000000,2026-10-07T13:00:00+00:00,1.4446,1.4456,1.424,1.4331,16.684045881126337,1.473785,1.4300746225136385,1.4982655,0.013442857142857137,0.009380264561340546,18.823529411764852,1.2499999999999918,False,TREND_SUPPORT_NOT_CONFIRMED|PLANNED_REWARD_TOO_LOW|CLOSE_NOT_NEAR_OR_BELOW_LOWER_BB|CLOSE_NOT_ABOVE_MA200|RSI_RECOVERY_NOT_CONFIRMED
2026-10-07T17:24:02.318593+00:00,SIE_OLD_MR_REGIME_EXHAUSTION_CONFIRM_V1,XRP,XRPUSDT,strategy-lab-v1.0.0:SIE_OLD_MR_REGIME_EXHAUSTION_CONFIRM_V1,1791381600000,2026-10-07T14:00:00+00:00,1.4331,1.4358,1.425,1.4262,15.48198636806245,1.4699,1.4238379983066276,1.4978704999999999,0.013864285714285694,0.009721137087565345,16.684045881126337,1.250000000000004,False,TREND_SUPPORT_NOT_CONFIRMED|CLOSE_NOT_NEAR_OR_BELOW_LOWER_BB|CLOSE_NOT_ABOVE_MA200|RSI_RECOVERY_NOT_CONFIRMED
2026-10-07T17:24:02.318593+00:00,SIE_OLD_MR_REGIME_EXHAUSTION_CONFIRM_V1,XRP,XRPUSDT,strategy-lab-v1.0.0:SIE_OLD_MR_REGIME_EXHAUSTION_CONFIRM_V1,1791385200000,2026-10-07T15:00:00+00:00,1.426,1.4348,1.4222,1.4341,26.532887402452758,1.46648,1.420450678910066,1.4975054999999997,0.01319999999999999,0.009204379053064633,15.48198636806245,1.2499999999999916,False,TREND_SUPPORT_NOT_CONFIRMED|PLANNED_REWARD_TOO_LOW|CLOSE_NOT_NEAR_OR_BELOW_LOWER_BB|CLOSE_NOT_ABOVE_MA200
2026-10-07T17:24:02.318593+00:00,SIE_OLD_MR_REGIME_EXHAUSTION_CONFIRM_V1,XRP,XRPUSDT,strategy-lab-v1.0.0:SIE_OLD_MR_REGIME_EXHAUSTION_CONFIRM_V1,1791388800000,2026-10-07T16:00:00+00:00,1.4339,1.441,1.4267,1.4284,29.455445544554536,1.462785,1.416986647409538,1.4971455,0.010849999999999995,0.007595911509381123,26.532887402452758,1.2500000000000102,False,TREND_SUPPORT_NOT_CONFIRMED|CLOSE_NOT_NEAR_OR_BELOW_LOWER_BB|CLOSE_NOT_ABOVE_MA200|RSI_RECOVERY_NOT_CONFIRMED
2026-10-07T17:24:02.318593+00:00,SIE_OLD_MR_REGIME_EXHAUSTION_CONFIRM_V1,XRP,XRPUSDT,strategy-lab-v1.0.0:SIE_OLD_MR_REGIME_EXHAUSTION_CONFIRM_V1,1791392400000,2026-10-07T17:00:00+00:00,1.4283,1.4342,1.4251,1.426,25.37688442211065,1.459085,1.4139588977973911,1.4967225,0.011021428571428562,0.007728912041675009,29.455445544554536,1.25,False,TREND_SUPPORT_NOT_CONFIRMED|CLOSE_NOT_NEAR_OR_BELOW_LOWER_BB|CLOSE_NOT_ABOVE_MA200|RSI_RECOVERY_NOT_CONFIRMED
2026-10-07T17:24:02.318593+00:00,SIE_OLD_MR_REGIME_EXHAUSTION_CONFIRM_V1,DOGE,DOGEUSDT,strategy-lab-v1.0.0:SIE_OLD_MR_REGIME_EXHAUSTION_CONFIRM_V1,1791363600000,2026-10-07T09:00:00+00:00,0.09043,0.09048,0.08941,0.08964,22.23701731025301,0.092574,0.08842786734413854,0.0942647,0.0009350000000000003,0.010430611334225796,23.226703755215595,1.2500000000000038,False,TREND_SUPPORT_NOT_CONFIRMED|CLOSE_NOT_NEAR_OR_BELOW_LOWER_BB|CLOSE_NOT_ABOVE_MA200|RSI_RECOVERY_NOT_CONFIRMED
2026-10-07T17:24:02.318593+00:00,SIE_OLD_MR_REGIME_EXHAUSTION_CONFIRM_V1,DOGE,DOGEUSDT,strategy-lab-v1.0.0:SIE_OLD_MR_REGIME_EXHAUSTION_CONFIRM_V1,1791367200000,2026-10-07T10:00:00+00:00,0.08963,0.08969,0.08866,0.08941,22.207446808510653,0.09223,0.08823531352919897,0.0942505,0.0009700000000000006,0.010848898333519747,22.23701731025301,1.249999999999993,False,TREND_SUPPORT_NOT_CONFIRMED|PLANNED_REWARD_TOO_LOW|CLOSE_NOT_NEAR_OR_BELOW_LOWER_BB|CLOSE_NOT_ABOVE_MA200|RSI_RECOVERY_NOT_CONFIRMED
2026-10-07T17:24:02.318593+00:00,SIE_OLD_MR_REGIME_EXHAUSTION_CONFIRM_V1,DOGE,DOGEUSDT,strategy-lab-v1.0.0:SIE_OLD_MR_REGIME_EXHAUSTION_CONFIRM_V1,1791370800000,2026-10-07T11:00:00+00:00,0.08942,0.08947,0.0888,0.08888,21.112515802781317,0.09190800000000002,0.08792332134294362,0.09422930000000002,0.0009757142857142861,0.010977883502635982,22.207446808510653,1.2500000000000036,False,TREND_SUPPORT_NOT_CONFIRMED|CLOSE_NOT_NEAR_OR_BELOW_LOWER_BB|CLOSE_NOT_ABOVE_MA200|RSI_RECOVERY_NOT_CONFIRMED
2026-10-07T17:24:02.318593+00:00,SIE_OLD_MR_REGIME_EXHAUSTION_CONFIRM_V1,DOGE,DOGEUSDT,strategy-lab-v1.0.0:SIE_OLD_MR_REGIME_EXHAUSTION_CONFIRM_V1,1791374400000,2026-10-07T12:00:00+00:00,0.08887,0.08921,0.08857,0.08874,21.16603295310523,0.0915895,0.08766157701195647,0.09420774999999999,0.0009964285714285728,0.011228629382787613,21.112515802781317,1.2499999999999964,False,TREND_SUPPORT_NOT_CONFIRMED|PLANNED_REWARD_TOO_LOW|CLOSE_NOT_NEAR_OR_BELOW_LOWER_BB|CLOSE_NOT_ABOVE_MA200|RSI_RECOVERY_NOT_CONFIRMED
2026-10-07T17:24:02.318593+00:00,SIE_OLD_MR_REGIME_EXHAUSTION_CONFIRM_V1,DOGE,DOGEUSDT,strategy-lab-v1.0.0:SIE_OLD_MR_REGIME_EXHAUSTION_CONFIRM_V1,1791378000000,2026-10-07T13:00:00+00:00,0.08875,0.08897,0.08795,0.08855,16.644993498049445,0.09127850000000001,0.0874228170514161,0.09418155,0.0010271428571428573,0.011599580543679924,21.16603295310523,1.2499999999999967,False,TREND_SUPPORT_NOT_CONFIRMED|PLANNED_REWARD_TOO_LOW|CLOSE_NOT_NEAR_OR_BELOW_LOWER_BB|CLOSE_NOT_ABOVE_MA200|RSI_RECOVERY_NOT_CONFIRMED
2026-10-07T17:24:02.318593+00:00,SIE_OLD_MR_REGIME_EXHAUSTION_CONFIRM_V1,DOGE,DOGEUSDT,strategy-lab-v1.0.0:SIE_OLD_MR_REGIME_EXHAUSTION_CONFIRM_V1,1791381600000,2026-10-07T14:00:00+00:00,0.08855,0.08859,0.08811,0.08815,14.447236180904511,0.090972,0.08714496145825511,0.09414905,0.0010357142857142867,0.011749453042703195,16.644993498049445,1.2500000000000033,False,TREND_SUPPORT_NOT_CONFIRMED|CLOSE_NOT_NEAR_OR_BELOW_LOWER_BB|CLOSE_NOT_ABOVE_MA200|RSI_RECOVERY_NOT_CONFIRMED
2026-10-07T17:24:02.318593+00:00,SIE_OLD_MR_REGIME_EXHAUSTION_CONFIRM_V1,DOGE,DOGEUSDT,strategy-lab-v1.0.0:SIE_OLD_MR_REGIME_EXHAUSTION_CONFIRM_V1,1791385200000,2026-10-07T15:00:00+00:00,0.08815,0.08883,0.08777,0.0888,27.397260273972577,0.0907215,0.08701638313274725,0.09411785,0.0009571428571428578,0.010778635778635786,14.447236180904511,1.2500000000000073,False,TREND_SUPPORT_NOT_CONFIRMED|CLOSE_NOT_NEAR_OR_BELOW_LOWER_BB|CLOSE_NOT_ABOVE_MA200
2026-10-07T17:24:02.318593+00:00,SIE_OLD_MR_REGIME_EXHAUSTION_CONFIRM_V1,DOGE,DOGEUSDT,strategy-lab-v1.0.0:SIE_OLD_MR_REGIME_EXHAUSTION_CONFIRM_V1,1791388800000,2026-10-07T16:00:00+00:00,0.08879,0.08921,0.08853,0.08857,35.15624999999993,0.0904705,0.08689894305659271,0.09408604999999999,0.0007385714285714297,0.00833884417490606,27.397260273972577,1.2499999999999953,False,TREND_SUPPORT_NOT_CONFIRMED|PLANNED_REWARD_TOO_LOW|RSI_NOT_BELOW_32|CLOSE_NOT_NEAR_OR_BELOW_LOWER_BB|CLOSE_NOT_ABOVE_MA200|RSI_RECOVERY_NOT_CONFIRMED
2026-10-07T17:24:02.318593+00:00,SIE_OLD_MR_REGIME_EXHAUSTION_CONFIRM_V1,DOGE,DOGEUSDT,strategy-lab-v1.0.0:SIE_OLD_MR_REGIME_EXHAUSTION_CONFIRM_V1,1791392400000,2026-10-07T17:00:00+00:00,0.08857,0.08898,0.08854,0.08863,35.02935420743637,0.09022949999999999,0.08684930784569858,0.09405150000000001,0.0007314285714285723,0.008252607146886746,35.15624999999993,1.2499999999999905,False,TREND_SUPPORT_NOT_CONFIRMED|PLANNED_REWARD_TOO_LOW|RSI_NOT_BELOW_32|CLOSE_NOT_NEAR_OR_BELOW_LOWER_BB|CLOSE_NOT_ABOVE_MA200|RSI_RECOVERY_NOT_CONFIRMED
2026-10-07T17:24:02.318593+00:00,SIE_OLD_MR_REGIME_EXHAUSTION_CONFIRM_V1,BNB,BNBUSDT,strategy-lab-v1.0.0:SIE_OLD_MR_REGIME_EXHAUSTION_CONFIRM_V1,1791363600000,2026-10-07T09:00:00+00:00,772.55,773.09,769.03,769.67,35.22316043425792,775.715,763.2459447029872,775.4414499999999,3.95071428571429,0.005132997629781972,37.09114004445843,1.249999999999993,False,PLANNED_REWARD_TOO_LOW|RSI_NOT_BELOW_32|CLOSE_NOT_NEAR_OR_BELOW_LOWER_BB|CLOSE_NOT_ABOVE_MA200|RSI_RECOVERY_NOT_CONFIRMED
2026-10-07T17:24:02.318593+00:00,SIE_OLD_MR_REGIME_EXHAUSTION_CONFIRM_V1,BNB,BNBUSDT,strategy-lab-v1.0.0:SIE_OLD_MR_REGIME_EXHAUSTION_CONFIRM_V1,1791367200000,2026-10-07T10:00:00+00:00,769.75,770.11,765.8,767.0,32.390817469204706,774.7715000000001,762.6685247046457,775.4961999999999,4.1707142857142925,0.0054376978953250225,35.22316043425792,1.2500000000000069,False,TREND_SUPPORT_NOT_CONFIRMED|RSI_NOT_BELOW_32|CLOSE_NOT_NEAR_OR_BELOW_LOWER_BB|CLOSE_NOT_ABOVE_MA200|RSI_RECOVERY_NOT_CONFIRMED
2026-10-07T17:24:02.318593+00:00,SIE_OLD_MR_REGIME_EXHAUSTION_CONFIRM_V1,BNB,BNBUSDT,strategy-lab-v1.0.0:SIE_OLD_MR_REGIME_EXHAUSTION_CONFIRM_V1,1791370800000,2026-10-07T11:00:00+00:00,767.38,768.25,765.62,767.44,32.8046744574291,774.004,762.086924184182,775.5410499999999,4.264285714285718,0.005556506976813454,32.390817469204706,1.2500000000000133,False,TREND_SUPPORT_NOT_CONFIRMED|RSI_NOT_BELOW_32|CLOSE_NOT_NEAR_OR_BELOW_LOWER_BB|CLOSE_NOT_ABOVE_MA200
2026-10-07T17:24:02.318593+00:00,SIE_OLD_MR_REGIME_EXHAUSTION_CONFIRM_V1,BNB,BNBUSDT,strategy-lab-v1.0.0:SIE_OLD_MR_REGIME_EXHAUSTION_CONFIRM_V1,1791374400000,2026-10-07T12:00:00+00:00,767.76,768.29,764.8,767.22,33.03446343513585,773.2280000000001,761.671660441128,775.5929,4.406428571428576,0.0057433703128549505,32.8046744574291,1.2499999999999936,False,TREND_SUPPORT_NOT_CONFIRMED|PLANNED_REWARD_TOO_LOW|RSI_NOT_BELOW_32|CLOSE_NOT_NEAR_OR_BELOW_LOWER_BB|CLOSE_NOT_ABOVE_MA200|RSI_RECOVERY_NOT_CONFIRMED
2026-10-07T17:24:02.318593+00:00,SIE_OLD_MR_REGIME_EXHAUSTION_CONFIRM_V1,BNB,BNBUSDT,strategy-lab-v1.0.0:SIE_OLD_MR_REGIME_EXHAUSTION_CONFIRM_V1,1791378000000,2026-10-07T13:00:00+00:00,767.39,768.5,763.2,767.31,33.44594594594574,772.508,761.3683831304687,775.6320999999999,4.70357142857143,0.006129949340646454,33.03446343513585,1.249999999999988,False,TREND_SUPPORT_NOT_CONFIRMED|PLANNED_REWARD_TOO_LOW|RSI_NOT_BELOW_32|CLOSE_NOT_NEAR_OR_BELOW_LOWER_BB|CLOSE_NOT_ABOVE_MA200
2026-10-07T17:24:02.318593+00:00,SIE_OLD_MR_REGIME_EXHAUSTION_CONFIRM_V1,BNB,BNBUSDT,strategy-lab-v1.0.0:SIE_OLD_MR_REGIME_EXHAUSTION_CONFIRM_V1,1791381600000,2026-10-07T14:00:00+00:00,767.11,768.1,765.71,766.22,32.8358208955223,771.7825,760.9948591550357,775.6331999999999,4.687857142857142,0.0061181607669561515,33.44594594594574,1.2500000000000122,False,TREND_SUPPORT_NOT_CONFIRMED|RSI_NOT_BELOW_32|CLOSE_NOT_NEAR_OR_BELOW_LOWER_BB|CLOSE_NOT_ABOVE_MA200|RSI_RECOVERY_NOT_CONFIRMED
2026-10-07T17:24:02.318593+00:00,SIE_OLD_MR_REGIME_EXHAUSTION_CONFIRM_V1,BNB,BNBUSDT,strategy-lab-v1.0.0:SIE_OLD_MR_REGIME_EXHAUSTION_CONFIRM_V1,1791385200000,2026-10-07T15:00:00+00:00,766.49,769.98,764.99,769.27,47.913992297817586,771.2725,761.0364951641307,775.6509,4.42428571428571,0.005751278113387641,32.8358208955223,1.2500000000000064,False,TREND_SUPPORT_NOT_CONFIRMED|RSI_NOT_BELOW_32|CLOSE_NOT_NEAR_OR_BELOW_LOWER_BB|CLOSE_NOT_ABOVE_MA200
2026-10-07T17:24:02.318593+00:00,SIE_OLD_MR_REGIME_EXHAUSTION_CONFIRM_V1,BNB,BNBUSDT,strategy-lab-v1.0.0:SIE_OLD_MR_REGIME_EXHAUSTION_CONFIRM_V1,1791388800000,2026-10-07T16:00:00+00:00,769.99,771.98,769.2,771.09,60.360360360360445,770.848,761.3475398006234,775.68865,3.742857142857133,0.004853982210710984,47.913992297817586,1.2500000000000075,False,TREND_SUPPORT_NOT_CONFIRMED|RSI_NOT_BELOW_32|CLOSE_NOT_NEAR_OR_BELOW_LOWER_BB|CLOSE_NOT_ABOVE_MA200
2026-10-07T17:24:02.318593+00:00,SIE_OLD_MR_REGIME_EXHAUSTION_CONFIRM_V1,BNB,BNBUSDT,strategy-lab-v1.0.0:SIE_OLD_MR_REGIME_EXHAUSTION_CONFIRM_V1,1791392400000,2026-10-07T17:00:00+00:00,771.25,772.66,771.03,771.58,58.78606219557903,770.437,761.8543102118313,775.72525,3.6699999999999915,0.004756473729230918,60.360360360360445,1.2500000000000078,False,TREND_SUPPORT_NOT_CONFIRMED|RSI_NOT_BELOW_32|CLOSE_NOT_NEAR_OR_BELOW_LOWER_BB|CLOSE_NOT_ABOVE_MA200|RSI_RECOVERY_NOT_CONFIRMED
2026-10-07T17:24:02.318593+00:00,SIE_OLD_MR_REGIME_EXHAUSTION_CONFIRM_V1,PAXG,PAXGUSDT,strategy-lab-v1.0.0:SIE_OLD_MR_REGIME_EXHAUSTION_CONFIRM_V1,1791363600000,2026-10-07T09:00:00+00:00,4133.5,4134.52,4129.16,4131.29,13.172226004083058,4156.7654999999995,4127.198649322253,4161.20125,7.875,0.001906184266899685,12.64912567412837,1.25,False,TREND_SUPPORT_NOT_CONFIRMED|CLOSE_NOT_NEAR_OR_BELOW_LOWER_BB|CLOSE_NOT_ABOVE_MA200|RSI_RECOVERY_NOT_CONFIRMED
2026-10-07T17:24:02.318593+00:00,SIE_OLD_MR_REGIME_EXHAUSTION_CONFIRM_V1,PAXG,PAXGUSDT,strategy-lab-v1.0.0:SIE_OLD_MR_REGIME_EXHAUSTION_CONFIRM_V1,1791367200000,2026-10-07T10:00:00+00:00,4131.35,4131.35,4122.44,4129.74,13.718539524989566,4155.081999999999,4123.457521759239,4161.12165,8.072142857142937,0.0019546370612055332,13.172226004083058,1.2499999999999436,False,TREND_SUPPORT_NOT_CONFIRMED|PLANNED_REWARD_TOO_LOW|CLOSE_NOT_NEAR_OR_BELOW_LOWER_BB|CLOSE_NOT_ABOVE_MA200|RSI_RECOVERY_NOT_CONFIRMED
2026-10-07T17:24:02.318593+00:00,SIE_OLD_MR_REGIME_EXHAUSTION_CONFIRM_V1,PAXG,PAXGUSDT,strategy-lab-v1.0.0:SIE_OLD_MR_REGIME_EXHAUSTION_CONFIRM_V1,1791370800000,2026-10-07T11:00:00+00:00,4130.18,4133.98,4125.8,4132.68,14.88022381535147,4153.279,4120.872733383798,4161.07525,8.381428571428582,0.002028085545318917,13.718539524989566,1.25,False,TREND_SUPPORT_NOT_CONFIRMED|CLOSE_NOT_NEAR_OR_BELOW_LOWER_BB|CLOSE_NOT_ABOVE_MA200
2026-10-07T17:24:02.318593+00:00,SIE_OLD_MR_REGIME_EXHAUSTION_CONFIRM_V1,PAXG,PAXGUSDT,strategy-lab-v1.0.0:SIE_OLD_MR_REGIME_EXHAUSTION_CONFIRM_V1,1791374400000,2026-10-07T12:00:00+00:00,4134.34,4136.14,4083.2,4101.45,10.121313035203869,4150.258,4111.064271624141,4160.8944,11.734285714285761,0.0028610090856369726,14.88022381535147,1.2500000000000193,False,TREND_SUPPORT_NOT_CONFIRMED|CLOSE_NOT_ABOVE_MA200|RSI_RECOVERY_NOT_CONFIRMED
2026-10-07T17:24:02.318593+00:00,SIE_OLD_MR_REGIME_EXHAUSTION_CONFIRM_V1,PAXG,PAXGUSDT,strategy-lab-v1.0.0:SIE_OLD_MR_REGIME_EXHAUSTION_CONFIRM_V1,1791378000000,2026-10-07T13:00:00+00:00,4102.37,4111.55,4093.11,4111.55,18.959785522788508,4147.339,4105.813942071072,4160.70375,12.72500000000007,0.003094939864527993,10.121313035203869,1.2500000000000357,False,TREND_SUPPORT_NOT_CONFIRMED|CLOSE_NOT_NEAR_OR_BELOW_LOWER_BB|CLOSE_NOT_ABOVE_MA200
2026-10-07T17:24:02.318593+00:00,SIE_OLD_MR_REGIME_EXHAUSTION_CONFIRM_V1,PAXG,PAXGUSDT,strategy-lab-v1.0.0:SIE_OLD_MR_REGIME_EXHAUSTION_CONFIRM_V1,1791381600000,2026-10-07T14:00:00+00:00,4111.64,4118.87,4106.06,4115.34,24.64982778415633,4144.146,4103.093448605463,4160.526449999999,12.756428571428614,0.0030997265284104384,18.959785522788508,1.25,False,TREND_SUPPORT_NOT_CONFIRMED|CLOSE_NOT_NEAR_OR_BELOW_LOWER_BB|CLOSE_NOT_ABOVE_MA200
2026-10-07T17:24:02.318593+00:00,SIE_OLD_MR_REGIME_EXHAUSTION_CONFIRM_V1,PAXG,PAXGUSDT,strategy-lab-v1.0.0:SIE_OLD_MR_REGIME_EXHAUSTION_CONFIRM_V1,1791385200000,2026-10-07T15:00:00+00:00,4113.99,4119.42,4109.23,4113.97,26.23411534701883,4141.116,4100.550218656591,4160.3309,12.939285714285786,0.0031452066287031228,24.64982778415633,1.2499999999999825,False,TREND_SUPPORT_NOT_CONFIRMED|PLANNED_REWARD_TOO_LOW|CLOSE_NOT_NEAR_OR_BELOW_LOWER_BB|CLOSE_NOT_ABOVE_MA200|RSI_RECOVERY_NOT_CONFIRMED
2026-10-07T17:24:02.318593+00:00,SIE_OLD_MR_REGIME_EXHAUSTION_CONFIRM_V1,PAXG,PAXGUSDT,strategy-lab-v1.0.0:SIE_OLD_MR_REGIME_EXHAUSTION_CONFIRM_V1,1791388800000,2026-10-07T16:00:00+00:00,4114.57,4122.18,4110.43,4116.72,30.396586345381735,4138.418,4098.912396043074,4160.1584,13.214285714285811,0.0032099063609586785,26.23411534701883,1.25,False,TREND_SUPPORT_NOT_CONFIRMED|CLOSE_NOT_NEAR_OR_BELOW_LOWER_BB|CLOSE_NOT_ABOVE_MA200
2026-10-07T17:24:02.318593+00:00,SIE_OLD_MR_REGIME_EXHAUSTION_CONFIRM_V1,PAXG,PAXGUSDT,strategy-lab-v1.0.0:SIE_OLD_MR_REGIME_EXHAUSTION_CONFIRM_V1,1791392400000,2026-10-07T17:00:00+00:00,4117.06,4132.17,4116.5,4127.2,37.978080966226806,4136.135499999999,4099.695004682268,4160.02025,13.55500000000013,0.0032843089746075137,30.396586345381735,1.25,False,TREND_SUPPORT_NOT_CONFIRMED|RSI_NOT_BELOW_32|CLOSE_NOT_NEAR_OR_BELOW_LOWER_BB|CLOSE_NOT_ABOVE_MA200
2026-10-07T23:01:31.552024+00:00,SIE_OLD_MR_REGIME_EXHAUSTION_CONFIRM_V1,BTC,BTCUSDT,strategy-lab-v1.0.0:SIE_OLD_MR_REGIME_EXHAUSTION_CONFIRM_V1,1791396000000,2026-10-07T18:00:00+00:00,83098.01,83434.12,83097.49,83372.79,36.48849152047217,83901.4105,82550.88228494527,84790.49149999999,410.1571428571427,0.004919556402720153,28.417526859068673,1.25,False,TREND_SUPPORT_NOT_CONFIRMED|RSI_NOT_BELOW_32|CLOSE_NOT_NEAR_OR_BELOW_LOWER_BB|CLOSE_NOT_ABOVE_MA200
2026-10-07T23:01:31.552024+00:00,SIE_OLD_MR_REGIME_EXHAUSTION_CONFIRM_V1,BTC,BTCUSDT,strategy-lab-v1.0.0:SIE_OLD_MR_REGIME_EXHAUSTION_CONFIRM_V1,1791399600000,2026-10-07T19:00:00+00:00,83372.78,83481.87,83245.87,83392.04,30.948579930124623,83794.024,82656.99000352675,84785.83155000002,407.14857142857153,0.004882343343903945,36.48849152047217,1.2499999999999911,False,TREND_SUPPORT_NOT_CONFIRMED|PLANNED_REWARD_TOO_LOW|CLOSE_NOT_NEAR_OR_BELOW_LOWER_BB|CLOSE_NOT_ABOVE_MA200|RSI_RECOVERY_NOT_CONFIRMED
2026-10-07T23:01:31.552024+00:00,SIE_OLD_MR_REGIME_EXHAUSTION_CONFIRM_V1,BTC,BTCUSDT,strategy-lab-v1.0.0:SIE_OLD_MR_REGIME_EXHAUSTION_CONFIRM_V1,1791403200000,2026-10-07T20:00:00+00:00,83392.04,83567.58,83280.04,83382.81,32.22164208327881,83686.515,82864.54638153577,84781.22605,409.78928571428594,0.004914553559831888,30.948579930124623,1.2499999999999911,False,TREND_SUPPORT_NOT_CONFIRMED|PLANNED_REWARD_TOO_LOW|RSI_NOT_BELOW_32|CLOSE_NOT_NEAR_OR_BELOW_LOWER_BB|CLOSE_NOT_ABOVE_MA200|RSI_RECOVERY_NOT_CONFIRMED
2026-10-07T23:01:31.552024+00:00,SIE_OLD_MR_REGIME_EXHAUSTION_CONFIRM_V1,BTC,BTCUSDT,strategy-lab-v1.0.0:SIE_OLD_MR_REGIME_EXHAUSTION_CONFIRM_V1,1791406800000,2026-10-07T21:00:00+00:00,83384.55,83410.04,83071.03,83109.65,29.96322116259941,83623.9865,82826.63330553031,84775.80649999999,417.7171428571424,0.005026096763217538,32.22164208327881,1.25,False,TREND_SUPPORT_NOT_CONFIRMED|CLOSE_NOT_NEAR_OR_BELOW_LOWER_BB|CLOSE_NOT_ABOVE_MA200|RSI_RECOVERY_NOT_CONFIRMED
2026-10-07T23:01:31.552024+00:00,SIE_OLD_MR_REGIME_EXHAUSTION_CONFIRM_V1,BTC,BTCUSDT,strategy-lab-v1.0.0:SIE_OLD_MR_REGIME_EXHAUSTION_CONFIRM_V1,1791410400000,2026-10-07T22:00:00+00:00,83109.65,83296.74,83088.31,83203.22,34.91444262130386,83591.7695,82781.19424507357,84773.23550000001,415.4121428571431,0.004992741180655545,29.96322116259941,1.2500000000000087,False,TREND_SUPPORT_NOT_CONFIRMED|RSI_NOT_BELOW_32|CLOSE_NOT_NEAR_OR_BELOW_LOWER_BB|CLOSE_NOT_ABOVE_MA200
2026-10-07T23:01:31.552024+00:00,SIE_OLD_MR_REGIME_EXHAUSTION_CONFIRM_V1,SOL,SOLUSDT,strategy-lab-v1.0.0:SIE_OLD_MR_REGIME_EXHAUSTION_CONFIRM_V1,1791396000000,2026-10-07T18:00:00+00:00,116.25,117.0,116.04,116.07,31.52985074626862,117.80250000000001,115.08106012375805,119.63109999999999,0.874999999999998,0.007538554320668545,31.766917293233078,1.25,False,TREND_SUPPORT_NOT_CONFIRMED|CLOSE_NOT_NEAR_OR_BELOW_LOWER_BB|CLOSE_NOT_ABOVE_MA200|RSI_RECOVERY_NOT_CONFIRMED
2026-10-07T23:01:31.552024+00:00,SIE_OLD_MR_REGIME_EXHAUSTION_CONFIRM_V1,SOL,SOLUSDT,strategy-lab-v1.0.0:SIE_OLD_MR_REGIME_EXHAUSTION_CONFIRM_V1,1791399600000,2026-10-07T19:00:00+00:00,116.08,116.35,115.67,115.78,18.852459016393496,117.55699999999999,115.04388957664013,119.60940000000001,0.8642857142857119,0.0074648964785430285,31.52985074626862,1.2499999999999958,False,TREND_SUPPORT_NOT_CONFIRMED|PLANNED_REWARD_TOO_LOW|CLOSE_NOT_NEAR_OR_BELOW_LOWER_BB|CLOSE_NOT_ABOVE_MA200|RSI_RECOVERY_NOT_CONFIRMED
2026-10-07T23:01:31.552024+00:00,SIE_OLD_MR_REGIME_EXHAUSTION_CONFIRM_V1,SOL,SOLUSDT,strategy-lab-v1.0.0:SIE_OLD_MR_REGIME_EXHAUSTION_CONFIRM_V1,1791403200000,2026-10-07T20:00:00+00:00,115.82,116.35,115.77,116.15,24.760076775431955,117.33599999999998,115.16790037129284,119.586,0.8607142857142834,0.007410368366029129,18.852459016393496,1.2499999999999958,False,TREND_SUPPORT_NOT_CONFIRMED|PLANNED_REWARD_TOO_LOW|CLOSE_NOT_NEAR_OR_BELOW_LOWER_BB|CLOSE_NOT_ABOVE_MA200
2026-10-07T23:01:31.552024+00:00,SIE_OLD_MR_REGIME_EXHAUSTION_CONFIRM_V1,SOL,SOLUSDT,strategy-lab-v1.0.0:SIE_OLD_MR_REGIME_EXHAUSTION_CONFIRM_V1,1791406800000,2026-10-07T21:00:00+00:00,116.14,116.16,115.17,115.54,22.95373665480436,117.1645,114.99790382165939,119.5588,0.8964285714285692,0.00775859937189345,24.760076775431955,1.250000000000008,False,TREND_SUPPORT_NOT_CONFIRMED|CLOSE_NOT_NEAR_OR_BELOW_LOWER_BB|CLOSE_NOT_ABOVE_MA200|RSI_RECOVERY_NOT_CONFIRMED
2026-10-07T23:01:31.552024+00:00,SIE_OLD_MR_REGIME_EXHAUSTION_CONFIRM_V1,SOL,SOLUSDT,strategy-lab-v1.0.0:SIE_OLD_MR_REGIME_EXHAUSTION_CONFIRM_V1,1791410400000,2026-10-07T22:00:00+00:00,115.54,116.04,115.46,115.96,30.265486725663663,117.04849999999999,114.88479692425226,119.53765,0.894999999999999,0.007718178682304235,22.95373665480436,1.249999999999996,False,TREND_SUPPORT_NOT_CONFIRMED|PLANNED_REWARD_TOO_LOW|CLOSE_NOT_NEAR_OR_BELOW_LOWER_BB|CLOSE_NOT_ABOVE_MA200
2026-10-07T23:01:31.552024+00:00,SIE_OLD_MR_REGIME_EXHAUSTION_CONFIRM_V1,XRP,XRPUSDT,strategy-lab-v1.0.0:SIE_OLD_MR_REGIME_EXHAUSTION_CONFIRM_V1,1791396000000,2026-10-07T18:00:00+00:00,1.4183,1.4259,1.413,1.4248,29.353778751369333,1.45506,1.410038831645543,1.4962695,0.012421428571428552,0.008718015561081241,23.112128146453188,1.2500000000000044,False,TREND_SUPPORT_NOT_CONFIRMED|CLOSE_NOT_NEAR_OR_BELOW_LOWER_BB|CLOSE_NOT_ABOVE_MA200
2026-10-07T23:01:31.552024+00:00,SIE_OLD_MR_REGIME_EXHAUSTION_CONFIRM_V1,XRP,XRPUSDT,strategy-lab-v1.0.0:SIE_OLD_MR_REGIME_EXHAUSTION_CONFIRM_V1,1791399600000,2026-10-07T19:00:00+00:00,1.425,1.4274,1.4149,1.4177,19.0045248868781,1.451095,1.407604979305588,1.495773,0.012564285714285679,0.008862443192696395,29.353778751369333,1.2499999999999956,False,TREND_SUPPORT_NOT_CONFIRMED|PLANNED_REWARD_TOO_LOW|CLOSE_NOT_NEAR_OR_BELOW_LOWER_BB|CLOSE_NOT_ABOVE_MA200|RSI_RECOVERY_NOT_CONFIRMED
2026-10-07T23:01:31.552024+00:00,SIE_OLD_MR_REGIME_EXHAUSTION_CONFIRM_V1,XRP,XRPUSDT,strategy-lab-v1.0.0:SIE_OLD_MR_REGIME_EXHAUSTION_CONFIRM_V1,1791403200000,2026-10-07T20:00:00+00:00,1.4177,1.4241,1.4152,1.4214,20.267260579064697,1.44731,1.4074710291297532,1.495145,0.012657142857142811,0.00890470160204222,19.0045248868781,1.25,False,TREND_SUPPORT_NOT_CONFIRMED|CLOSE_NOT_NEAR_OR_BELOW_LOWER_BB|CLOSE_NOT_ABOVE_MA200
2026-10-07T23:01:31.552024+00:00,SIE_OLD_MR_REGIME_EXHAUSTION_CONFIRM_V1,XRP,XRPUSDT,strategy-lab-v1.0.0:SIE_OLD_MR_REGIME_EXHAUSTION_CONFIRM_V1,1791406800000,2026-10-07T21:00:00+00:00,1.4215,1.4216,1.4061,1.4138,19.320594479830277,1.4441899999999999,1.4041167720291912,1.494472,0.013371428571428543,0.009457793585675868,20.267260579064697,1.2499999999999958,False,TREND_SUPPORT_NOT_CONFIRMED|PLANNED_REWARD_TOO_LOW|CLOSE_NOT_NEAR_OR_BELOW_LOWER_BB|CLOSE_NOT_ABOVE_MA200|RSI_RECOVERY_NOT_CONFIRMED
2026-10-07T23:01:31.552024+00:00,SIE_OLD_MR_REGIME_EXHAUSTION_CONFIRM_V1,XRP,XRPUSDT,strategy-lab-v1.0.0:SIE_OLD_MR_REGIME_EXHAUSTION_CONFIRM_V1,1791410400000,2026-10-07T22:00:00+00:00,1.4139,1.42,1.4127,1.4167,24.08675799086781,1.441945,1.4010033109776794,1.49383,0.01315714285714282,0.009287176436184668,19.320594479830277,1.2499999999999958,False,TREND_SUPPORT_NOT_CONFIRMED|PLANNED_REWARD_TOO_LOW|CLOSE_NOT_NEAR_OR_BELOW_LOWER_BB|CLOSE_NOT_ABOVE_MA200
2026-10-07T23:01:31.552024+00:00,SIE_OLD_MR_REGIME_EXHAUSTION_CONFIRM_V1,DOGE,DOGEUSDT,strategy-lab-v1.0.0:SIE_OLD_MR_REGIME_EXHAUSTION_CONFIRM_V1,1791396000000,2026-10-07T18:00:00+00:00,0.08835,0.08882,0.08832,0.08853,37.67258382642995,0.0899775,0.08680404210678623,0.09401785,0.0007650000000000008,0.008641138597085743,32.8273244781783,1.2500000000000044,False,TREND_SUPPORT_NOT_CONFIRMED|RSI_NOT_BELOW_32|CLOSE_NOT_NEAR_OR_BELOW_LOWER_BB|CLOSE_NOT_ABOVE_MA200
2026-10-07T23:01:31.552024+00:00,SIE_OLD_MR_REGIME_EXHAUSTION_CONFIRM_V1,DOGE,DOGEUSDT,strategy-lab-v1.0.0:SIE_OLD_MR_REGIME_EXHAUSTION_CONFIRM_V1,1791399600000,2026-10-07T19:00:00+00:00,0.08855,0.08876,0.08839,0.08844,26.30385487528342,0.0897155,0.0869719003571948,0.0939815,0.0007328571428571443,0.008286489629773228,37.67258382642995,1.25,False,TREND_SUPPORT_NOT_CONFIRMED|CLOSE_NOT_NEAR_OR_BELOW_LOWER_BB|CLOSE_NOT_ABOVE_MA200|RSI_RECOVERY_NOT_CONFIRMED
2026-10-07T23:01:31.552024+00:00,SIE_OLD_MR_REGIME_EXHAUSTION_CONFIRM_V1,DOGE,DOGEUSDT,strategy-lab-v1.0.0:SIE_OLD_MR_REGIME_EXHAUSTION_CONFIRM_V1,1791403200000,2026-10-07T20:00:00+00:00,0.08845,0.08889,0.08845,0.08886,28.4140969162994,0.08946799999999999,0.08744916271086528,0.0939463,0.0007250000000000005,0.008158901643033992,26.30385487528342,1.2499999999999905,False,TREND_SUPPORT_NOT_CONFIRMED|PLANNED_REWARD_TOO_LOW|CLOSE_NOT_NEAR_OR_BELOW_LOWER_BB|CLOSE_NOT_ABOVE_MA200
2026-10-07T23:01:31.552024+00:00,SIE_OLD_MR_REGIME_EXHAUSTION_CONFIRM_V1,DOGE,DOGEUSDT,strategy-lab-v1.0.0:SIE_OLD_MR_REGIME_EXHAUSTION_CONFIRM_V1,1791406800000,2026-10-07T21:00:00+00:00,0.08886,0.08887,0.08824,0.08845,25.45824847250499,0.089302,0.08753765762959659,0.0939095,0.000745714285714287,0.008430913348946151,28.4140969162994,1.2500000000000047,False,TREND_SUPPORT_NOT_CONFIRMED|CLOSE_NOT_NEAR_OR_BELOW_LOWER_BB|CLOSE_NOT_ABOVE_MA200|RSI_RECOVERY_NOT_CONFIRMED
2026-10-07T23:01:31.552024+00:00,SIE_OLD_MR_REGIME_EXHAUSTION_CONFIRM_V1,DOGE,DOGEUSDT,strategy-lab-v1.0.0:SIE_OLD_MR_REGIME_EXHAUSTION_CONFIRM_V1,1791410400000,2026-10-07T22:00:00+00:00,0.08844,0.08888,0.08842,0.08873,32.14285714285711,0.08923400000000001,0.08749168659535642,0.09387565,0.0007228571428571441,0.008146705092495708,25.45824847250499,1.2499999999999951,False,TREND_SUPPORT_NOT_CONFIRMED|PLANNED_REWARD_TOO_LOW|RSI_NOT_BELOW_32|CLOSE_NOT_NEAR_OR_BELOW_LOWER_BB|CLOSE_NOT_ABOVE_MA200
2026-10-07T23:01:31.552024+00:00,SIE_OLD_MR_REGIME_EXHAUSTION_CONFIRM_V1,BNB,BNBUSDT,strategy-lab-v1.0.0:SIE_OLD_MR_REGIME_EXHAUSTION_CONFIRM_V1,1791396000000,2026-10-07T18:00:00+00:00,769.2,772.22,769.13,771.95,58.89830508474587,769.943,762.3644668965602,775.7520999999999,3.9749999999999903,0.005149297234276818,53.88160226869916,1.249999999999993,False,TREND_SUPPORT_NOT_CONFIRMED|PLANNED_REWARD_TOO_LOW|RSI_NOT_BELOW_32|CLOSE_NOT_NEAR_OR_BELOW_LOWER_BB|CLOSE_NOT_ABOVE_MA200
2026-10-07T23:01:31.552024+00:00,SIE_OLD_MR_REGIME_EXHAUSTION_CONFIRM_V1,BNB,BNBUSDT,strategy-lab-v1.0.0:SIE_OLD_MR_REGIME_EXHAUSTION_CONFIRM_V1,1791399600000,2026-10-07T19:00:00+00:00,772.05,772.56,770.89,771.34,53.07064252751159,769.5565,763.1873139452572,775.7771999999999,3.837142857142843,0.004974645237045716,58.89830508474587,1.2499999999999927,False,TREND_SUPPORT_NOT_CONFIRMED|PLANNED_REWARD_TOO_LOW|RSI_NOT_BELOW_32|CLOSE_NOT_NEAR_OR_BELOW_LOWER_BB|CLOSE_NOT_ABOVE_MA200|RSI_RECOVERY_NOT_CONFIRMED
2026-10-07T23:01:31.552024+00:00,SIE_OLD_MR_REGIME_EXHAUSTION_CONFIRM_V1,BNB,BNBUSDT,strategy-lab-v1.0.0:SIE_OLD_MR_REGIME_EXHAUSTION_CONFIRM_V1,1791403200000,2026-10-07T20:00:00+00:00,771.34,772.25,769.67,770.79,54.42300691663625,769.164,764.2903344390563,775.8027000000001,3.8428571428571314,0.00498560845737118,53.07064252751159,1.25,False,TREND_SUPPORT_NOT_CONFIRMED|RSI_NOT_BELOW_32|CLOSE_NOT_NEAR_OR_BELOW_LOWER_BB|CLOSE_NOT_ABOVE_MA200|RSI_RECOVERY_NOT_CONFIRMED
2026-10-07T23:01:31.552024+00:00,SIE_OLD_MR_REGIME_EXHAUSTION_CONFIRM_V1,BNB,BNBUSDT,strategy-lab-v1.0.0:SIE_OLD_MR_REGIME_EXHAUSTION_CONFIRM_V1,1791406800000,2026-10-07T21:00:00+00:00,770.43,770.51,768.29,769.12,36.8210151380232,769.0915,764.2607018257924,775.82265,3.446428571428563,0.004481002407203769,54.42300691663625,1.2499999999999918,False,TREND_SUPPORT_NOT_CONFIRMED|PLANNED_REWARD_TOO_LOW|RSI_NOT_BELOW_32|CLOSE_NOT_NEAR_OR_BELOW_LOWER_BB|CLOSE_NOT_ABOVE_MA200|RSI_RECOVERY_NOT_CONFIRMED
2026-10-07T23:01:31.552024+00:00,SIE_OLD_MR_REGIME_EXHAUSTION_CONFIRM_V1,BNB,BNBUSDT,strategy-lab-v1.0.0:SIE_OLD_MR_REGIME_EXHAUSTION_CONFIRM_V1,1791410400000,2026-10-07T22:00:00+00:00,769.2,771.6,768.7,771.59,47.754557581147196,769.404,764.7801773390485,775.86195,3.432142857142854,0.004448143258910631,36.8210151380232,1.2500000000000082,False,TREND_SUPPORT_NOT_CONFIRMED|RSI_NOT_BELOW_32|CLOSE_NOT_NEAR_OR_BELOW_LOWER_BB|CLOSE_NOT_ABOVE_MA200
2026-10-07T23:01:31.552024+00:00,SIE_OLD_MR_REGIME_EXHAUSTION_CONFIRM_V1,PAXG,PAXGUSDT,strategy-lab-v1.0.0:SIE_OLD_MR_REGIME_EXHAUSTION_CONFIRM_V1,1791396000000,2026-10-07T18:00:00+00:00,4117.44,4126.81,4115.12,4117.77,34.050527484731205,4133.1135,4098.433474466544,4159.7386,13.824285714285939,0.0033572262934272526,30.431510286001185,1.2500000000000164,False,TREND_SUPPORT_NOT_CONFIRMED|RSI_NOT_BELOW_32|CLOSE_NOT_NEAR_OR_BELOW_LOWER_BB|CLOSE_NOT_ABOVE_MA200
2026-10-07T23:01:31.552024+00:00,SIE_OLD_MR_REGIME_EXHAUSTION_CONFIRM_V1,PAXG,PAXGUSDT,strategy-lab-v1.0.0:SIE_OLD_MR_REGIME_EXHAUSTION_CONFIRM_V1,1791399600000,2026-10-07T19:00:00+00:00,4117.88,4117.88,4109.13,4110.38,31.898569570871516,4130.1605,4098.423095900083,4159.4747,13.89571428571451,0.0033806398157139993,34.050527484731205,1.25,False,TREND_SUPPORT_NOT_CONFIRMED|CLOSE_NOT_NEAR_OR_BELOW_LOWER_BB|CLOSE_NOT_ABOVE_MA200|RSI_RECOVERY_NOT_CONFIRMED
2026-10-07T23:01:31.552024+00:00,SIE_OLD_MR_REGIME_EXHAUSTION_CONFIRM_V1,PAXG,PAXGUSDT,strategy-lab-v1.0.0:SIE_OLD_MR_REGIME_EXHAUSTION_CONFIRM_V1,1791403200000,2026-10-07T20:00:00+00:00,4112.26,4121.6,4111.43,4118.91,36.47501213003409,4128.130999999999,4099.080340179583,4159.26885,14.26500000000023,0.003463294900835471,31.898569570871516,1.249999999999984,False,TREND_SUPPORT_NOT_CONFIRMED|PLANNED_REWARD_TOO_LOW|RSI_NOT_BELOW_32|CLOSE_NOT_NEAR_OR_BELOW_LOWER_BB|CLOSE_NOT_ABOVE_MA200
2026-10-07T23:01:31.552024+00:00,SIE_OLD_MR_REGIME_EXHAUSTION_CONFIRM_V1,PAXG,PAXGUSDT,strategy-lab-v1.0.0:SIE_OLD_MR_REGIME_EXHAUSTION_CONFIRM_V1,1791406800000,2026-10-07T21:00:00+00:00,4118.91,4122.67,4118.91,4122.39,38.395482884367084,4126.607,4099.79583210299,4159.04925,13.840000000000243,0.0033572757550838815,36.47501213003409,1.25,False,TREND_SUPPORT_NOT_CONFIRMED|RSI_NOT_BELOW_32|CLOSE_NOT_NEAR_OR_BELOW_LOWER_BB|CLOSE_NOT_ABOVE_MA200
2026-10-07T23:01:31.552024+00:00,SIE_OLD_MR_REGIME_EXHAUSTION_CONFIRM_V1,PAXG,PAXGUSDT,strategy-lab-v1.0.0:SIE_OLD_MR_REGIME_EXHAUSTION_CONFIRM_V1,1791410400000,2026-10-07T22:00:00+00:00,4122.41,4122.41,4111.91,4114.01,38.50873053327094,4124.9095,4099.45641651289,4158.740400000001,13.623571428571625,0.0033115066391602413,38.395482884367084,1.2500000000000167,False,TREND_SUPPORT_NOT_CONFIRMED|RSI_NOT_BELOW_32|CLOSE_NOT_NEAR_OR_BELOW_LOWER_BB|CLOSE_NOT_ABOVE_MA200|RSI_RECOVERY_NOT_CONFIRMED
2026-10-08T05:53:16.014823+00:00,SIE_OLD_MR_REGIME_EXHAUSTION_CONFIRM_V1,BTC,BTCUSDT,strategy-lab-v1.0.0:SIE_OLD_MR_REGIME_EXHAUSTION_CONFIRM_V1,1791414000000,2026-10-07T23:00:00+00:00,83188.14,83372.0,83065.98,83275.06,39.030821062064234,83548.843,82764.54423434747,84774.28055,411.2000000000002,0.004937852941805148,34.61172928283665,1.2500000000000089,False,TREND_SUPPORT_NOT_CONFIRMED|RSI_NOT_BELOW_32|CLOSE_NOT_NEAR_OR_BELOW_LOWER_BB|CLOSE_NOT_ABOVE_MA200
2026-10-08T05:53:16.014823+00:00,SIE_OLD_MR_REGIME_EXHAUSTION_CONFIRM_V1,BTC,BTCUSDT,strategy-lab-v1.0.0:SIE_OLD_MR_REGIME_EXHAUSTION_CONFIRM_V1,1791417600000,2026-10-08T00:00:00+00:00,83275.05,83392.03,83160.61,83327.15,41.497918715104156,83511.41,82760.53694196683,84775.78315000002,390.6714285714292,0.004688405022509821,39.030821062064234,1.2500000000000187,False,TREND_SUPPORT_NOT_CONFIRMED|RSI_NOT_BELOW_32|CLOSE_NOT_NEAR_OR_BELOW_LOWER_BB|CLOSE_NOT_ABOVE_MA200
2026-10-08T05:53:16.014823+00:00,SIE_OLD_MR_REGIME_EXHAUSTION_CONFIRM_V1,BTC,BTCUSDT,strategy-lab-v1.0.0:SIE_OLD_MR_REGIME_EXHAUSTION_CONFIRM_V1,1791421200000,2026-10-08T01:00:00+00:00,83318.77,83473.42,83034.57,83056.97,37.297511941977746,83449.06950000001,82767.8954423179,84775.8278,399.7992857142859,0.004813554909531203,41.497918715104156,1.25,False,TREND_SUPPORT_NOT_CONFIRMED|RSI_NOT_BELOW_32|CLOSE_NOT_NEAR_OR_BELOW_LOWER_BB|CLOSE_NOT_ABOVE_MA200|RSI_RECOVERY_NOT_CONFIRMED
2026-10-08T05:53:16.014823+00:00,SIE_OLD_MR_REGIME_EXHAUSTION_CONFIRM_V1,BTC,BTCUSDT,strategy-lab-v1.0.0:SIE_OLD_MR_REGIME_EXHAUSTION_CONFIRM_V1,1791424800000,2026-10-08T02:00:00+00:00,83056.97,83243.1,82853.34,83116.08,42.69583686627419,83394.87299999999,82793.50528476735,84773.3583,401.84785714285783,0.004834778747299654,37.297511941977746,1.25,False,TREND_SUPPORT_NOT_CONFIRMED|RSI_NOT_BELOW_32|CLOSE_NOT_NEAR_OR_BELOW_LOWER_BB|CLOSE_NOT_ABOVE_MA200
2026-10-08T05:53:16.014823+00:00,SIE_OLD_MR_REGIME_EXHAUSTION_CONFIRM_V1,BTC,BTCUSDT,strategy-lab-v1.0.0:SIE_OLD_MR_REGIME_EXHAUSTION_CONFIRM_V1,1791428400000,2026-10-08T03:00:00+00:00,83116.09,83153.8,82590.0,82695.56,41.03983505953247,83324.647,82741.32829085023,84768.97755000001,384.5592857142869,0.004650301487943088,42.69583686627419,1.25,False,TREND_SUPPORT_NOT_CONFIRMED|RSI_NOT_BELOW_32|CLOSE_NOT_ABOVE_MA200|RSI_RECOVERY_NOT_CONFIRMED
2026-10-08T05:53:16.014823+00:00,SIE_OLD_MR_REGIME_EXHAUSTION_CONFIRM_V1,BTC,BTCUSDT,strategy-lab-v1.0.0:SIE_OLD_MR_REGIME_EXHAUSTION_CONFIRM_V1,1791432000000,2026-10-08T04:00:00+00:00,82695.56,82878.0,82161.31,82593.12,42.16941394978584,83258.102,82660.00123920447,84764.02975000002,406.587142857144,0.0049227725367094015,41.03983505953247,1.25,False,TREND_SUPPORT_NOT_CONFIRMED|RSI_NOT_BELOW_32|CLOSE_NOT_ABOVE_MA200|RSI_RECOVERY_NOT_CONFIRMED
2026-10-08T05:53:16.014823+00:00,SIE_OLD_MR_REGIME_EXHAUSTION_CONFIRM_V1,BTC,BTCUSDT,strategy-lab-v1.0.0:SIE_OLD_MR_REGIME_EXHAUSTION_CONFIRM_V1,1791435600000,2026-10-08T05:00:00+00:00,82593.11,82977.23,82504.0,82869.44,37.7790069049193,83212.36,82642.97948547549,84761.00715,391.5078571428572,0.0047243936624026565,42.16941394978584,1.2500000000000187,False,TREND_SUPPORT_NOT_CONFIRMED|RSI_NOT_BELOW_32|CLOSE_NOT_NEAR_OR_BELOW_LOWER_BB|CLOSE_NOT_ABOVE_MA200|RSI_RECOVERY_NOT_CONFIRMED
2026-10-08T05:53:16.014823+00:00,SIE_OLD_MR_REGIME_EXHAUSTION_CONFIRM_V1,SOL,SOLUSDT,strategy-lab-v1.0.0:SIE_OLD_MR_REGIME_EXHAUSTION_CONFIRM_V1,1791414000000,2026-10-07T23:00:00+00:00,115.96,116.35,115.89,116.25,36.4298724954463,116.9485,114.82963922118498,119.52780000000001,0.8735714285714268,0.007514592933947757,30.141843971631246,1.250000000000004,False,TREND_SUPPORT_NOT_CONFIRMED|RSI_NOT_BELOW_32|CLOSE_NOT_NEAR_OR_BELOW_LOWER_BB|CLOSE_NOT_ABOVE_MA200
2026-10-08T05:53:16.014823+00:00,SIE_OLD_MR_REGIME_EXHAUSTION_CONFIRM_V1,SOL,SOLUSDT,strategy-lab-v1.0.0:SIE_OLD_MR_REGIME_EXHAUSTION_CONFIRM_V1,1791417600000,2026-10-08T00:00:00+00:00,116.22,116.5,116.07,116.36,38.50364963503645,116.864,114.79334406527772,119.51950000000001,0.8214285714285704,0.007059372391101499,36.4298724954463,1.2499999999999958,False,TREND_SUPPORT_NOT_CONFIRMED|PLANNED_REWARD_TOO_LOW|RSI_NOT_BELOW_32|CLOSE_NOT_NEAR_OR_BELOW_LOWER_BB|CLOSE_NOT_ABOVE_MA200
2026-10-08T05:53:16.014823+00:00,SIE_OLD_MR_REGIME_EXHAUSTION_CONFIRM_V1,SOL,SOLUSDT,strategy-lab-v1.0.0:SIE_OLD_MR_REGIME_EXHAUSTION_CONFIRM_V1,1791421200000,2026-10-08T01:00:00+00:00,116.34,116.77,115.95,116.02,38.224637681159436,116.724,114.83019536382427,119.51115,0.8249999999999987,0.00711084295811066,38.50364963503645,1.2499999999999958,False,TREND_SUPPORT_NOT_CONFIRMED|PLANNED_REWARD_TOO_LOW|RSI_NOT_BELOW_32|CLOSE_NOT_NEAR_OR_BELOW_LOWER_BB|CLOSE_NOT_ABOVE_MA200|RSI_RECOVERY_NOT_CONFIRMED
2026-10-08T05:53:16.014823+00:00,SIE_OLD_MR_REGIME_EXHAUSTION_CONFIRM_V1,SOL,SOLUSDT,strategy-lab-v1.0.0:SIE_OLD_MR_REGIME_EXHAUSTION_CONFIRM_V1,1791424800000,2026-10-08T02:00:00+00:00,116.04,116.69,115.9,116.42,50.604838709677445,116.606,114.96165940267817,119.49765,0.7835714285714275,0.006730556850811093,38.224637681159436,1.250000000000009,False,TREND_SUPPORT_NOT_CONFIRMED|RSI_NOT_BELOW_32|CLOSE_NOT_NEAR_OR_BELOW_LOWER_BB|CLOSE_NOT_ABOVE_MA200
2026-10-08T05:53:16.014823+00:00,SIE_OLD_MR_REGIME_EXHAUSTION_CONFIRM_V1,SOL,SOLUSDT,strategy-lab-v1.0.0:SIE_OLD_MR_REGIME_EXHAUSTION_CONFIRM_V1,1791428400000,2026-10-08T03:00:00+00:00,116.43,116.51,115.6,115.66,45.38878842676308,116.46,115.03935226041048,119.48205,0.7728571428571424,0.006682147180158589,50.604838709677445,1.2500000000000047,False,TREND_SUPPORT_NOT_CONFIRMED|RSI_NOT_BELOW_32|CLOSE_NOT_NEAR_OR_BELOW_LOWER_BB|CLOSE_NOT_ABOVE_MA200|RSI_RECOVERY_NOT_CONFIRMED
2026-10-08T05:53:16.014823+00:00,SIE_OLD_MR_REGIME_EXHAUSTION_CONFIRM_V1,SOL,SOLUSDT,strategy-lab-v1.0.0:SIE_OLD_MR_REGIME_EXHAUSTION_CONFIRM_V1,1791432000000,2026-10-08T04:00:00+00:00,115.66,115.7,114.13,114.92,42.32715008431707,116.2965,114.959693731313,119.46155,0.8435714285714287,0.0073405101685644686,45.38878842676308,1.2499999999999958,False,TREND_SUPPORT_NOT_CONFIRMED|PLANNED_REWARD_TOO_LOW|RSI_NOT_BELOW_32|CLOSE_NOT_ABOVE_MA200|RSI_RECOVERY_NOT_CONFIRMED
2026-10-08T05:53:16.014823+00:00,SIE_OLD_MR_REGIME_EXHAUSTION_CONFIRM_V1,SOL,SOLUSDT,strategy-lab-v1.0.0:SIE_OLD_MR_REGIME_EXHAUSTION_CONFIRM_V1,1791435600000,2026-10-08T05:00:00+00:00,114.91,115.73,114.89,115.17,35.3497164461248,116.168,114.91977566118871,119.4429,0.8178571428571431,0.007101303662908249,42.32715008431707,1.2499999999999956,False,TREND_SUPPORT_NOT_CONFIRMED|PLANNED_REWARD_TOO_LOW|RSI_NOT_BELOW_32|CLOSE_NOT_NEAR_OR_BELOW_LOWER_BB|CLOSE_NOT_ABOVE_MA200|RSI_RECOVERY_NOT_CONFIRMED
2026-10-08T05:53:16.014823+00:00,SIE_OLD_MR_REGIME_EXHAUSTION_CONFIRM_V1,XRP,XRPUSDT,strategy-lab-v1.0.0:SIE_OLD_MR_REGIME_EXHAUSTION_CONFIRM_V1,1791414000000,2026-10-07T23:00:00+00:00,1.417,1.4224,1.415,1.4207,29.988052568697952,1.4397199999999999,1.3992412351967076,1.4933455,0.012728571428571407,0.008959366107250937,24.08675799086781,1.2499999999999956,False,TREND_SUPPORT_NOT_CONFIRMED|PLANNED_REWARD_TOO_LOW|CLOSE_NOT_NEAR_OR_BELOW_LOWER_BB|CLOSE_NOT_ABOVE_MA200
2026-10-08T05:53:16.014823+00:00,SIE_OLD_MR_REGIME_EXHAUSTION_CONFIRM_V1,XRP,XRPUSDT,strategy-lab-v1.0.0:SIE_OLD_MR_REGIME_EXHAUSTION_CONFIRM_V1,1791417600000,2026-10-08T00:00:00+00:00,1.4205,1.4243,1.4186,1.4231,33.41433778857855,1.43775,1.3980704586720027,1.4930335,0.012314285714285675,0.008653141532067792,29.988052568697952,1.2500000000000044,False,TREND_SUPPORT_NOT_CONFIRMED|RSI_NOT_BELOW_32|CLOSE_NOT_NEAR_OR_BELOW_LOWER_BB|CLOSE_NOT_ABOVE_MA200
2026-10-08T05:53:16.014823+00:00,SIE_OLD_MR_REGIME_EXHAUSTION_CONFIRM_V1,XRP,XRPUSDT,strategy-lab-v1.0.0:SIE_OLD_MR_REGIME_EXHAUSTION_CONFIRM_V1,1791421200000,2026-10-08T01:00:00+00:00,1.423,1.4287,1.4202,1.4227,34.810126582278585,1.43526,1.3984706863342047,1.4927375,0.01210714285714284,0.008509976001365601,33.41433778857855,1.249999999999991,False,TREND_SUPPORT_NOT_CONFIRMED|PLANNED_REWARD_TOO_LOW|RSI_NOT_BELOW_32|CLOSE_NOT_NEAR_OR_BELOW_LOWER_BB|CLOSE_NOT_ABOVE_MA200|RSI_RECOVERY_NOT_CONFIRMED
2026-10-08T05:53:16.014823+00:00,SIE_OLD_MR_REGIME_EXHAUSTION_CONFIRM_V1,XRP,XRPUSDT,strategy-lab-v1.0.0:SIE_OLD_MR_REGIME_EXHAUSTION_CONFIRM_V1,1791424800000,2026-10-08T02:00:00+00:00,1.4227,1.4273,1.4191,1.4254,37.98742138364792,1.43279,1.4006059729057987,1.4923675,0.01199999999999998,0.008418689490669271,34.810126582278585,1.2500000000000093,False,TREND_SUPPORT_NOT_CONFIRMED|RSI_NOT_BELOW_32|CLOSE_NOT_NEAR_OR_BELOW_LOWER_BB|CLOSE_NOT_ABOVE_MA200
2026-10-08T05:53:16.014823+00:00,SIE_OLD_MR_REGIME_EXHAUSTION_CONFIRM_V1,XRP,XRPUSDT,strategy-lab-v1.0.0:SIE_OLD_MR_REGIME_EXHAUSTION_CONFIRM_V1,1791428400000,2026-10-08T03:00:00+00:00,1.4254,1.4274,1.4146,1.416,38.96774193548388,1.43001,1.4024412568295126,1.4919829999999998,0.011371428571428541,0.008030669895076654,37.98742138364792,1.25,False,TREND_SUPPORT_NOT_CONFIRMED|RSI_NOT_BELOW_32|CLOSE_NOT_NEAR_OR_BELOW_LOWER_BB|CLOSE_NOT_ABOVE_MA200|RSI_RECOVERY_NOT_CONFIRMED
2026-10-08T05:53:16.014823+00:00,SIE_OLD_MR_REGIME_EXHAUSTION_CONFIRM_V1,XRP,XRPUSDT,strategy-lab-v1.0.0:SIE_OLD_MR_REGIME_EXHAUSTION_CONFIRM_V1,1791432000000,2026-10-08T04:00:00+00:00,1.4162,1.417,1.3882,1.401,35.28037383177582,1.426955,1.400781236418881,1.4915075,0.012657142857142827,0.009034363209952054,38.96774193548388,1.25,False,TREND_SUPPORT_NOT_CONFIRMED|RSI_NOT_BELOW_32|CLOSE_NOT_ABOVE_MA200|RSI_RECOVERY_NOT_CONFIRMED
2026-10-08T05:53:16.014823+00:00,SIE_OLD_MR_REGIME_EXHAUSTION_CONFIRM_V1,XRP,XRPUSDT,strategy-lab-v1.0.0:SIE_OLD_MR_REGIME_EXHAUSTION_CONFIRM_V1,1791435600000,2026-10-08T05:00:00+00:00,1.4007,1.412,1.4002,1.4046,31.857318573185893,1.424475,1.3997372656655802,1.491055,0.01259999999999996,0.008970525416488651,35.28037383177582,1.25,False,TREND_SUPPORT_NOT_CONFIRMED|CLOSE_NOT_NEAR_OR_BELOW_LOWER_BB|CLOSE_NOT_ABOVE_MA200|RSI_RECOVERY_NOT_CONFIRMED
2026-10-08T05:53:16.014823+00:00,SIE_OLD_MR_REGIME_EXHAUSTION_CONFIRM_V1,DOGE,DOGEUSDT,strategy-lab-v1.0.0:SIE_OLD_MR_REGIME_EXHAUSTION_CONFIRM_V1,1791414000000,2026-10-07T23:00:00+00:00,0.0887,0.08901,0.08854,0.08899,42.31678486997633,0.0891745,0.08748156792811977,0.09385199999999999,0.000680000000000002,0.007641308012136218,31.856540084388058,1.250000000000005,False,TREND_SUPPORT_NOT_CONFIRMED|RSI_NOT_BELOW_32|CLOSE_NOT_NEAR_OR_BELOW_LOWER_BB|CLOSE_NOT_ABOVE_MA200
2026-10-08T05:53:16.014823+00:00,SIE_OLD_MR_REGIME_EXHAUSTION_CONFIRM_V1,DOGE,DOGEUSDT,strategy-lab-v1.0.0:SIE_OLD_MR_REGIME_EXHAUSTION_CONFIRM_V1,1791417600000,2026-10-08T00:00:00+00:00,0.08897,0.0894,0.08881,0.08931,48.84259259259255,0.08915100000000001,0.08747942708803934,0.09383190000000001,0.0006485714285714299,0.0072620247292736525,42.31678486997633,1.2500000000000053,False,TREND_SUPPORT_NOT_CONFIRMED|RSI_NOT_BELOW_32|CLOSE_NOT_NEAR_OR_BELOW_LOWER_BB|CLOSE_NOT_ABOVE_MA200
2026-10-08T05:53:16.014823+00:00,SIE_OLD_MR_REGIME_EXHAUSTION_CONFIRM_V1,DOGE,DOGEUSDT,strategy-lab-v1.0.0:SIE_OLD_MR_REGIME_EXHAUSTION_CONFIRM_V1,1791421200000,2026-10-08T01:00:00+00:00,0.08935,0.08967,0.08891,0.08893,50.59952038369298,0.089071,0.08752245358480906,0.09381039999999999,0.0006550000000000018,0.0073653435286180355,48.84259259259255,1.2500000000000053,False,TREND_SUPPORT_NOT_CONFIRMED|RSI_NOT_BELOW_32|CLOSE_NOT_NEAR_OR_BELOW_LOWER_BB|CLOSE_NOT_ABOVE_MA200|RSI_RECOVERY_NOT_CONFIRMED
2026-10-08T05:53:16.014823+00:00,SIE_OLD_MR_REGIME_EXHAUSTION_CONFIRM_V1,DOGE,DOGEUSDT,strategy-lab-v1.0.0:SIE_OLD_MR_REGIME_EXHAUSTION_CONFIRM_V1,1791424800000,2026-10-08T02:00:00+00:00,0.08895,0.08932,0.08881,0.08904,53.623188405797066,0.08898199999999999,0.08765734759276228,0.09378494999999999,0.0006457142857142871,0.0072519573867282925,50.59952038369298,1.2500000000000053,False,TREND_SUPPORT_NOT_CONFIRMED|RSI_NOT_BELOW_32|CLOSE_NOT_NEAR_OR_BELOW_LOWER_BB|CLOSE_NOT_ABOVE_MA200
2026-10-08T05:53:16.014823+00:00,SIE_OLD_MR_REGIME_EXHAUSTION_CONFIRM_V1,DOGE,DOGEUSDT,strategy-lab-v1.0.0:SIE_OLD_MR_REGIME_EXHAUSTION_CONFIRM_V1,1791428400000,2026-10-08T03:00:00+00:00,0.08901,0.08916,0.0885,0.08851,49.55357142857144,0.0888645,0.08784535378870319,0.09375935,0.0006200000000000025,0.007004858208112106,53.623188405797066,1.2500000000000056,False,TREND_SUPPORT_NOT_CONFIRMED|RSI_NOT_BELOW_32|CLOSE_NOT_NEAR_OR_BELOW_LOWER_BB|CLOSE_NOT_ABOVE_MA200|RSI_RECOVERY_NOT_CONFIRMED
2026-10-08T05:53:16.014823+00:00,SIE_OLD_MR_REGIME_EXHAUSTION_CONFIRM_V1,DOGE,DOGEUSDT,strategy-lab-v1.0.0:SIE_OLD_MR_REGIME_EXHAUSTION_CONFIRM_V1,1791432000000,2026-10-08T04:00:00+00:00,0.0885,0.0887,0.08526,0.08729,41.88679245283015,0.0887075,0.08773502120845716,0.09372585000000001,0.0008314285714285732,0.009524900577713062,49.55357142857144,1.2500000000000084,False,TREND_SUPPORT_NOT_CONFIRMED|RSI_NOT_BELOW_32|CLOSE_NOT_ABOVE_MA200|RSI_RECOVERY_NOT_CONFIRMED
2026-10-08T05:53:16.014823+00:00,SIE_OLD_MR_REGIME_EXHAUSTION_CONFIRM_V1,DOGE,DOGEUSDT,strategy-lab-v1.0.0:SIE_OLD_MR_REGIME_EXHAUSTION_CONFIRM_V1,1791435600000,2026-10-08T05:00:00+00:00,0.0873,0.08792,0.08724,0.08726,33.547008547008474,0.0885885,0.08752350657278996,0.09369174999999999,0.0008042857142857157,0.00921711797256149,41.88679245283015,1.2499999999999958,False,TREND_SUPPORT_NOT_CONFIRMED|PLANNED_REWARD_TOO_LOW|RSI_NOT_BELOW_32|CLOSE_NOT_ABOVE_MA200|RSI_RECOVERY_NOT_CONFIRMED
2026-10-08T05:53:16.014823+00:00,SIE_OLD_MR_REGIME_EXHAUSTION_CONFIRM_V1,BNB,BNBUSDT,strategy-lab-v1.0.0:SIE_OLD_MR_REGIME_EXHAUSTION_CONFIRM_V1,1791414000000,2026-10-07T23:00:00+00:00,771.98,773.57,771.69,771.9,55.611474584801286,769.6545,765.0598619293877,775.9539500000001,3.2835714285714226,0.004253881886994977,47.754557581147196,1.2500000000000087,False,TREND_SUPPORT_NOT_CONFIRMED|RSI_NOT_BELOW_32|CLOSE_NOT_NEAR_OR_BELOW_LOWER_BB|CLOSE_NOT_ABOVE_MA200
2026-10-08T05:53:16.014823+00:00,SIE_OLD_MR_REGIME_EXHAUSTION_CONFIRM_V1,BNB,BNBUSDT,strategy-lab-v1.0.0:SIE_OLD_MR_REGIME_EXHAUSTION_CONFIRM_V1,1791417600000,2026-10-08T00:00:00+00:00,771.92,774.0,771.92,773.61,67.47752511898473,770.0105,765.348940282489,776.0541499999999,3.125714285714277,0.0040404264237978785,55.611474584801286,1.250000000000009,False,TREND_SUPPORT_NOT_CONFIRMED|RSI_NOT_BELOW_32|CLOSE_NOT_NEAR_OR_BELOW_LOWER_BB|CLOSE_NOT_ABOVE_MA200
2026-10-08T05:53:16.014823+00:00,SIE_OLD_MR_REGIME_EXHAUSTION_CONFIRM_V1,BNB,BNBUSDT,strategy-lab-v1.0.0:SIE_OLD_MR_REGIME_EXHAUSTION_CONFIRM_V1,1791421200000,2026-10-08T01:00:00+00:00,773.91,775.65,771.96,771.96,61.23260437375747,770.128,765.3948251669814,776.1524,3.2014285714285586,0.004147143079212081,67.47752511898473,1.25,False,TREND_SUPPORT_NOT_CONFIRMED|RSI_NOT_BELOW_32|CLOSE_NOT_NEAR_OR_BELOW_LOWER_BB|CLOSE_NOT_ABOVE_MA200|RSI_RECOVERY_NOT_CONFIRMED
2026-10-08T05:53:16.014823+00:00,SIE_OLD_MR_REGIME_EXHAUSTION_CONFIRM_V1,BNB,BNBUSDT,strategy-lab-v1.0.0:SIE_OLD_MR_REGIME_EXHAUSTION_CONFIRM_V1,1791424800000,2026-10-08T02:00:00+00:00,771.6,774.11,771.36,772.97,63.749402199904445,770.3585,765.5438711461918,776.24025,3.1485714285714153,0.004073342340027964,61.23260437375747,1.249999999999991,False,TREND_SUPPORT_NOT_CONFIRMED|PLANNED_REWARD_TOO_LOW|RSI_NOT_BELOW_32|CLOSE_NOT_NEAR_OR_BELOW_LOWER_BB|CLOSE_NOT_ABOVE_MA200
2026-10-08T05:53:16.014823+00:00,SIE_OLD_MR_REGIME_EXHAUSTION_CONFIRM_V1,BNB,BNBUSDT,strategy-lab-v1.0.0:SIE_OLD_MR_REGIME_EXHAUSTION_CONFIRM_V1,1791428400000,2026-10-08T03:00:00+00:00,772.87,773.5,769.17,769.25,53.95273023634893,770.0690000000001,765.7437397766238,776.3116,3.079285714285707,0.004002971354287562,63.749402199904445,1.2499999999999907,False,TREND_SUPPORT_NOT_CONFIRMED|PLANNED_REWARD_TOO_LOW|RSI_NOT_BELOW_32|CLOSE_NOT_NEAR_OR_BELOW_LOWER_BB|CLOSE_NOT_ABOVE_MA200|RSI_RECOVERY_NOT_CONFIRMED
2026-10-08T05:53:16.014823+00:00,SIE_OLD_MR_REGIME_EXHAUSTION_CONFIRM_V1,BNB,BNBUSDT,strategy-lab-v1.0.0:SIE_OLD_MR_REGIME_EXHAUSTION_CONFIRM_V1,1791432000000,2026-10-08T04:00:00+00:00,769.26,769.28,762.0,766.43,50.399695470117855,769.7605000000001,765.3226560415085,776.35475,3.4285714285714204,0.004473430618023069,53.95273023634893,1.2500000000000082,False,TREND_SUPPORT_NOT_CONFIRMED|RSI_NOT_BELOW_32|CLOSE_NOT_NEAR_OR_BELOW_LOWER_BB|CLOSE_NOT_ABOVE_MA200|RSI_RECOVERY_NOT_CONFIRMED
2026-10-08T05:53:16.014823+00:00,SIE_OLD_MR_REGIME_EXHAUSTION_CONFIRM_V1,BNB,BNBUSDT,strategy-lab-v1.0.0:SIE_OLD_MR_REGIME_EXHAUSTION_CONFIRM_V1,1791435600000,2026-10-08T05:00:00+00:00,766.8,770.94,766.79,770.16,51.651205936920185,769.7850000000001,765.3440158748404,776.4223,3.394285714285713,0.00440724747362329,50.399695470117855,1.2499999999999916,False,TREND_SUPPORT_NOT_CONFIRMED|PLANNED_REWARD_TOO_LOW|RSI_NOT_BELOW_32|CLOSE_NOT_NEAR_OR_BELOW_LOWER_BB|CLOSE_NOT_ABOVE_MA200
2026-10-08T05:53:16.014823+00:00,SIE_OLD_MR_REGIME_EXHAUSTION_CONFIRM_V1,PAXG,PAXGUSDT,strategy-lab-v1.0.0:SIE_OLD_MR_REGIME_EXHAUSTION_CONFIRM_V1,1791414000000,2026-10-07T23:00:00+00:00,4115.63,4121.77,4115.63,4117.45,41.69666426685876,4123.413500000001,4100.36151763401,4158.513349999999,13.700000000000175,0.0033273020923144606,39.122617763394956,1.2500000000000167,False,TREND_SUPPORT_NOT_CONFIRMED|RSI_NOT_BELOW_32|CLOSE_NOT_NEAR_OR_BELOW_LOWER_BB|CLOSE_NOT_ABOVE_MA200
2026-10-08T05:53:16.014823+00:00,SIE_OLD_MR_REGIME_EXHAUSTION_CONFIRM_V1,PAXG,PAXGUSDT,strategy-lab-v1.0.0:SIE_OLD_MR_REGIME_EXHAUSTION_CONFIRM_V1,1791417600000,2026-10-08T00:00:00+00:00,4116.89,4132.2,4114.1,4132.2,51.27408328154132,4122.986,4100.940761602515,4158.4095,14.356428571428653,0.0034742821188298374,41.69666426685876,1.2499999999999842,False,TREND_SUPPORT_NOT_CONFIRMED|PLANNED_REWARD_TOO_LOW|RSI_NOT_BELOW_32|CLOSE_NOT_NEAR_OR_BELOW_LOWER_BB|CLOSE_NOT_ABOVE_MA200
2026-10-08T05:53:16.014823+00:00,SIE_OLD_MR_REGIME_EXHAUSTION_CONFIRM_V1,PAXG,PAXGUSDT,strategy-lab-v1.0.0:SIE_OLD_MR_REGIME_EXHAUSTION_CONFIRM_V1,1791421200000,2026-10-08T01:00:00+00:00,4136.69,4142.98,4126.36,4139.37,53.319440309615715,4123.0435,4100.834235018871,4158.35135,14.959285714285832,0.0036139039791769838,51.27408328154132,1.249999999999985,False,TREND_SUPPORT_NOT_CONFIRMED|PLANNED_REWARD_TOO_LOW|RSI_NOT_BELOW_32|CLOSE_NOT_NEAR_OR_BELOW_LOWER_BB|CLOSE_NOT_ABOVE_MA200
2026-10-08T05:53:16.014823+00:00,SIE_OLD_MR_REGIME_EXHAUSTION_CONFIRM_V1,PAXG,PAXGUSDT,strategy-lab-v1.0.0:SIE_OLD_MR_REGIME_EXHAUSTION_CONFIRM_V1,1791424800000,2026-10-08T02:00:00+00:00,4139.27,4149.0,4139.27,4141.43,77.91899441340766,4123.0545,4100.809066783226,4158.17375,11.872857142857194,0.002866849649241251,53.319440309615715,1.250000000000019,False,TREND_SUPPORT_NOT_CONFIRMED|RSI_NOT_BELOW_32|CLOSE_NOT_NEAR_OR_BELOW_LOWER_BB|CLOSE_NOT_ABOVE_MA200
2026-10-08T05:53:16.014823+00:00,SIE_OLD_MR_REGIME_EXHAUSTION_CONFIRM_V1,PAXG,PAXGUSDT,strategy-lab-v1.0.0:SIE_OLD_MR_REGIME_EXHAUSTION_CONFIRM_V1,1791428400000,2026-10-08T03:00:00+00:00,4140.86,4146.16,4134.87,4142.55,74.75247524752444,4123.075999999999,4100.756194982886,4157.9739,11.362142857142901,0.002742789551639184,77.91899441340766,1.24999999999998,False,TREND_SUPPORT_NOT_CONFIRMED|PLANNED_REWARD_TOO_LOW|RSI_NOT_BELOW_32|CLOSE_NOT_NEAR_OR_BELOW_LOWER_BB|CLOSE_NOT_ABOVE_MA200|RSI_RECOVERY_NOT_CONFIRMED
2026-10-08T05:53:16.014823+00:00,SIE_OLD_MR_REGIME_EXHAUSTION_CONFIRM_V1,PAXG,PAXGUSDT,strategy-lab-v1.0.0:SIE_OLD_MR_REGIME_EXHAUSTION_CONFIRM_V1,1791432000000,2026-10-08T04:00:00+00:00,4145.3,4148.14,4136.52,4137.56,67.40833594484491,4123.279500000001,4100.513845627636,4157.7192,11.27714285714293,0.0027255539151439323,74.75247524752444,1.25,False,TREND_SUPPORT_NOT_CONFIRMED|RSI_NOT_BELOW_32|CLOSE_NOT_NEAR_OR_BELOW_LOWER_BB|CLOSE_NOT_ABOVE_MA200|RSI_RECOVERY_NOT_CONFIRMED
2026-10-08T05:53:16.014823+00:00,SIE_OLD_MR_REGIME_EXHAUSTION_CONFIRM_V1,PAXG,PAXGUSDT,strategy-lab-v1.0.0:SIE_OLD_MR_REGIME_EXHAUSTION_CONFIRM_V1,1791435600000,2026-10-08T05:00:00+00:00,4139.18,4140.01,4127.57,4127.57,59.38707896189894,4123.0935,4100.532810936898,4157.42115,11.437857142857215,0.0027710873814029116,67.40833594484491,1.25,False,TREND_SUPPORT_NOT_CONFIRMED|RSI_NOT_BELOW_32|CLOSE_NOT_NEAR_OR_BELOW_LOWER_BB|CLOSE_NOT_ABOVE_MA200|RSI_RECOVERY_NOT_CONFIRMED
2026-10-08T13:19:28.173775+00:00,SIE_OLD_MR_REGIME_EXHAUSTION_CONFIRM_V1,BTC,BTCUSDT,strategy-lab-v1.0.0:SIE_OLD_MR_REGIME_EXHAUSTION_CONFIRM_V1,1791439200000,2026-10-08T06:00:00+00:00,82624.89,82905.61,82437.96,82813.61,37.429387886415185,83154.82749999998,82574.50455567049,84755.93690000002,400.20714285714246,0.00483262525153948,30.16111428199501,1.25,False,TREND_SUPPORT_NOT_CONFIRMED|RSI_NOT_BELOW_32|CLOSE_NOT_NEAR_OR_BELOW_LOWER_BB|CLOSE_NOT_ABOVE_MA200
2026-10-08T13:19:28.173775+00:00,SIE_OLD_MR_REGIME_EXHAUSTION_CONFIRM_V1,BTC,BTCUSDT,strategy-lab-v1.0.0:SIE_OLD_MR_REGIME_EXHAUSTION_CONFIRM_V1,1791442800000,2026-10-08T07:00:00+00:00,82813.61,83234.22,82654.3,82938.67,45.99993975056744,83116.284,82588.42423114441,84752.43815,398.21071428571406,0.0048012671807458945,37.429387886415185,1.250000000000009,False,TREND_SUPPORT_NOT_CONFIRMED|RSI_NOT_BELOW_32|CLOSE_NOT_NEAR_OR_BELOW_LOWER_BB|CLOSE_NOT_ABOVE_MA200
2026-10-08T13:19:28.173775+00:00,SIE_OLD_MR_REGIME_EXHAUSTION_CONFIRM_V1,BTC,BTCUSDT,strategy-lab-v1.0.0:SIE_OLD_MR_REGIME_EXHAUSTION_CONFIRM_V1,1791446400000,2026-10-08T08:00:00+00:00,82938.67,83007.5,82725.8,82811.97,34.79041461456703,83083.6775,82565.30561770382,84749.40659999999,394.2871428571431,0.004761233706397072,45.99993975056744,1.2500000000000093,False,TREND_SUPPORT_NOT_CONFIRMED|RSI_NOT_BELOW_32|CLOSE_NOT_NEAR_OR_BELOW_LOWER_BB|CLOSE_NOT_ABOVE_MA200|RSI_RECOVERY_NOT_CONFIRMED
2026-10-08T13:19:28.173775+00:00,SIE_OLD_MR_REGIME_EXHAUSTION_CONFIRM_V1,BTC,BTCUSDT,strategy-lab-v1.0.0:SIE_OLD_MR_REGIME_EXHAUSTION_CONFIRM_V1,1791450000000,2026-10-08T09:00:00+00:00,82811.98,83115.55,82752.25,83059.87,41.9854364012759,83079.68549999999,82561.87173492678,84747.68219999998,403.3800000000005,0.0048564968859209695,34.79041461456703,1.25,False,TREND_SUPPORT_NOT_CONFIRMED|RSI_NOT_BELOW_32|CLOSE_NOT_NEAR_OR_BELOW_LOWER_BB|CLOSE_NOT_ABOVE_MA200
2026-10-08T13:19:28.173775+00:00,SIE_OLD_MR_REGIME_EXHAUSTION_CONFIRM_V1,BTC,BTCUSDT,strategy-lab-v1.0.0:SIE_OLD_MR_REGIME_EXHAUSTION_CONFIRM_V1,1791453600000,2026-10-08T10:00:00+00:00,83059.87,83120.78,82530.07,82662.02,35.35521412810715,83064.2425,82516.79540948321,84744.25389999998,425.03499999999934,0.005141841440603549,41.9854364012759,1.249999999999983,False,TREND_SUPPORT_NOT_CONFIRMED|PLANNED_REWARD_TOO_LOW|RSI_NOT_BELOW_32|CLOSE_NOT_NEAR_OR_BELOW_LOWER_BB|CLOSE_NOT_ABOVE_MA200|RSI_RECOVERY_NOT_CONFIRMED
2026-10-08T13:19:28.173775+00:00,SIE_OLD_MR_REGIME_EXHAUSTION_CONFIRM_V1,BTC,BTCUSDT,strategy-lab-v1.0.0:SIE_OLD_MR_REGIME_EXHAUSTION_CONFIRM_V1,1791457200000,2026-10-08T11:00:00+00:00,82655.48,82678.41,82250.54,82429.12,35.94323838638381,83014.82849999999,82426.89702663654,84740.05369999999,431.38214285714326,0.005233370717255543,35.35521412810715,1.2499999999999916,False,TREND_SUPPORT_NOT_CONFIRMED|PLANNED_REWARD_TOO_LOW|RSI_NOT_BELOW_32|CLOSE_NOT_ABOVE_MA200|RSI_RECOVERY_NOT_CONFIRMED
2026-10-08T13:19:28.173775+00:00,SIE_OLD_MR_REGIME_EXHAUSTION_CONFIRM_V1,BTC,BTCUSDT,strategy-lab-v1.0.0:SIE_OLD_MR_REGIME_EXHAUSTION_CONFIRM_V1,1791460800000,2026-10-08T12:00:00+00:00,82429.12,82450.74,81923.63,82256.83,31.37111968865871,82960.41949999999,82307.02035639835,84735.46760000002,454.1449999999999,0.005521061290594349,35.94323838638381,1.250000000000008,False,TREND_SUPPORT_NOT_CONFIRMED|CLOSE_NOT_ABOVE_MA200|RSI_RECOVERY_NOT_CONFIRMED
2026-10-08T13:19:28.173775+00:00,SIE_OLD_MR_REGIME_EXHAUSTION_CONFIRM_V1,BTC,BTCUSDT,strategy-lab-v1.0.0:SIE_OLD_MR_REGIME_EXHAUSTION_CONFIRM_V1,1791464400000,2026-10-08T13:00:00+00:00,82256.84,82534.65,82051.0,82532.1,36.255734793547525,82932.124,82256.37760581328,84731.37015,466.83285714285637,0.005656379240839096,31.37111968865871,1.2499999999999922,False,TREND_SUPPORT_NOT_CONFIRMED|PLANNED_REWARD_TOO_LOW|RSI_NOT_BELOW_32|CLOSE_NOT_NEAR_OR_BELOW_LOWER_BB|CLOSE_NOT_ABOVE_MA200
2026-10-08T13:19:28.173775+00:00,SIE_OLD_MR_REGIME_EXHAUSTION_CONFIRM_V1,SOL,SOLUSDT,strategy-lab-v1.0.0:SIE_OLD_MR_REGIME_EXHAUSTION_CONFIRM_V1,1791439200000,2026-10-08T06:00:00+00:00,114.8,115.54,114.51,115.27,36.78571428571427,116.032,114.8492980087947,119.42195,0.8521428571428576,0.007392581392754903,31.395348837209326,1.2499999999999958,False,TREND_SUPPORT_NOT_CONFIRMED|PLANNED_REWARD_TOO_LOW|RSI_NOT_BELOW_32|CLOSE_NOT_NEAR_OR_BELOW_LOWER_BB|CLOSE_NOT_ABOVE_MA200
2026-10-08T13:19:28.173775+00:00,SIE_OLD_MR_REGIME_EXHAUSTION_CONFIRM_V1,SOL,SOLUSDT,strategy-lab-v1.0.0:SIE_OLD_MR_REGIME_EXHAUSTION_CONFIRM_V1,1791442800000,2026-10-08T07:00:00+00:00,115.26,115.77,114.82,114.87,37.117117117117175,115.90950000000001,114.77944734635904,119.40070000000001,0.8342857142857147,0.00726286858436245,36.78571428571427,1.2500000000000042,False,TREND_SUPPORT_NOT_CONFIRMED|RSI_NOT_BELOW_32|CLOSE_NOT_NEAR_OR_BELOW_LOWER_BB|CLOSE_NOT_ABOVE_MA200|RSI_RECOVERY_NOT_CONFIRMED
2026-10-08T13:19:28.173775+00:00,SIE_OLD_MR_REGIME_EXHAUSTION_CONFIRM_V1,SOL,SOLUSDT,strategy-lab-v1.0.0:SIE_OLD_MR_REGIME_EXHAUSTION_CONFIRM_V1,1791446400000,2026-10-08T08:00:00+00:00,114.87,115.1,114.65,114.81,38.289962825278884,115.832,114.62610448213742,119.3802,0.7978571428571429,0.006949369766197569,37.117117117117175,1.25,False,TREND_SUPPORT_NOT_CONFIRMED|RSI_NOT_BELOW_32|CLOSE_NOT_NEAR_OR_BELOW_LOWER_BB|CLOSE_NOT_ABOVE_MA200|RSI_RECOVERY_NOT_CONFIRMED
2026-10-08T13:19:28.173775+00:00,SIE_OLD_MR_REGIME_EXHAUSTION_CONFIRM_V1,SOL,SOLUSDT,strategy-lab-v1.0.0:SIE_OLD_MR_REGIME_EXHAUSTION_CONFIRM_V1,1791450000000,2026-10-08T09:00:00+00:00,114.83,115.26,114.59,115.1,43.68029739776944,115.77849999999998,114.54276094987611,119.35865000000001,0.7971428571428579,0.006925654710189904,38.289962825278884,1.2499999999999911,False,TREND_SUPPORT_NOT_CONFIRMED|PLANNED_REWARD_TOO_LOW|RSI_NOT_BELOW_32|CLOSE_NOT_NEAR_OR_BELOW_LOWER_BB|CLOSE_NOT_ABOVE_MA200
2026-10-08T13:19:28.173775+00:00,SIE_OLD_MR_REGIME_EXHAUSTION_CONFIRM_V1,SOL,SOLUSDT,strategy-lab-v1.0.0:SIE_OLD_MR_REGIME_EXHAUSTION_CONFIRM_V1,1791453600000,2026-10-08T10:00:00+00:00,115.1,115.17,114.0,114.33,34.25605536332171,115.7035,114.31654253850341,119.33205,0.8392857142857153,0.007340905399157835,43.68029739776944,1.2500000000000042,False,TREND_SUPPORT_NOT_CONFIRMED|RSI_NOT_BELOW_32|CLOSE_NOT_ABOVE_MA200|RSI_RECOVERY_NOT_CONFIRMED
2026-10-08T13:19:28.173775+00:00,SIE_OLD_MR_REGIME_EXHAUSTION_CONFIRM_V1,SOL,SOLUSDT,strategy-lab-v1.0.0:SIE_OLD_MR_REGIME_EXHAUSTION_CONFIRM_V1,1791457200000,2026-10-08T11:00:00+00:00,114.34,114.38,113.04,113.04,30.650154798761548,115.51950000000002,113.78732824177247,119.30175000000001,0.8642857142857149,0.007645839652209083,34.25605536332171,1.2499999999999958,False,TREND_SUPPORT_NOT_CONFIRMED|PLANNED_REWARD_TOO_LOW|CLOSE_NOT_ABOVE_MA200|RSI_RECOVERY_NOT_CONFIRMED
2026-10-08T13:19:28.173775+00:00,SIE_OLD_MR_REGIME_EXHAUSTION_CONFIRM_V1,SOL,SOLUSDT,strategy-lab-v1.0.0:SIE_OLD_MR_REGIME_EXHAUSTION_CONFIRM_V1,1791460800000,2026-10-08T12:00:00+00:00,113.08,113.27,112.1,112.43,23.57357357357354,115.30350000000001,113.20112729279484,119.2702,0.9064285714285713,0.00806215931182577,30.650154798761548,1.250000000000004,False,TREND_SUPPORT_NOT_CONFIRMED|CLOSE_NOT_ABOVE_MA200|RSI_RECOVERY_NOT_CONFIRMED
2026-10-08T13:19:28.173775+00:00,SIE_OLD_MR_REGIME_EXHAUSTION_CONFIRM_V1,SOL,SOLUSDT,strategy-lab-v1.0.0:SIE_OLD_MR_REGIME_EXHAUSTION_CONFIRM_V1,1791464400000,2026-10-08T13:00:00+00:00,112.43,112.74,111.43,112.73,23.57357357357354,115.125,112.79723282951208,119.2386,0.9671428571428565,0.008579285524198142,23.57357357357354,1.2499999999999962,False,TREND_SUPPORT_NOT_CONFIRMED|PLANNED_REWARD_TOO_LOW|CLOSE_NOT_ABOVE_MA200|RSI_RECOVERY_NOT_CONFIRMED
2026-10-08T13:19:28.173775+00:00,SIE_OLD_MR_REGIME_EXHAUSTION_CONFIRM_V1,XRP,XRPUSDT,strategy-lab-v1.0.0:SIE_OLD_MR_REGIME_EXHAUSTION_CONFIRM_V1,1791439200000,2026-10-08T06:00:00+00:00,1.399,1.4084,1.3945,1.4053,35.687732342007536,1.4219300000000001,1.397888361120749,1.4905860000000002,0.012728571428571391,0.0090575474479267,27.90988735919916,1.2499999999999956,False,TREND_SUPPORT_NOT_CONFIRMED|PLANNED_REWARD_TOO_LOW|RSI_NOT_BELOW_32|CLOSE_NOT_NEAR_OR_BELOW_LOWER_BB|CLOSE_NOT_ABOVE_MA200
2026-10-08T13:19:28.173775+00:00,SIE_OLD_MR_REGIME_EXHAUSTION_CONFIRM_V1,XRP,XRPUSDT,strategy-lab-v1.0.0:SIE_OLD_MR_REGIME_EXHAUSTION_CONFIRM_V1,1791442800000,2026-10-08T07:00:00+00:00,1.4052,1.4142,1.399,1.4069,42.163661581137426,1.41994,1.3979256955594703,1.4901695000000001,0.012257142857142824,0.008712163520607594,35.687732342007536,1.2500000000000044,False,TREND_SUPPORT_NOT_CONFIRMED|RSI_NOT_BELOW_32|CLOSE_NOT_NEAR_OR_BELOW_LOWER_BB|CLOSE_NOT_ABOVE_MA200
2026-10-08T13:19:28.173775+00:00,SIE_OLD_MR_REGIME_EXHAUSTION_CONFIRM_V1,XRP,XRPUSDT,strategy-lab-v1.0.0:SIE_OLD_MR_REGIME_EXHAUSTION_CONFIRM_V1,1791446400000,2026-10-08T08:00:00+00:00,1.4069,1.4139,1.4052,1.4104,39.565217391304394,1.418235,1.398984932467642,1.4897610000000001,0.011957142857142824,0.00847783810064012,42.163661581137426,1.25,False,TREND_SUPPORT_NOT_CONFIRMED|RSI_NOT_BELOW_32|CLOSE_NOT_NEAR_OR_BELOW_LOWER_BB|CLOSE_NOT_ABOVE_MA200|RSI_RECOVERY_NOT_CONFIRMED
2026-10-08T13:19:28.173775+00:00,SIE_OLD_MR_REGIME_EXHAUSTION_CONFIRM_V1,XRP,XRPUSDT,strategy-lab-v1.0.0:SIE_OLD_MR_REGIME_EXHAUSTION_CONFIRM_V1,1791450000000,2026-10-08T09:00:00+00:00,1.4103,1.4175,1.4073,1.4154,48.281016442451445,1.41735,1.3993265153202734,1.489352,0.011792857142857114,0.008331819374634106,39.565217391304394,1.2499999999999953,False,TREND_SUPPORT_NOT_CONFIRMED|PLANNED_REWARD_TOO_LOW|RSI_NOT_BELOW_32|CLOSE_NOT_NEAR_OR_BELOW_LOWER_BB|CLOSE_NOT_ABOVE_MA200
2026-10-08T13:19:28.173775+00:00,SIE_OLD_MR_REGIME_EXHAUSTION_CONFIRM_V1,XRP,XRPUSDT,strategy-lab-v1.0.0:SIE_OLD_MR_REGIME_EXHAUSTION_CONFIRM_V1,1791453600000,2026-10-08T10:00:00+00:00,1.4154,1.4163,1.3994,1.4016,37.14285714285711,1.41612,1.3973385623553374,1.4888559999999997,0.012364285714285685,0.008821550880626203,48.281016442451445,1.2500000000000044,False,TREND_SUPPORT_NOT_CONFIRMED|RSI_NOT_BELOW_32|CLOSE_NOT_NEAR_OR_BELOW_LOWER_BB|CLOSE_NOT_ABOVE_MA200|RSI_RECOVERY_NOT_CONFIRMED
2026-10-08T13:19:28.173775+00:00,SIE_OLD_MR_REGIME_EXHAUSTION_CONFIRM_V1,XRP,XRPUSDT,strategy-lab-v1.0.0:SIE_OLD_MR_REGIME_EXHAUSTION_CONFIRM_V1,1791457200000,2026-10-08T11:00:00+00:00,1.4015,1.402,1.3929,1.3967,38.492597577389006,1.41425,1.3955543855409787,1.4883754999999999,0.011907142857142814,0.008525197148380334,37.14285714285711,1.25,False,TREND_SUPPORT_NOT_CONFIRMED|RSI_NOT_BELOW_32|CLOSE_NOT_ABOVE_MA200|RSI_RECOVERY_NOT_CONFIRMED
2026-10-08T13:19:28.173775+00:00,SIE_OLD_MR_REGIME_EXHAUSTION_CONFIRM_V1,XRP,XRPUSDT,strategy-lab-v1.0.0:SIE_OLD_MR_REGIME_EXHAUSTION_CONFIRM_V1,1791460800000,2026-10-08T12:00:00+00:00,1.3966,1.3976,1.3888,1.3952,35.25377229080922,1.41259,1.3933276117783806,1.487886,0.012014285714285675,0.00861115661861072,38.492597577389006,1.25,False,TREND_SUPPORT_NOT_CONFIRMED|RSI_NOT_BELOW_32|CLOSE_NOT_NEAR_OR_BELOW_LOWER_BB|CLOSE_NOT_ABOVE_MA200|RSI_RECOVERY_NOT_CONFIRMED
2026-10-08T13:19:28.173775+00:00,SIE_OLD_MR_REGIME_EXHAUSTION_CONFIRM_V1,XRP,XRPUSDT,strategy-lab-v1.0.0:SIE_OLD_MR_REGIME_EXHAUSTION_CONFIRM_V1,1791464400000,2026-10-08T13:00:00+00:00,1.3954,1.4009,1.3916,1.4009,36.729222520107164,1.411725,1.3919998003812282,1.4873765,0.012149999999999963,0.008672995931187068,35.25377229080922,1.2500000000000047,False,TREND_SUPPORT_NOT_CONFIRMED|RSI_NOT_BELOW_32|CLOSE_NOT_NEAR_OR_BELOW_LOWER_BB|CLOSE_NOT_ABOVE_MA200
2026-10-08T13:19:28.173775+00:00,SIE_OLD_MR_REGIME_EXHAUSTION_CONFIRM_V1,DOGE,DOGEUSDT,strategy-lab-v1.0.0:SIE_OLD_MR_REGIME_EXHAUSTION_CONFIRM_V1,1791439200000,2026-10-08T06:00:00+00:00,0.08705,0.08776,0.08704,0.08752,39.845261121856865,0.08848249999999999,0.08733557585255168,0.09365825000000001,0.000822857142857145,0.009401932619482918,31.975560081466256,1.2499999999999958,False,TREND_SUPPORT_NOT_CONFIRMED|PLANNED_REWARD_TOO_LOW|RSI_NOT_BELOW_32|CLOSE_NOT_NEAR_OR_BELOW_LOWER_BB|CLOSE_NOT_ABOVE_MA200
2026-10-08T13:19:28.173775+00:00,SIE_OLD_MR_REGIME_EXHAUSTION_CONFIRM_V1,DOGE,DOGEUSDT,strategy-lab-v1.0.0:SIE_OLD_MR_REGIME_EXHAUSTION_CONFIRM_V1,1791442800000,2026-10-08T07:00:00+00:00,0.08748,0.0881,0.08721,0.08762,42.7722772277228,0.08841950000000001,0.08722923154288623,0.09362714999999999,0.0008107142857142877,0.00925261681938242,39.845261121856865,1.2499999999999958,False,TREND_SUPPORT_NOT_CONFIRMED|PLANNED_REWARD_TOO_LOW|RSI_NOT_BELOW_32|CLOSE_NOT_NEAR_OR_BELOW_LOWER_BB|CLOSE_NOT_ABOVE_MA200
2026-10-08T13:19:28.173775+00:00,SIE_OLD_MR_REGIME_EXHAUSTION_CONFIRM_V1,DOGE,DOGEUSDT,strategy-lab-v1.0.0:SIE_OLD_MR_REGIME_EXHAUSTION_CONFIRM_V1,1791446400000,2026-10-08T08:00:00+00:00,0.08764,0.08796,0.08755,0.08769,41.49797570850207,0.088367,0.0871456875911545,0.0935975,0.0008042857142857157,0.009171920564325644,42.7722772277228,1.2499999999999958,False,TREND_SUPPORT_NOT_CONFIRMED|PLANNED_REWARD_TOO_LOW|RSI_NOT_BELOW_32|CLOSE_NOT_NEAR_OR_BELOW_LOWER_BB|CLOSE_NOT_ABOVE_MA200|RSI_RECOVERY_NOT_CONFIRMED
2026-10-08T13:19:28.173775+00:00,SIE_OLD_MR_REGIME_EXHAUSTION_CONFIRM_V1,DOGE,DOGEUSDT,strategy-lab-v1.0.0:SIE_OLD_MR_REGIME_EXHAUSTION_CONFIRM_V1,1791450000000,2026-10-08T09:00:00+00:00,0.08775,0.08835,0.08766,0.08831,48.8117001828153,0.088355,0.08713640244543164,0.09356935,0.0008271428571428577,0.009366355533267553,41.49797570850207,1.25,False,TREND_SUPPORT_NOT_CONFIRMED|RSI_NOT_BELOW_32|CLOSE_NOT_NEAR_OR_BELOW_LOWER_BB|CLOSE_NOT_ABOVE_MA200
2026-10-08T13:19:28.173775+00:00,SIE_OLD_MR_REGIME_EXHAUSTION_CONFIRM_V1,DOGE,DOGEUSDT,strategy-lab-v1.0.0:SIE_OLD_MR_REGIME_EXHAUSTION_CONFIRM_V1,1791453600000,2026-10-08T10:00:00+00:00,0.08831,0.08838,0.08716,0.08727,36.94581280788183,0.088311,0.08700552077764524,0.0935361,0.0008821428571428581,0.010108202786098981,48.8117001828153,1.2500000000000078,False,TREND_SUPPORT_NOT_CONFIRMED|RSI_NOT_BELOW_32|CLOSE_NOT_NEAR_OR_BELOW_LOWER_BB|CLOSE_NOT_ABOVE_MA200|RSI_RECOVERY_NOT_CONFIRMED
2026-10-08T13:19:28.173775+00:00,SIE_OLD_MR_REGIME_EXHAUSTION_CONFIRM_V1,DOGE,DOGEUSDT,strategy-lab-v1.0.0:SIE_OLD_MR_REGIME_EXHAUSTION_CONFIRM_V1,1791457200000,2026-10-08T11:00:00+00:00,0.08727,0.08749,0.08682,0.08706,38.20033955857385,0.088224,0.08683145700245917,0.09350470000000001,0.0008850000000000009,0.01016540317022744,36.94581280788183,1.2500000000000078,False,TREND_SUPPORT_NOT_CONFIRMED|RSI_NOT_BELOW_32|CLOSE_NOT_NEAR_OR_BELOW_LOWER_BB|CLOSE_NOT_ABOVE_MA200|RSI_RECOVERY_NOT_CONFIRMED
2026-10-08T13:19:28.173775+00:00,SIE_OLD_MR_REGIME_EXHAUSTION_CONFIRM_V1,DOGE,DOGEUSDT,strategy-lab-v1.0.0:SIE_OLD_MR_REGIME_EXHAUSTION_CONFIRM_V1,1791460800000,2026-10-08T12:00:00+00:00,0.08707,0.08716,0.08639,0.08688,34.25129087779695,0.0881395,0.0866401871573951,0.09347249999999999,0.0009071428571428583,0.01044133122862406,38.20033955857385,1.2500000000000075,False,TREND_SUPPORT_NOT_CONFIRMED|RSI_NOT_BELOW_32|CLOSE_NOT_NEAR_OR_BELOW_LOWER_BB|CLOSE_NOT_ABOVE_MA200|RSI_RECOVERY_NOT_CONFIRMED
2026-10-08T13:19:28.173775+00:00,SIE_OLD_MR_REGIME_EXHAUSTION_CONFIRM_V1,DOGE,DOGEUSDT,strategy-lab-v1.0.0:SIE_OLD_MR_REGIME_EXHAUSTION_CONFIRM_V1,1791464400000,2026-10-08T13:00:00+00:00,0.08692,0.08695,0.08641,0.08683,30.645161290322633,0.08806349999999999,0.08646383409738158,0.093437,0.0009121428571428574,0.0105049275266942,34.25129087779695,1.25,False,TREND_SUPPORT_NOT_CONFIRMED|CLOSE_NOT_NEAR_OR_BELOW_LOWER_BB|CLOSE_NOT_ABOVE_MA200|RSI_RECOVERY_NOT_CONFIRMED
2026-10-08T13:19:28.173775+00:00,SIE_OLD_MR_REGIME_EXHAUSTION_CONFIRM_V1,BNB,BNBUSDT,strategy-lab-v1.0.0:SIE_OLD_MR_REGIME_EXHAUSTION_CONFIRM_V1,1791439200000,2026-10-08T06:00:00+00:00,767.04,769.51,764.9,768.28,43.95698924731173,769.6949999999999,765.2198486059218,776.4545499999999,3.5250000000000017,0.004588170979330455,45.41265186426494,1.250000000000008,False,TREND_SUPPORT_NOT_CONFIRMED|RSI_NOT_BELOW_32|CLOSE_NOT_NEAR_OR_BELOW_LOWER_BB|CLOSE_NOT_ABOVE_MA200|RSI_RECOVERY_NOT_CONFIRMED
2026-10-08T13:19:28.173775+00:00,SIE_OLD_MR_REGIME_EXHAUSTION_CONFIRM_V1,BNB,BNBUSDT,strategy-lab-v1.0.0:SIE_OLD_MR_REGIME_EXHAUSTION_CONFIRM_V1,1791442800000,2026-10-08T07:00:00+00:00,768.24,771.3,767.09,768.41,48.432381843705976,769.7434999999999,765.346818183002,776.5037,3.4464285714285716,0.004485142790214302,43.95698924731173,1.2499999999999918,False,TREND_SUPPORT_NOT_CONFIRMED|PLANNED_REWARD_TOO_LOW|RSI_NOT_BELOW_32|CLOSE_NOT_NEAR_OR_BELOW_LOWER_BB|CLOSE_NOT_ABOVE_MA200
2026-10-08T13:19:28.173775+00:00,SIE_OLD_MR_REGIME_EXHAUSTION_CONFIRM_V1,BNB,BNBUSDT,strategy-lab-v1.0.0:SIE_OLD_MR_REGIME_EXHAUSTION_CONFIRM_V1,1791446400000,2026-10-08T08:00:00+00:00,768.3,768.63,766.5,766.53,36.7026496565259,769.7090000000001,765.2237178461195,776.54005,3.374285714285715,0.004402026945175943,48.432381843705976,1.2499999999999916,False,TREND_SUPPORT_NOT_CONFIRMED|PLANNED_REWARD_TOO_LOW|RSI_NOT_BELOW_32|CLOSE_NOT_NEAR_OR_BELOW_LOWER_BB|CLOSE_NOT_ABOVE_MA200|RSI_RECOVERY_NOT_CONFIRMED
2026-10-08T13:19:28.173775+00:00,SIE_OLD_MR_REGIME_EXHAUSTION_CONFIRM_V1,BNB,BNBUSDT,strategy-lab-v1.0.0:SIE_OLD_MR_REGIME_EXHAUSTION_CONFIRM_V1,1791450000000,2026-10-08T09:00:00+00:00,766.65,769.78,766.11,768.9,44.4896115627822,769.7885,765.4213120031399,776.58495,3.517142857142858,0.004574252642922172,36.7026496565259,1.250000000000008,False,TREND_SUPPORT_NOT_CONFIRMED|RSI_NOT_BELOW_32|CLOSE_NOT_NEAR_OR_BELOW_LOWER_BB|CLOSE_NOT_ABOVE_MA200
2026-10-08T13:19:28.173775+00:00,SIE_OLD_MR_REGIME_EXHAUSTION_CONFIRM_V1,BNB,BNBUSDT,strategy-lab-v1.0.0:SIE_OLD_MR_REGIME_EXHAUSTION_CONFIRM_V1,1791453600000,2026-10-08T10:00:00+00:00,768.59,769.88,764.22,764.22,37.495241720593945,769.6885,764.925399014306,776.59485,3.7371428571428527,0.0048901400868111965,44.4896115627822,1.2499999999999925,False,TREND_SUPPORT_NOT_CONFIRMED|PLANNED_REWARD_TOO_LOW|RSI_NOT_BELOW_32|CLOSE_NOT_ABOVE_MA200|RSI_RECOVERY_NOT_CONFIRMED
2026-10-08T13:19:28.173775+00:00,SIE_OLD_MR_REGIME_EXHAUSTION_CONFIRM_V1,BNB,BNBUSDT,strategy-lab-v1.0.0:SIE_OLD_MR_REGIME_EXHAUSTION_CONFIRM_V1,1791457200000,2026-10-08T11:00:00+00:00,764.39,764.5,760.84,761.47,36.01462522851924,769.2985000000001,763.3359123905877,776.5998,3.819999999999993,0.005016612604567472,37.495241720593945,1.2499999999999851,False,TREND_SUPPORT_NOT_CONFIRMED|PLANNED_REWARD_TOO_LOW|RSI_NOT_BELOW_32|CLOSE_NOT_ABOVE_MA200|RSI_RECOVERY_NOT_CONFIRMED
2026-10-08T13:19:28.173775+00:00,SIE_OLD_MR_REGIME_EXHAUSTION_CONFIRM_V1,BNB,BNBUSDT,strategy-lab-v1.0.0:SIE_OLD_MR_REGIME_EXHAUSTION_CONFIRM_V1,1791460800000,2026-10-08T12:00:00+00:00,761.27,762.17,757.52,758.84,26.82660850599781,768.686,761.2505460125211,776.5846,3.944999999999993,0.005198724368773382,36.01462522851924,1.250000000000007,False,TREND_SUPPORT_NOT_CONFIRMED|CLOSE_NOT_ABOVE_MA200|RSI_RECOVERY_NOT_CONFIRMED
2026-10-08T13:19:28.173775+00:00,SIE_OLD_MR_REGIME_EXHAUSTION_CONFIRM_V1,BNB,BNBUSDT,strategy-lab-v1.0.0:SIE_OLD_MR_REGIME_EXHAUSTION_CONFIRM_V1,1791464400000,2026-10-08T13:00:00+00:00,758.99,759.99,757.19,759.46,27.64198418404041,768.205,759.7579117442806,776.56095,4.0035714285714175,0.0052716027553411865,26.82660850599781,1.25,False,TREND_SUPPORT_NOT_CONFIRMED|CLOSE_NOT_ABOVE_MA200
2026-10-08T13:19:28.173775+00:00,SIE_OLD_MR_REGIME_EXHAUSTION_CONFIRM_V1,PAXG,PAXGUSDT,strategy-lab-v1.0.0:SIE_OLD_MR_REGIME_EXHAUSTION_CONFIRM_V1,1791439200000,2026-10-08T06:00:00+00:00,4126.16,4131.95,4121.01,4127.55,57.765667574931676,4122.9825,4100.532137976133,4157.13105,11.62000000000002,0.002815229373357081,59.362494825444664,1.2499999999999805,False,TREND_SUPPORT_NOT_CONFIRMED|PLANNED_REWARD_TOO_LOW|RSI_NOT_BELOW_32|CLOSE_NOT_NEAR_OR_BELOW_LOWER_BB|CLOSE_NOT_ABOVE_MA200|RSI_RECOVERY_NOT_CONFIRMED
2026-10-08T13:19:28.173775+00:00,SIE_OLD_MR_REGIME_EXHAUSTION_CONFIRM_V1,PAXG,PAXGUSDT,strategy-lab-v1.0.0:SIE_OLD_MR_REGIME_EXHAUSTION_CONFIRM_V1,1791442800000,2026-10-08T07:00:00+00:00,4128.95,4135.18,4124.58,4127.55,57.28788977519938,4122.726000000001,4100.609949357928,4156.8106,11.217857142857156,0.002717800424672543,57.765667574931676,1.2500000000000406,False,TREND_SUPPORT_NOT_CONFIRMED|RSI_NOT_BELOW_32|CLOSE_NOT_NEAR_OR_BELOW_LOWER_BB|CLOSE_NOT_ABOVE_MA200|RSI_RECOVERY_NOT_CONFIRMED
2026-10-08T13:19:28.173775+00:00,SIE_OLD_MR_REGIME_EXHAUSTION_CONFIRM_V1,PAXG,PAXGUSDT,strategy-lab-v1.0.0:SIE_OLD_MR_REGIME_EXHAUSTION_CONFIRM_V1,1791446400000,2026-10-08T08:00:00+00:00,4132.31,4135.87,4129.1,4134.53,61.07586571504041,4124.38,4103.99593563583,4156.5686000000005,10.977142857142812,0.0026549917057423246,57.28788977519938,1.2500000000000207,False,TREND_SUPPORT_NOT_CONFIRMED|RSI_NOT_BELOW_32|CLOSE_NOT_NEAR_OR_BELOW_LOWER_BB|CLOSE_NOT_ABOVE_MA200
2026-10-08T13:19:28.173775+00:00,SIE_OLD_MR_REGIME_EXHAUSTION_CONFIRM_V1,PAXG,PAXGUSDT,strategy-lab-v1.0.0:SIE_OLD_MR_REGIME_EXHAUSTION_CONFIRM_V1,1791450000000,2026-10-08T09:00:00+00:00,4135.43,4136.27,4126.08,4129.58,63.11117181098044,4125.2815,4105.666569691622,4156.32365,11.079999999999993,0.0026830815724601517,61.07586571504041,1.250000000000041,False,TREND_SUPPORT_NOT_CONFIRMED|RSI_NOT_BELOW_32|CLOSE_NOT_NEAR_OR_BELOW_LOWER_BB|CLOSE_NOT_ABOVE_MA200|RSI_RECOVERY_NOT_CONFIRMED
2026-10-08T13:19:28.173775+00:00,SIE_OLD_MR_REGIME_EXHAUSTION_CONFIRM_V1,PAXG,PAXGUSDT,strategy-lab-v1.0.0:SIE_OLD_MR_REGIME_EXHAUSTION_CONFIRM_V1,1791453600000,2026-10-08T10:00:00+00:00,4129.93,4131.9,4116.29,4125.86,55.0796667153923,4125.807500000001,4106.730313755627,4156.01135,11.393571428571379,0.0027615021907120892,63.11117181098044,1.25000000000002,False,TREND_SUPPORT_NOT_CONFIRMED|RSI_NOT_BELOW_32|CLOSE_NOT_NEAR_OR_BELOW_LOWER_BB|CLOSE_NOT_ABOVE_MA200|RSI_RECOVERY_NOT_CONFIRMED
2026-10-08T13:19:28.173775+00:00,SIE_OLD_MR_REGIME_EXHAUSTION_CONFIRM_V1,PAXG,PAXGUSDT,strategy-lab-v1.0.0:SIE_OLD_MR_REGIME_EXHAUSTION_CONFIRM_V1,1791457200000,2026-10-08T11:00:00+00:00,4126.25,4133.64,4120.01,4128.89,54.78222483814002,4126.5535,4108.234437496627,4155.7492999999995,12.098571428571372,0.002930223723221343,55.0796667153923,1.2499999999999811,False,TREND_SUPPORT_NOT_CONFIRMED|PLANNED_REWARD_TOO_LOW|RSI_NOT_BELOW_32|CLOSE_NOT_NEAR_OR_BELOW_LOWER_BB|CLOSE_NOT_ABOVE_MA200|RSI_RECOVERY_NOT_CONFIRMED
2026-10-08T13:19:28.173775+00:00,SIE_OLD_MR_REGIME_EXHAUSTION_CONFIRM_V1,PAXG,PAXGUSDT,strategy-lab-v1.0.0:SIE_OLD_MR_REGIME_EXHAUSTION_CONFIRM_V1,1791460800000,2026-10-08T12:00:00+00:00,4128.87,4135.79,4118.84,4121.71,54.67763254516067,4126.803000000001,4108.895141278131,4155.416499999999,12.559285714285645,0.0030471056222503875,54.78222483814002,1.2500000000000362,False,TREND_SUPPORT_NOT_CONFIRMED|RSI_NOT_BELOW_32|CLOSE_NOT_NEAR_OR_BELOW_LOWER_BB|CLOSE_NOT_ABOVE_MA200|RSI_RECOVERY_NOT_CONFIRMED
2026-10-08T13:19:28.173775+00:00,SIE_OLD_MR_REGIME_EXHAUSTION_CONFIRM_V1,PAXG,PAXGUSDT,strategy-lab-v1.0.0:SIE_OLD_MR_REGIME_EXHAUSTION_CONFIRM_V1,1791464400000,2026-10-08T13:00:00+00:00,4124.53,4132.74,4121.2,4128.98,57.87030716723522,4127.377,4109.96975426719,4155.1384499999995,12.92428571428562,0.003130140062263712,54.67763254516067,1.25,False,TREND_SUPPORT_NOT_CONFIRMED|RSI_NOT_BELOW_32|CLOSE_NOT_NEAR_OR_BELOW_LOWER_BB|CLOSE_NOT_ABOVE_MA200
2026-10-08T19:51:35.352155+00:00,SIE_OLD_MR_REGIME_EXHAUSTION_CONFIRM_V1,BTC,BTCUSDT,strategy-lab-v1.0.0:SIE_OLD_MR_REGIME_EXHAUSTION_CONFIRM_V1,1791468000000,2026-10-08T14:00:00+00:00,82114.1,82724.47,82060.07,82638.89,38.70579200252054,82874.429,82150.43846125218,84727.4352,530.0364285714282,0.006413886108240663,27.394198098170463,1.2500000000000069,False,TREND_SUPPORT_NOT_CONFIRMED|RSI_NOT_BELOW_32|CLOSE_NOT_NEAR_OR_BELOW_LOWER_BB|CLOSE_NOT_ABOVE_MA200
2026-10-08T19:51:35.352155+00:00,SIE_OLD_MR_REGIME_EXHAUSTION_CONFIRM_V1,BTC,BTCUSDT,strategy-lab-v1.0.0:SIE_OLD_MR_REGIME_EXHAUSTION_CONFIRM_V1,1791471600000,2026-10-08T15:00:00+00:00,82638.89,82638.89,80860.0,80961.42,26.476960206544206,82752.898,81683.58998932,84715.94305,625.7535714285716,0.007729034043975163,38.70579200252054,1.2500000000000058,False,TREND_SUPPORT_NOT_CONFIRMED|CLOSE_NOT_ABOVE_MA200|RSI_RECOVERY_NOT_CONFIRMED
2026-10-08T19:51:35.352155+00:00,SIE_OLD_MR_REGIME_EXHAUSTION_CONFIRM_V1,BTC,BTCUSDT,strategy-lab-v1.0.0:SIE_OLD_MR_REGIME_EXHAUSTION_CONFIRM_V1,1791475200000,2026-10-08T16:00:00+00:00,80961.43,81391.67,80720.75,80886.39,25.06034446117249,82628.07699999999,81324.80761464464,84705.2592,645.836428571428,0.007984488225663526,26.476960206544206,1.25,False,TREND_SUPPORT_NOT_CONFIRMED|CLOSE_NOT_ABOVE_MA200|RSI_RECOVERY_NOT_CONFIRMED
2026-10-08T19:51:35.352155+00:00,SIE_OLD_MR_REGIME_EXHAUSTION_CONFIRM_V1,BTC,BTCUSDT,strategy-lab-v1.0.0:SIE_OLD_MR_REGIME_EXHAUSTION_CONFIRM_V1,1791478800000,2026-10-08T17:00:00+00:00,80886.4,80958.79,80314.7,80679.74,26.31957333834545,82506.5815,80972.86465293482,84690.66694999998,651.5714285714275,0.008076022909486663,25.06034446117249,1.25,False,TREND_SUPPORT_NOT_CONFIRMED|CLOSE_NOT_ABOVE_MA200|RSI_RECOVERY_NOT_CONFIRMED
2026-10-08T19:51:35.352155+00:00,SIE_OLD_MR_REGIME_EXHAUSTION_CONFIRM_V1,BTC,BTCUSDT,strategy-lab-v1.0.0:SIE_OLD_MR_REGIME_EXHAUSTION_CONFIRM_V1,1791482400000,2026-10-08T18:00:00+00:00,80678.66,81514.61,80460.51,81437.68,38.2381204446434,82418.85750000001,80851.69066980114,84678.43849999999,675.672142857142,0.008296799993039367,26.31957333834545,1.2500000000000053,False,TREND_SUPPORT_NOT_CONFIRMED|RSI_NOT_BELOW_32|CLOSE_NOT_NEAR_OR_BELOW_LOWER_BB|CLOSE_NOT_ABOVE_MA200
2026-10-08T19:51:35.352155+00:00,SIE_OLD_MR_REGIME_EXHAUSTION_CONFIRM_V1,BTC,BTCUSDT,strategy-lab-v1.0.0:SIE_OLD_MR_REGIME_EXHAUSTION_CONFIRM_V1,1791486000000,2026-10-08T19:00:00+00:00,81436.05,81779.01,81362.3,81694.56,40.94453853491403,82339.83249999999,80794.08449315165,84667.51545,671.634999999999,0.00822129404944465,38.2381204446434,1.2500000000000053,False,TREND_SUPPORT_NOT_CONFIRMED|RSI_NOT_BELOW_32|CLOSE_NOT_NEAR_OR_BELOW_LOWER_BB|CLOSE_NOT_ABOVE_MA200
2026-10-08T19:51:35.352155+00:00,SIE_OLD_MR_REGIME_EXHAUSTION_CONFIRM_V1,SOL,SOLUSDT,strategy-lab-v1.0.0:SIE_OLD_MR_REGIME_EXHAUSTION_CONFIRM_V1,1791468000000,2026-10-08T14:00:00+00:00,112.18,112.76,112.06,112.43,20.888888888888886,114.9155,112.25010340662013,119.20774999999999,1.0128571428571433,0.009008780066326988,19.21331316187593,1.250000000000007,False,TREND_SUPPORT_NOT_CONFIRMED|CLOSE_NOT_NEAR_OR_BELOW_LOWER_BB|CLOSE_NOT_ABOVE_MA200
2026-10-08T19:51:35.352155+00:00,SIE_OLD_MR_REGIME_EXHAUSTION_CONFIRM_V1,SOL,SOLUSDT,strategy-lab-v1.0.0:SIE_OLD_MR_REGIME_EXHAUSTION_CONFIRM_V1,1791471600000,2026-10-08T15:00:00+00:00,112.42,112.45,108.04,108.47,13.596914175506242,114.55,110.71210995467547,119.15795,1.269285714285715,0.011701721344940675,20.888888888888886,1.2500000000000029,False,TREND_SUPPORT_NOT_CONFIRMED|CLOSE_NOT_ABOVE_MA200|RSI_RECOVERY_NOT_CONFIRMED
2026-10-08T19:51:35.352155+00:00,SIE_OLD_MR_REGIME_EXHAUSTION_CONFIRM_V1,SOL,SOLUSDT,strategy-lab-v1.0.0:SIE_OLD_MR_REGIME_EXHAUSTION_CONFIRM_V1,1791475200000,2026-10-08T16:00:00+00:00,108.49,109.06,107.52,107.61,9.325946445059941,114.123,109.31459028367993,119.10520000000001,1.3228571428571445,0.012293068886322317,13.596914175506242,1.2499999999999947,False,TREND_SUPPORT_NOT_CONFIRMED|PLANNED_REWARD_TOO_LOW|CLOSE_NOT_ABOVE_MA200|RSI_RECOVERY_NOT_CONFIRMED
2026-10-08T19:51:35.352155+00:00,SIE_OLD_MR_REGIME_EXHAUSTION_CONFIRM_V1,SOL,SOLUSDT,strategy-lab-v1.0.0:SIE_OLD_MR_REGIME_EXHAUSTION_CONFIRM_V1,1791478800000,2026-10-08T17:00:00+00:00,107.64,107.84,105.62,106.3,8.875219683655473,113.66100000000002,107.821024315119,119.0403,1.4164285714285723,0.013324821932535957,9.325946445059941,1.2500000000000024,False,TREND_SUPPORT_NOT_CONFIRMED|CLOSE_NOT_ABOVE_MA200|RSI_RECOVERY_NOT_CONFIRMED
2026-10-08T19:51:35.352155+00:00,SIE_OLD_MR_REGIME_EXHAUSTION_CONFIRM_V1,SOL,SOLUSDT,strategy-lab-v1.0.0:SIE_OLD_MR_REGIME_EXHAUSTION_CONFIRM_V1,1791482400000,2026-10-08T18:00:00+00:00,106.3,108.19,105.94,108.02,22.087378640776635,113.2645,107.03611826796065,118.98125,1.4650000000000003,0.013562303277170897,8.875219683655473,1.2499999999999951,False,TREND_SUPPORT_NOT_CONFIRMED|PLANNED_REWARD_TOO_LOW|CLOSE_NOT_NEAR_OR_BELOW_LOWER_BB|CLOSE_NOT_ABOVE_MA200
2026-10-08T19:51:35.352155+00:00,SIE_OLD_MR_REGIME_EXHAUSTION_CONFIRM_V1,SOL,SOLUSDT,strategy-lab-v1.0.0:SIE_OLD_MR_REGIME_EXHAUSTION_CONFIRM_V1,1791486000000,2026-10-08T19:00:00+00:00,107.98,109.4,107.98,109.03,28.226415094339615,112.90349999999998,106.57301731698112,118.9291,1.5,0.013757681372099421,22.087378640776635,1.25,False,TREND_SUPPORT_NOT_CONFIRMED|CLOSE_NOT_NEAR_OR_BELOW_LOWER_BB|CLOSE_NOT_ABOVE_MA200
2026-10-08T19:51:35.352155+00:00,SIE_OLD_MR_REGIME_EXHAUSTION_CONFIRM_V1,XRP,XRPUSDT,strategy-lab-v1.0.0:SIE_OLD_MR_REGIME_EXHAUSTION_CONFIRM_V1,1791468000000,2026-10-08T14:00:00+00:00,1.3987,1.4079,1.3974,1.4037,37.06666666666657,1.4105500000000002,1.3912162471309786,1.4869210000000002,0.012999999999999965,0.009261238156301178,34.6260387811634,1.25,False,TREND_SUPPORT_NOT_CONFIRMED|RSI_NOT_BELOW_32|CLOSE_NOT_NEAR_OR_BELOW_LOWER_BB|CLOSE_NOT_ABOVE_MA200
2026-10-08T19:51:35.352155+00:00,SIE_OLD_MR_REGIME_EXHAUSTION_CONFIRM_V1,XRP,XRPUSDT,strategy-lab-v1.0.0:SIE_OLD_MR_REGIME_EXHAUSTION_CONFIRM_V1,1791471600000,2026-10-08T15:00:00+00:00,1.4036,1.405,1.3402,1.3455,20.933734939758935,1.40694,1.3729143978745353,1.4861495,0.01702142857142852,0.012650634389764787,37.06666666666657,1.2500000000000033,False,TREND_SUPPORT_NOT_CONFIRMED|CLOSE_NOT_ABOVE_MA200|RSI_RECOVERY_NOT_CONFIRMED
2026-10-08T19:51:35.352155+00:00,SIE_OLD_MR_REGIME_EXHAUSTION_CONFIRM_V1,XRP,XRPUSDT,strategy-lab-v1.0.0:SIE_OLD_MR_REGIME_EXHAUSTION_CONFIRM_V1,1791475200000,2026-10-08T16:00:00+00:00,1.3452,1.3614,1.3373,1.3433,18.972033257747484,1.4030349999999998,1.3598500824939947,1.4853824999999998,0.01815714285714281,0.013516818921419496,20.933734939758935,1.249999999999997,False,TREND_SUPPORT_NOT_CONFIRMED|PLANNED_REWARD_TOO_LOW|CLOSE_NOT_ABOVE_MA200|RSI_RECOVERY_NOT_CONFIRMED
2026-10-08T19:51:35.352155+00:00,SIE_OLD_MR_REGIME_EXHAUSTION_CONFIRM_V1,XRP,XRPUSDT,strategy-lab-v1.0.0:SIE_OLD_MR_REGIME_EXHAUSTION_CONFIRM_V1,1791478800000,2026-10-08T17:00:00+00:00,1.3432,1.3454,1.3175,1.3256,17.85206258890463,1.398625,1.3441896851758852,1.484462,0.019235714285714245,0.014510949219760295,18.972033257747484,1.25,False,TREND_SUPPORT_NOT_CONFIRMED|CLOSE_NOT_ABOVE_MA200|RSI_RECOVERY_NOT_CONFIRMED
2026-10-08T19:51:35.352155+00:00,SIE_OLD_MR_REGIME_EXHAUSTION_CONFIRM_V1,XRP,XRPUSDT,strategy-lab-v1.0.0:SIE_OLD_MR_REGIME_EXHAUSTION_CONFIRM_V1,1791482400000,2026-10-08T18:00:00+00:00,1.3256,1.3635,1.3234,1.3592,36.8718592964824,1.39575,1.3393969521676021,1.4836980000000002,0.02004285714285711,0.014746069116286866,17.85206258890463,1.2500000000000027,False,TREND_SUPPORT_NOT_CONFIRMED|RSI_NOT_BELOW_32|CLOSE_NOT_NEAR_OR_BELOW_LOWER_BB|CLOSE_NOT_ABOVE_MA200
2026-10-08T19:51:35.352155+00:00,SIE_OLD_MR_REGIME_EXHAUSTION_CONFIRM_V1,XRP,XRPUSDT,strategy-lab-v1.0.0:SIE_OLD_MR_REGIME_EXHAUSTION_CONFIRM_V1,1791486000000,2026-10-08T19:00:00+00:00,1.3592,1.3744,1.3589,1.3727,42.34604105571847,1.39335,1.337364412568943,1.482985,0.02014999999999997,0.01467909958475994,36.8718592964824,1.2500000000000027,False,TREND_SUPPORT_NOT_CONFIRMED|RSI_NOT_BELOW_32|CLOSE_NOT_NEAR_OR_BELOW_LOWER_BB|CLOSE_NOT_ABOVE_MA200
2026-10-08T19:51:35.352155+00:00,SIE_OLD_MR_REGIME_EXHAUSTION_CONFIRM_V1,DOGE,DOGEUSDT,strategy-lab-v1.0.0:SIE_OLD_MR_REGIME_EXHAUSTION_CONFIRM_V1,1791468000000,2026-10-08T14:00:00+00:00,0.08692,0.0875,0.08686,0.08708,29.390018484288433,0.08799799999999999,0.08637733840669923,0.09340845,0.000955714285714286,0.010975129601679902,32.02846975088978,1.25,False,TREND_SUPPORT_NOT_CONFIRMED|CLOSE_NOT_NEAR_OR_BELOW_LOWER_BB|CLOSE_NOT_ABOVE_MA200|RSI_RECOVERY_NOT_CONFIRMED
2026-10-08T19:51:35.352155+00:00,SIE_OLD_MR_REGIME_EXHAUSTION_CONFIRM_V1,DOGE,DOGEUSDT,strategy-lab-v1.0.0:SIE_OLD_MR_REGIME_EXHAUSTION_CONFIRM_V1,1791471600000,2026-10-08T15:00:00+00:00,0.08707,0.08713,0.082,0.08263,16.772151898734236,0.08770750000000001,0.0848767765942254,0.09335295,0.001267857142857143,0.0153437872789198,29.390018484288433,1.2500000000000027,False,TREND_SUPPORT_NOT_CONFIRMED|CLOSE_NOT_ABOVE_MA200|RSI_RECOVERY_NOT_CONFIRMED
2026-10-08T19:51:35.352155+00:00,SIE_OLD_MR_REGIME_EXHAUSTION_CONFIRM_V1,DOGE,DOGEUSDT,strategy-lab-v1.0.0:SIE_OLD_MR_REGIME_EXHAUSTION_CONFIRM_V1,1791475200000,2026-10-08T16:00:00+00:00,0.08259,0.08357,0.08204,0.08217,15.055951169888175,0.087373,0.08370795375199712,0.09329609999999999,0.0013407142857142864,0.016316347641648854,16.772151898734236,1.2500000000000027,False,TREND_SUPPORT_NOT_CONFIRMED|CLOSE_NOT_ABOVE_MA200|RSI_RECOVERY_NOT_CONFIRMED
2026-10-08T19:51:35.352155+00:00,SIE_OLD_MR_REGIME_EXHAUSTION_CONFIRM_V1,DOGE,DOGEUSDT,strategy-lab-v1.0.0:SIE_OLD_MR_REGIME_EXHAUSTION_CONFIRM_V1,1791478800000,2026-10-08T17:00:00+00:00,0.08214,0.08235,0.08099,0.08144,14.755732801595272,0.0870225,0.08257848436096361,0.09323229999999999,0.0013907142857142857,0.017076550659556555,15.055951169888175,1.2500000000000024,False,TREND_SUPPORT_NOT_CONFIRMED|CLOSE_NOT_ABOVE_MA200|RSI_RECOVERY_NOT_CONFIRMED
2026-10-08T19:51:35.352155+00:00,SIE_OLD_MR_REGIME_EXHAUSTION_CONFIRM_V1,DOGE,DOGEUSDT,strategy-lab-v1.0.0:SIE_OLD_MR_REGIME_EXHAUSTION_CONFIRM_V1,1791482400000,2026-10-08T18:00:00+00:00,0.08148,0.08309,0.08137,0.08302,29.45139557266603,0.086738,0.08204119427695801,0.09317075000000001,0.001267857142857143,0.015271707333861035,14.755732801595272,1.2500000000000027,False,TREND_SUPPORT_NOT_CONFIRMED|CLOSE_NOT_NEAR_OR_BELOW_LOWER_BB|CLOSE_NOT_ABOVE_MA200
2026-10-08T19:51:35.352155+00:00,SIE_OLD_MR_REGIME_EXHAUSTION_CONFIRM_V1,DOGE,DOGEUSDT,strategy-lab-v1.0.0:SIE_OLD_MR_REGIME_EXHAUSTION_CONFIRM_V1,1791486000000,2026-10-08T19:00:00+00:00,0.08301,0.08382,0.083,0.08382,35.31564501372377,0.0864795,0.0817380509598858,0.093111,0.001262857142857143,0.015066298530865462,29.45139557266603,1.2499999999999944,False,TREND_SUPPORT_NOT_CONFIRMED|PLANNED_REWARD_TOO_LOW|RSI_NOT_BELOW_32|CLOSE_NOT_NEAR_OR_BELOW_LOWER_BB|CLOSE_NOT_ABOVE_MA200
2026-10-08T19:51:35.352155+00:00,SIE_OLD_MR_REGIME_EXHAUSTION_CONFIRM_V1,BNB,BNBUSDT,strategy-lab-v1.0.0:SIE_OLD_MR_REGIME_EXHAUSTION_CONFIRM_V1,1791468000000,2026-10-08T14:00:00+00:00,756.14,759.0,755.65,756.46,20.21535255296989,767.2574999999999,756.9113086717908,776.54135,4.474285714285705,0.0059147684137769415,23.5352862849535,1.2499999999999936,False,TREND_SUPPORT_NOT_CONFIRMED|PLANNED_REWARD_TOO_LOW|CLOSE_NOT_ABOVE_MA200|RSI_RECOVERY_NOT_CONFIRMED
2026-10-08T19:51:35.352155+00:00,SIE_OLD_MR_REGIME_EXHAUSTION_CONFIRM_V1,BNB,BNBUSDT,strategy-lab-v1.0.0:SIE_OLD_MR_REGIME_EXHAUSTION_CONFIRM_V1,1791471600000,2026-10-08T15:00:00+00:00,756.91,756.91,730.59,731.01,11.066742726754214,765.241,746.526794807155,776.40095,6.090714285714276,0.008331916506907261,20.21535255296989,1.2500000000000093,False,TREND_SUPPORT_NOT_CONFIRMED|CLOSE_NOT_ABOVE_MA200|RSI_RECOVERY_NOT_CONFIRMED
2026-10-08T19:51:35.352155+00:00,SIE_OLD_MR_REGIME_EXHAUSTION_CONFIRM_V1,BNB,BNBUSDT,strategy-lab-v1.0.0:SIE_OLD_MR_REGIME_EXHAUSTION_CONFIRM_V1,1791475200000,2026-10-08T16:00:00+00:00,730.72,734.5,723.0,723.75,8.174711080897438,762.8889999999999,737.0774483999915,776.222,6.715714285714276,0.00927905255366394,11.066742726754214,1.2499999999999916,False,TREND_SUPPORT_NOT_CONFIRMED|PLANNED_REWARD_TOO_LOW|CLOSE_NOT_ABOVE_MA200|RSI_RECOVERY_NOT_CONFIRMED
2026-10-08T19:51:35.352155+00:00,SIE_OLD_MR_REGIME_EXHAUSTION_CONFIRM_V1,BNB,BNBUSDT,strategy-lab-v1.0.0:SIE_OLD_MR_REGIME_EXHAUSTION_CONFIRM_V1,1791478800000,2026-10-08T17:00:00+00:00,723.88,724.85,716.59,721.82,8.431200701139446,760.524,729.3241478208647,776.0077,6.996428571428559,0.009692760759508683,8.174711080897438,1.250000000000004,False,TREND_SUPPORT_NOT_CONFIRMED|CLOSE_NOT_ABOVE_MA200|RSI_RECOVERY_NOT_CONFIRMED
2026-10-08T19:51:35.352155+00:00,SIE_OLD_MR_REGIME_EXHAUSTION_CONFIRM_V1,BNB,BNBUSDT,strategy-lab-v1.0.0:SIE_OLD_MR_REGIME_EXHAUSTION_CONFIRM_V1,1791482400000,2026-10-08T18:00:00+00:00,722.16,728.38,720.0,726.95,16.745283018868008,758.292,724.3147295975695,775.7910499999999,7.074999999999989,0.009732443771923775,8.431200701139446,1.249999999999996,False,TREND_SUPPORT_NOT_CONFIRMED|PLANNED_REWARD_TOO_LOW|CLOSE_NOT_NEAR_OR_BELOW_LOWER_BB|CLOSE_NOT_ABOVE_MA200
2026-10-08T19:51:35.352155+00:00,SIE_OLD_MR_REGIME_EXHAUSTION_CONFIRM_V1,BNB,BNBUSDT,strategy-lab-v1.0.0:SIE_OLD_MR_REGIME_EXHAUSTION_CONFIRM_V1,1791486000000,2026-10-08T19:00:00+00:00,726.91,730.65,726.32,730.17,20.2002260616824,756.2055,720.7347399433015,775.59005,7.062142857142833,0.009671915933471428,16.745283018868008,1.250000000000008,False,TREND_SUPPORT_NOT_CONFIRMED|CLOSE_NOT_NEAR_OR_BELOW_LOWER_BB|CLOSE_NOT_ABOVE_MA200
2026-10-08T19:51:35.352155+00:00,SIE_OLD_MR_REGIME_EXHAUSTION_CONFIRM_V1,PAXG,PAXGUSDT,strategy-lab-v1.0.0:SIE_OLD_MR_REGIME_EXHAUSTION_CONFIRM_V1,1791468000000,2026-10-08T14:00:00+00:00,4133.38,4140.01,4125.43,4125.96,45.463797615586124,4127.968,4110.982102790782,4154.806,12.992857142857117,0.003149050679807152,59.859521331945665,1.25,False,TREND_SUPPORT_NOT_CONFIRMED|RSI_NOT_BELOW_32|CLOSE_NOT_NEAR_OR_BELOW_LOWER_BB|CLOSE_NOT_ABOVE_MA200|RSI_RECOVERY_NOT_CONFIRMED
2026-10-08T19:51:35.352155+00:00,SIE_OLD_MR_REGIME_EXHAUSTION_CONFIRM_V1,PAXG,PAXGUSDT,strategy-lab-v1.0.0:SIE_OLD_MR_REGIME_EXHAUSTION_CONFIRM_V1,1791471600000,2026-10-08T15:00:00+00:00,4126.01,4126.52,4113.82,4114.11,32.8069697794719,4128.1545,4111.87804894327,4154.38225,12.712857142857176,0.003090062526975987,45.463797615586124,1.250000000000018,False,TREND_SUPPORT_NOT_CONFIRMED|RSI_NOT_BELOW_32|CLOSE_NOT_NEAR_OR_BELOW_LOWER_BB|CLOSE_NOT_ABOVE_MA200|RSI_RECOVERY_NOT_CONFIRMED
2026-10-08T19:51:35.352155+00:00,SIE_OLD_MR_REGIME_EXHAUSTION_CONFIRM_V1,PAXG,PAXGUSDT,strategy-lab-v1.0.0:SIE_OLD_MR_REGIME_EXHAUSTION_CONFIRM_V1,1791475200000,2026-10-08T16:00:00+00:00,4112.18,4127.94,4107.71,4124.66,39.7681513117753,4128.442,4112.632433781976,4154.02975,13.462857142857176,0.003263991975788835,32.8069697794719,1.2500000000000169,False,TREND_SUPPORT_NOT_CONFIRMED|RSI_NOT_BELOW_32|CLOSE_NOT_NEAR_OR_BELOW_LOWER_BB|CLOSE_NOT_ABOVE_MA200
2026-10-08T19:51:35.352155+00:00,SIE_OLD_MR_REGIME_EXHAUSTION_CONFIRM_V1,PAXG,PAXGUSDT,strategy-lab-v1.0.0:SIE_OLD_MR_REGIME_EXHAUSTION_CONFIRM_V1,1791478800000,2026-10-08T17:00:00+00:00,4125.09,4144.23,4125.09,4134.41,45.50673437844985,4129.043,4113.285600341362,4153.729,14.05428571428573,0.003399344940217765,39.7681513117753,1.2500000000000162,False,TREND_SUPPORT_NOT_CONFIRMED|RSI_NOT_BELOW_32|CLOSE_NOT_NEAR_OR_BELOW_LOWER_BB|CLOSE_NOT_ABOVE_MA200
2026-10-08T19:51:35.352155+00:00,SIE_OLD_MR_REGIME_EXHAUSTION_CONFIRM_V1,PAXG,PAXGUSDT,strategy-lab-v1.0.0:SIE_OLD_MR_REGIME_EXHAUSTION_CONFIRM_V1,1791482400000,2026-10-08T18:00:00+00:00,4133.26,4133.52,4124.93,4129.98,45.789824483447724,4129.775,4115.326003494983,4153.42935,13.901428571428564,0.0033659796346298446,45.50673437844985,1.2500000000000164,False,TREND_SUPPORT_NOT_CONFIRMED|RSI_NOT_BELOW_32|CLOSE_NOT_NEAR_OR_BELOW_LOWER_BB|CLOSE_NOT_ABOVE_MA200|RSI_RECOVERY_NOT_CONFIRMED
2026-10-08T19:51:35.352155+00:00,SIE_OLD_MR_REGIME_EXHAUSTION_CONFIRM_V1,PAXG,PAXGUSDT,strategy-lab-v1.0.0:SIE_OLD_MR_REGIME_EXHAUSTION_CONFIRM_V1,1791486000000,2026-10-08T19:00:00+00:00,4130.0,4135.0,4129.22,4131.46,52.40549828178695,4130.4755,4117.17146230455,4153.13755,13.185714285714246,0.0031915386535786975,45.789824483447724,1.2500000000000173,False,TREND_SUPPORT_NOT_CONFIRMED|RSI_NOT_BELOW_32|CLOSE_NOT_NEAR_OR_BELOW_LOWER_BB|CLOSE_NOT_ABOVE_MA200
2026-10-09T00:16:49.162567+00:00,SIE_OLD_MR_REGIME_EXHAUSTION_CONFIRM_V1,BTC,BTCUSDT,strategy-lab-v1.0.0:SIE_OLD_MR_REGIME_EXHAUSTION_CONFIRM_V1,1791489600000,2026-10-08T20:00:00+00:00,81712.43,81829.54,81622.01,81736.22,39.20418449452381,82261.092,80764.98427326886,84649.9857,653.0549999999993,0.007989787146995534,41.12927952928566,1.25,False,TREND_SUPPORT_NOT_CONFIRMED|RSI_NOT_BELOW_32|CLOSE_NOT_NEAR_OR_BELOW_LOWER_BB|CLOSE_NOT_ABOVE_MA200|RSI_RECOVERY_NOT_CONFIRMED
2026-10-09T00:16:49.162567+00:00,SIE_OLD_MR_REGIME_EXHAUSTION_CONFIRM_V1,BTC,BTCUSDT,strategy-lab-v1.0.0:SIE_OLD_MR_REGIME_EXHAUSTION_CONFIRM_V1,1791493200000,2026-10-08T21:00:00+00:00,81736.21,81746.91,81523.05,81640.81,36.91726140074988,82190.284,80717.68465453747,84635.14915000001,627.6221428571423,0.0076876030854806845,39.20418449452381,1.2499999999999885,False,TREND_SUPPORT_NOT_CONFIRMED|PLANNED_REWARD_TOO_LOW|RSI_NOT_BELOW_32|CLOSE_NOT_NEAR_OR_BELOW_LOWER_BB|CLOSE_NOT_ABOVE_MA200|RSI_RECOVERY_NOT_CONFIRMED
2026-10-09T00:16:49.162567+00:00,SIE_OLD_MR_REGIME_EXHAUSTION_CONFIRM_V1,BTC,BTCUSDT,strategy-lab-v1.0.0:SIE_OLD_MR_REGIME_EXHAUSTION_CONFIRM_V1,1791496800000,2026-10-08T22:00:00+00:00,81642.61,81895.28,81603.39,81839.32,40.33537294242263,82126.446,80710.30223243377,84625.57344999998,628.3499999999996,0.007677849718203909,36.91726140074988,1.2499999999999885,False,TREND_SUPPORT_NOT_CONFIRMED|PLANNED_REWARD_TOO_LOW|RSI_NOT_BELOW_32|CLOSE_NOT_NEAR_OR_BELOW_LOWER_BB|CLOSE_NOT_ABOVE_MA200
2026-10-09T00:16:49.162567+00:00,SIE_OLD_MR_REGIME_EXHAUSTION_CONFIRM_V1,BTC,BTCUSDT,strategy-lab-v1.0.0:SIE_OLD_MR_REGIME_EXHAUSTION_CONFIRM_V1,1791500400000,2026-10-08T23:00:00+00:00,81839.32,81883.89,81624.02,81692.79,36.13689095127609,82076.3075,80673.36735517709,84613.6141,620.9621428571419,0.007601186626838696,40.33537294242263,1.25,False,TREND_SUPPORT_NOT_CONFIRMED|RSI_NOT_BELOW_32|CLOSE_NOT_NEAR_OR_BELOW_LOWER_BB|CLOSE_NOT_ABOVE_MA200|RSI_RECOVERY_NOT_CONFIRMED
2026-10-09T00:16:49.162567+00:00,SIE_OLD_MR_REGIME_EXHAUSTION_CONFIRM_V1,BTC,BTCUSDT,strategy-lab-v1.0.0:SIE_OLD_MR_REGIME_EXHAUSTION_CONFIRM_V1,1791504000000,2026-10-09T00:00:00+00:00,81692.79,81793.1,81657.19,81789.4,40.57523653173189,82036.1215,80648.74067908176,84601.01174999999,588.4764285714284,0.0071950207309434775,36.13689095127609,1.2500000000000062,False,TREND_SUPPORT_NOT_CONFIRMED|RSI_NOT_BELOW_32|CLOSE_NOT_NEAR_OR_BELOW_LOWER_BB|CLOSE_NOT_ABOVE_MA200
2026-10-09T00:16:49.162567+00:00,SIE_OLD_MR_REGIME_EXHAUSTION_CONFIRM_V1,SOL,SOLUSDT,strategy-lab-v1.0.0:SIE_OLD_MR_REGIME_EXHAUSTION_CONFIRM_V1,1791489600000,2026-10-08T20:00:00+00:00,109.1,109.89,108.94,109.83,29.9705449189985,112.58,106.32988320109118,118.86925,1.4942857142857144,0.01360544217687075,28.549962434259967,1.2499999999999976,False,TREND_SUPPORT_NOT_CONFIRMED|PLANNED_REWARD_TOO_LOW|CLOSE_NOT_NEAR_OR_BELOW_LOWER_BB|CLOSE_NOT_ABOVE_MA200
2026-10-09T00:16:49.162567+00:00,SIE_OLD_MR_REGIME_EXHAUSTION_CONFIRM_V1,SOL,SOLUSDT,strategy-lab-v1.0.0:SIE_OLD_MR_REGIME_EXHAUSTION_CONFIRM_V1,1791493200000,2026-10-08T21:00:00+00:00,109.8,110.82,109.45,110.58,34.60157932519738,112.30799999999999,106.2087128285346,118.81710000000001,1.5242857142857136,0.0137844611528822,29.9705449189985,1.2500000000000022,False,TREND_SUPPORT_NOT_CONFIRMED|RSI_NOT_BELOW_32|CLOSE_NOT_NEAR_OR_BELOW_LOWER_BB|CLOSE_NOT_ABOVE_MA200
2026-10-09T00:16:49.162567+00:00,SIE_OLD_MR_REGIME_EXHAUSTION_CONFIRM_V1,SOL,SOLUSDT,strategy-lab-v1.0.0:SIE_OLD_MR_REGIME_EXHAUSTION_CONFIRM_V1,1791496800000,2026-10-08T22:00:00+00:00,110.58,110.76,110.03,110.28,34.01552575864501,112.001,106.14735532339019,118.77475,1.5442857142857147,0.014003316234001766,34.60157932519738,1.2499999999999978,False,TREND_SUPPORT_NOT_CONFIRMED|PLANNED_REWARD_TOO_LOW|RSI_NOT_BELOW_32|CLOSE_NOT_NEAR_OR_BELOW_LOWER_BB|CLOSE_NOT_ABOVE_MA200|RSI_RECOVERY_NOT_CONFIRMED
2026-10-09T00:16:49.162567+00:00,SIE_OLD_MR_REGIME_EXHAUSTION_CONFIRM_V1,SOL,SOLUSDT,strategy-lab-v1.0.0:SIE_OLD_MR_REGIME_EXHAUSTION_CONFIRM_V1,1791500400000,2026-10-08T23:00:00+00:00,110.28,110.4,109.33,109.54,30.98495212038307,111.69500000000001,106.00076958667789,118.72615,1.5728571428571436,0.014358746967839543,34.01552575864501,1.2499999999999956,False,TREND_SUPPORT_NOT_CONFIRMED|PLANNED_REWARD_TOO_LOW|CLOSE_NOT_NEAR_OR_BELOW_LOWER_BB|CLOSE_NOT_ABOVE_MA200|RSI_RECOVERY_NOT_CONFIRMED
2026-10-09T00:16:49.162567+00:00,SIE_OLD_MR_REGIME_EXHAUSTION_CONFIRM_V1,SOL,SOLUSDT,strategy-lab-v1.0.0:SIE_OLD_MR_REGIME_EXHAUSTION_CONFIRM_V1,1791504000000,2026-10-09T00:00:00+00:00,109.5,109.67,109.17,109.63,33.14203730272594,111.43050000000001,105.87018175371207,118.67295,1.5250000000000006,0.01391042597829062,30.98495212038307,1.2500000000000047,False,TREND_SUPPORT_NOT_CONFIRMED|RSI_NOT_BELOW_32|CLOSE_NOT_NEAR_OR_BELOW_LOWER_BB|CLOSE_NOT_ABOVE_MA200
2026-10-09T00:16:49.162567+00:00,SIE_OLD_MR_REGIME_EXHAUSTION_CONFIRM_V1,XRP,XRPUSDT,strategy-lab-v1.0.0:SIE_OLD_MR_REGIME_EXHAUSTION_CONFIRM_V1,1791489600000,2026-10-08T20:00:00+00:00,1.3724,1.379,1.3723,1.3771,41.627078384798104,1.3910300000000002,1.3363308921462078,1.4821975,0.019778571428571392,0.014362480160170932,42.21046443268667,1.2500000000000029,False,TREND_SUPPORT_NOT_CONFIRMED|RSI_NOT_BELOW_32|CLOSE_NOT_NEAR_OR_BELOW_LOWER_BB|CLOSE_NOT_ABOVE_MA200|RSI_RECOVERY_NOT_CONFIRMED
2026-10-09T00:16:49.162567+00:00,SIE_OLD_MR_REGIME_EXHAUSTION_CONFIRM_V1,XRP,XRPUSDT,strategy-lab-v1.0.0:SIE_OLD_MR_REGIME_EXHAUSTION_CONFIRM_V1,1791493200000,2026-10-08T21:00:00+00:00,1.377,1.3838,1.3719,1.3762,40.846750149075746,1.388705,1.3356601331418314,1.481482,0.019542857142857115,0.014200593767517158,41.627078384798104,1.2500000000000058,False,TREND_SUPPORT_NOT_CONFIRMED|RSI_NOT_BELOW_32|CLOSE_NOT_NEAR_OR_BELOW_LOWER_BB|CLOSE_NOT_ABOVE_MA200|RSI_RECOVERY_NOT_CONFIRMED
2026-10-09T00:16:49.162567+00:00,SIE_OLD_MR_REGIME_EXHAUSTION_CONFIRM_V1,XRP,XRPUSDT,strategy-lab-v1.0.0:SIE_OLD_MR_REGIME_EXHAUSTION_CONFIRM_V1,1791496800000,2026-10-08T22:00:00+00:00,1.3764,1.3835,1.3762,1.3821,41.681363903586124,1.3865399999999999,1.3361968813043843,1.4809094999999999,0.019442857142857112,0.014067619667793293,40.846750149075746,1.2499999999999971,False,TREND_SUPPORT_NOT_CONFIRMED|PLANNED_REWARD_TOO_LOW|RSI_NOT_BELOW_32|CLOSE_NOT_NEAR_OR_BELOW_LOWER_BB|CLOSE_NOT_ABOVE_MA200
2026-10-09T00:16:49.162567+00:00,SIE_OLD_MR_REGIME_EXHAUSTION_CONFIRM_V1,XRP,XRPUSDT,strategy-lab-v1.0.0:SIE_OLD_MR_REGIME_EXHAUSTION_CONFIRM_V1,1791500400000,2026-10-08T23:00:00+00:00,1.3821,1.3871,1.3779,1.3795,39.296362552176504,1.384715,1.3361615129985407,1.480285,0.019371428571428546,0.014042354890488254,41.681363903586124,1.25,False,TREND_SUPPORT_NOT_CONFIRMED|RSI_NOT_BELOW_32|CLOSE_NOT_NEAR_OR_BELOW_LOWER_BB|CLOSE_NOT_ABOVE_MA200|RSI_RECOVERY_NOT_CONFIRMED
2026-10-09T00:16:49.162567+00:00,SIE_OLD_MR_REGIME_EXHAUSTION_CONFIRM_V1,XRP,XRPUSDT,strategy-lab-v1.0.0:SIE_OLD_MR_REGIME_EXHAUSTION_CONFIRM_V1,1791504000000,2026-10-09T00:00:00+00:00,1.3794,1.3861,1.3792,1.3857,45.034353529044346,1.38395,1.3359681909469758,1.4796585,0.018657142857142848,0.013464056330477628,39.296362552176504,1.2500000000000029,False,TREND_SUPPORT_NOT_CONFIRMED|RSI_NOT_BELOW_32|CLOSE_NOT_NEAR_OR_BELOW_LOWER_BB|CLOSE_NOT_ABOVE_MA200
2026-10-09T00:16:49.162567+00:00,SIE_OLD_MR_REGIME_EXHAUSTION_CONFIRM_V1,DOGE,DOGEUSDT,strategy-lab-v1.0.0:SIE_OLD_MR_REGIME_EXHAUSTION_CONFIRM_V1,1791489600000,2026-10-08T20:00:00+00:00,0.08373,0.08438,0.08373,0.08424,34.89871086556168,0.08622149999999999,0.08156176062960599,0.09304525,0.00126142857142857,0.014974223307556624,34.77859778597791,1.2500000000000027,False,TREND_SUPPORT_NOT_CONFIRMED|RSI_NOT_BELOW_32|CLOSE_NOT_NEAR_OR_BELOW_LOWER_BB|CLOSE_NOT_ABOVE_MA200
2026-10-09T00:16:49.162567+00:00,SIE_OLD_MR_REGIME_EXHAUSTION_CONFIRM_V1,DOGE,DOGEUSDT,strategy-lab-v1.0.0:SIE_OLD_MR_REGIME_EXHAUSTION_CONFIRM_V1,1791493200000,2026-10-08T21:00:00+00:00,0.08424,0.08439,0.08396,0.0843,34.658040665434385,0.08599,0.08143258406550381,0.09298574999999999,0.0012285714285714272,0.014573801050669362,34.89871086556168,1.2499999999999971,False,TREND_SUPPORT_NOT_CONFIRMED|PLANNED_REWARD_TOO_LOW|RSI_NOT_BELOW_32|CLOSE_NOT_NEAR_OR_BELOW_LOWER_BB|CLOSE_NOT_ABOVE_MA200|RSI_RECOVERY_NOT_CONFIRMED
2026-10-09T00:16:49.162567+00:00,SIE_OLD_MR_REGIME_EXHAUSTION_CONFIRM_V1,DOGE,DOGEUSDT,strategy-lab-v1.0.0:SIE_OLD_MR_REGIME_EXHAUSTION_CONFIRM_V1,1791496800000,2026-10-08T22:00:00+00:00,0.08432,0.08456,0.08424,0.08443,35.0183823529412,0.0857595,0.08137957545727101,0.0929344,0.001222142857142856,0.014475220385441858,34.658040665434385,1.2499999999999971,False,TREND_SUPPORT_NOT_CONFIRMED|PLANNED_REWARD_TOO_LOW|RSI_NOT_BELOW_32|CLOSE_NOT_NEAR_OR_BELOW_LOWER_BB|CLOSE_NOT_ABOVE_MA200
2026-10-09T00:16:49.162567+00:00,SIE_OLD_MR_REGIME_EXHAUSTION_CONFIRM_V1,DOGE,DOGEUSDT,strategy-lab-v1.0.0:SIE_OLD_MR_REGIME_EXHAUSTION_CONFIRM_V1,1791500400000,2026-10-08T23:00:00+00:00,0.08444,0.08465,0.08393,0.084,29.840972871842908,0.08553400000000001,0.08128118258092361,0.0928778,0.0012242857142857136,0.01457482993197278,35.0183823529412,1.2500000000000029,False,TREND_SUPPORT_NOT_CONFIRMED|CLOSE_NOT_NEAR_OR_BELOW_LOWER_BB|CLOSE_NOT_ABOVE_MA200|RSI_RECOVERY_NOT_CONFIRMED
2026-10-09T00:16:49.162567+00:00,SIE_OLD_MR_REGIME_EXHAUSTION_CONFIRM_V1,DOGE,DOGEUSDT,strategy-lab-v1.0.0:SIE_OLD_MR_REGIME_EXHAUSTION_CONFIRM_V1,1791504000000,2026-10-09T00:00:00+00:00,0.08397,0.08422,0.08394,0.08416,34.14882772680939,0.08537750000000001,0.08116450166152424,0.0928226,0.0011571428571428566,0.013749321021184133,29.840972871842908,1.25,False,TREND_SUPPORT_NOT_CONFIRMED|RSI_NOT_BELOW_32|CLOSE_NOT_NEAR_OR_BELOW_LOWER_BB|CLOSE_NOT_ABOVE_MA200
2026-10-09T00:16:49.162567+00:00,SIE_OLD_MR_REGIME_EXHAUSTION_CONFIRM_V1,BNB,BNBUSDT,strategy-lab-v1.0.0:SIE_OLD_MR_REGIME_EXHAUSTION_CONFIRM_V1,1791489600000,2026-10-08T20:00:00+00:00,730.32,734.38,730.24,733.99,23.43919442292797,754.2025,718.3574150510159,775.375,7.098571428571404,0.009671210000914731,19.629208001300952,1.250000000000008,False,TREND_SUPPORT_NOT_CONFIRMED|CLOSE_NOT_NEAR_OR_BELOW_LOWER_BB|CLOSE_NOT_ABOVE_MA200
2026-10-09T00:16:49.162567+00:00,SIE_OLD_MR_REGIME_EXHAUSTION_CONFIRM_V1,BNB,BNBUSDT,strategy-lab-v1.0.0:SIE_OLD_MR_REGIME_EXHAUSTION_CONFIRM_V1,1791493200000,2026-10-08T21:00:00+00:00,733.68,734.63,732.48,734.02,23.32040341349881,752.3055,716.4045727278545,775.18805,6.951428571428551,0.009470353084968462,23.43919442292797,1.25,False,TREND_SUPPORT_NOT_CONFIRMED|CLOSE_NOT_NEAR_OR_BELOW_LOWER_BB|CLOSE_NOT_ABOVE_MA200|RSI_RECOVERY_NOT_CONFIRMED
2026-10-09T00:16:49.162567+00:00,SIE_OLD_MR_REGIME_EXHAUSTION_CONFIRM_V1,BNB,BNBUSDT,strategy-lab-v1.0.0:SIE_OLD_MR_REGIME_EXHAUSTION_CONFIRM_V1,1791496800000,2026-10-08T22:00:00+00:00,734.63,737.16,733.95,736.85,27.308868501529076,750.4995,715.3114307292958,775.0427000000001,7.028571428571403,0.009538673310132867,23.32040341349881,1.250000000000004,False,TREND_SUPPORT_NOT_CONFIRMED|CLOSE_NOT_NEAR_OR_BELOW_LOWER_BB|CLOSE_NOT_ABOVE_MA200
2026-10-09T00:16:49.162567+00:00,SIE_OLD_MR_REGIME_EXHAUSTION_CONFIRM_V1,BNB,BNBUSDT,strategy-lab-v1.0.0:SIE_OLD_MR_REGIME_EXHAUSTION_CONFIRM_V1,1791500400000,2026-10-08T23:00:00+00:00,736.89,738.35,734.71,735.08,23.904320987654344,748.7909999999999,714.0957513915827,774.8716000000001,7.026428571428547,0.009558726358258348,27.308868501529076,1.249999999999992,False,TREND_SUPPORT_NOT_CONFIRMED|PLANNED_REWARD_TOO_LOW|CLOSE_NOT_NEAR_OR_BELOW_LOWER_BB|CLOSE_NOT_ABOVE_MA200|RSI_RECOVERY_NOT_CONFIRMED
2026-10-09T00:16:49.162567+00:00,SIE_OLD_MR_REGIME_EXHAUSTION_CONFIRM_V1,BNB,BNBUSDT,strategy-lab-v1.0.0:SIE_OLD_MR_REGIME_EXHAUSTION_CONFIRM_V1,1791504000000,2026-10-09T00:00:00+00:00,735.45,736.78,734.21,736.58,27.57221681272314,747.2985,713.2038539247014,774.70665,6.805714285714259,0.00923961319301944,23.904320987654344,1.25,False,TREND_SUPPORT_NOT_CONFIRMED|CLOSE_NOT_NEAR_OR_BELOW_LOWER_BB|CLOSE_NOT_ABOVE_MA200
2026-10-09T00:16:49.162567+00:00,SIE_OLD_MR_REGIME_EXHAUSTION_CONFIRM_V1,PAXG,PAXGUSDT,strategy-lab-v1.0.0:SIE_OLD_MR_REGIME_EXHAUSTION_CONFIRM_V1,1791489600000,2026-10-08T20:00:00+00:00,4134.79,4137.53,4134.79,4136.0,54.91221950935921,4130.832,4117.211154798529,4152.7624,12.599999999999975,0.003046421663442934,54.274260110835925,1.2499999999999638,False,TREND_SUPPORT_NOT_CONFIRMED|PLANNED_REWARD_TOO_LOW|RSI_NOT_BELOW_32|CLOSE_NOT_NEAR_OR_BELOW_LOWER_BB|CLOSE_NOT_ABOVE_MA200
2026-10-09T00:16:49.162567+00:00,SIE_OLD_MR_REGIME_EXHAUSTION_CONFIRM_V1,PAXG,PAXGUSDT,strategy-lab-v1.0.0:SIE_OLD_MR_REGIME_EXHAUSTION_CONFIRM_V1,1791493200000,2026-10-08T21:00:00+00:00,4135.96,4136.81,4135.0,4135.85,54.816620241411385,4130.656,4117.394774717151,4152.5265,11.972142857142833,0.002894723661917824,54.91221950935921,1.25,False,TREND_SUPPORT_NOT_CONFIRMED|RSI_NOT_BELOW_32|CLOSE_NOT_NEAR_OR_BELOW_LOWER_BB|CLOSE_NOT_ABOVE_MA200|RSI_RECOVERY_NOT_CONFIRMED
2026-10-09T00:16:49.162567+00:00,SIE_OLD_MR_REGIME_EXHAUSTION_CONFIRM_V1,PAXG,PAXGUSDT,strategy-lab-v1.0.0:SIE_OLD_MR_REGIME_EXHAUSTION_CONFIRM_V1,1791496800000,2026-10-08T22:00:00+00:00,4135.0,4141.74,4132.91,4139.29,52.8806584362141,4130.549,4117.606524348005,4152.3615500000005,12.00857142857142,0.002901118652853852,54.816620241411385,1.2499999999999811,False,TREND_SUPPORT_NOT_CONFIRMED|PLANNED_REWARD_TOO_LOW|RSI_NOT_BELOW_32|CLOSE_NOT_NEAR_OR_BELOW_LOWER_BB|CLOSE_NOT_ABOVE_MA200|RSI_RECOVERY_NOT_CONFIRMED
2026-10-09T00:16:49.162567+00:00,SIE_OLD_MR_REGIME_EXHAUSTION_CONFIRM_V1,PAXG,PAXGUSDT,strategy-lab-v1.0.0:SIE_OLD_MR_REGIME_EXHAUSTION_CONFIRM_V1,1791500400000,2026-10-08T23:00:00+00:00,4139.25,4145.89,4137.41,4145.89,59.67722795775492,4130.715999999999,4117.090267872791,4152.27985,11.886428571428562,0.002867039060715205,52.8806584362141,1.250000000000019,False,TREND_SUPPORT_NOT_CONFIRMED|RSI_NOT_BELOW_32|CLOSE_NOT_NEAR_OR_BELOW_LOWER_BB|CLOSE_NOT_ABOVE_MA200
2026-10-09T00:16:49.162567+00:00,SIE_OLD_MR_REGIME_EXHAUSTION_CONFIRM_V1,PAXG,PAXGUSDT,strategy-lab-v1.0.0:SIE_OLD_MR_REGIME_EXHAUSTION_CONFIRM_V1,1791504000000,2026-10-09T00:00:00+00:00,4148.99,4149.16,4143.44,4147.09,62.984709480122476,4131.1925,4116.05955993528,4152.1826,11.180000000000032,0.00269586625802672,59.67722795775492,1.25,False,TREND_SUPPORT_NOT_CONFIRMED|RSI_NOT_BELOW_32|CLOSE_NOT_NEAR_OR_BELOW_LOWER_BB|CLOSE_NOT_ABOVE_MA200
2026-10-09T08:54:41.635942+00:00,SIE_OLD_MR_REGIME_EXHAUSTION_CONFIRM_V1,BTC,BTCUSDT,strategy-lab-v1.0.0:SIE_OLD_MR_REGIME_EXHAUSTION_CONFIRM_V1,1791507600000,2026-10-09T01:00:00+00:00,81727.76,81939.11,81534.02,81920.09,44.378080001060276,81997.70950000001,80634.13011340759,84590.40685,592.7178571428564,0.007235317455618718,39.74971364244618,1.25,False,TREND_SUPPORT_NOT_CONFIRMED|RSI_NOT_BELOW_32|CLOSE_NOT_NEAR_OR_BELOW_LOWER_BB|CLOSE_NOT_ABOVE_MA200
2026-10-09T08:54:41.635942+00:00,SIE_OLD_MR_REGIME_EXHAUSTION_CONFIRM_V1,BTC,BTCUSDT,strategy-lab-v1.0.0:SIE_OLD_MR_REGIME_EXHAUSTION_CONFIRM_V1,1791511200000,2026-10-09T02:00:00+00:00,81920.09,82303.51,81841.05,82056.15,47.76573382973788,81959.8365,80647.90829302685,84581.12805,588.0999999999985,0.0071670435427447984,44.378080001060276,1.2499999999999876,False,TREND_SUPPORT_NOT_CONFIRMED|PLANNED_REWARD_TOO_LOW|RSI_NOT_BELOW_32|CLOSE_NOT_NEAR_OR_BELOW_LOWER_BB|CLOSE_NOT_ABOVE_MA200
2026-10-09T08:54:41.635942+00:00,SIE_OLD_MR_REGIME_EXHAUSTION_CONFIRM_V1,BTC,BTCUSDT,strategy-lab-v1.0.0:SIE_OLD_MR_REGIME_EXHAUSTION_CONFIRM_V1,1791514800000,2026-10-09T03:00:00+00:00,82056.15,82370.87,81976.26,82358.58,52.65108654967233,81930.83200000001,80682.64657796337,84575.1368,549.4635714285697,0.006671600839020898,47.76573382973788,1.2499999999999933,False,TREND_SUPPORT_NOT_CONFIRMED|PLANNED_REWARD_TOO_LOW|RSI_NOT_BELOW_32|CLOSE_NOT_NEAR_OR_BELOW_LOWER_BB|CLOSE_NOT_ABOVE_MA200
2026-10-09T08:54:41.635942+00:00,SIE_OLD_MR_REGIME_EXHAUSTION_CONFIRM_V1,BTC,BTCUSDT,strategy-lab-v1.0.0:SIE_OLD_MR_REGIME_EXHAUSTION_CONFIRM_V1,1791518400000,2026-10-09T04:00:00+00:00,82358.58,82463.76,82132.64,82174.7,44.609649886779316,81898.9685,80711.31568771359,84567.90234999999,525.6578571428555,0.006396833297144444,52.65108654967233,1.25,False,TREND_SUPPORT_NOT_CONFIRMED|RSI_NOT_BELOW_32|CLOSE_NOT_NEAR_OR_BELOW_LOWER_BB|CLOSE_NOT_ABOVE_MA200|RSI_RECOVERY_NOT_CONFIRMED
2026-10-09T08:54:41.635942+00:00,SIE_OLD_MR_REGIME_EXHAUSTION_CONFIRM_V1,BTC,BTCUSDT,strategy-lab-v1.0.0:SIE_OLD_MR_REGIME_EXHAUSTION_CONFIRM_V1,1791522000000,2026-10-09T05:00:00+00:00,82174.71,82553.77,82160.0,82286.91,74.1834489452614,81860.3205,80780.91983580722,84560.8143,426.720714285713,0.00518576665821712,44.609649886779316,1.250000000000017,False,TREND_SUPPORT_NOT_CONFIRMED|RSI_NOT_BELOW_32|CLOSE_NOT_NEAR_OR_BELOW_LOWER_BB|CLOSE_NOT_ABOVE_MA200
2026-10-09T08:54:41.635942+00:00,SIE_OLD_MR_REGIME_EXHAUSTION_CONFIRM_V1,BTC,BTCUSDT,strategy-lab-v1.0.0:SIE_OLD_MR_REGIME_EXHAUSTION_CONFIRM_V1,1791525600000,2026-10-09T06:00:00+00:00,82286.92,82598.0,82286.92,82512.75,78.12506484972127,81852.85699999999,80793.86152722174,84555.243,401.01857142857,0.004860080065548294,74.1834489452614,1.2500000000000182,False,TREND_SUPPORT_NOT_CONFIRMED|RSI_NOT_BELOW_32|CLOSE_NOT_NEAR_OR_BELOW_LOWER_BB|CLOSE_NOT_ABOVE_MA200
2026-10-09T08:54:41.635942+00:00,SIE_OLD_MR_REGIME_EXHAUSTION_CONFIRM_V1,BTC,BTCUSDT,strategy-lab-v1.0.0:SIE_OLD_MR_REGIME_EXHAUSTION_CONFIRM_V1,1791529200000,2026-10-09T07:00:00+00:00,82512.75,82591.73,82408.56,82583.73,84.54727231159421,81860.5875,80782.78806214718,84550.38095,368.095714285713,0.004457242537794224,78.12506484972127,1.2500000000000198,False,TREND_SUPPORT_NOT_CONFIRMED|RSI_NOT_BELOW_32|CLOSE_NOT_NEAR_OR_BELOW_LOWER_BB|CLOSE_NOT_ABOVE_MA200
2026-10-09T08:54:41.635942+00:00,SIE_OLD_MR_REGIME_EXHAUSTION_CONFIRM_V1,BTC,BTCUSDT,strategy-lab-v1.0.0:SIE_OLD_MR_REGIME_EXHAUSTION_CONFIRM_V1,1791532800000,2026-10-09T08:00:00+00:00,82574.23,82642.39,82440.91,82541.9,77.07058523574113,81874.841,80769.27566952114,84545.81599999999,307.1942857142837,0.003721676938794524,84.54727231159421,1.2500000000000118,False,TREND_SUPPORT_NOT_CONFIRMED|RSI_NOT_BELOW_32|CLOSE_NOT_NEAR_OR_BELOW_LOWER_BB|CLOSE_NOT_ABOVE_MA200|RSI_RECOVERY_NOT_CONFIRMED
2026-10-09T08:54:41.635942+00:00,SIE_OLD_MR_REGIME_EXHAUSTION_CONFIRM_V1,SOL,SOLUSDT,strategy-lab-v1.0.0:SIE_OLD_MR_REGIME_EXHAUSTION_CONFIRM_V1,1791507600000,2026-10-09T01:00:00+00:00,109.2,109.54,108.67,109.37,35.808197989172484,111.141,105.71462773116306,118.6224,1.537857142857145,0.014061050954166087,32.082152974504254,1.25,False,TREND_SUPPORT_NOT_CONFIRMED|RSI_NOT_BELOW_32|CLOSE_NOT_NEAR_OR_BELOW_LOWER_BB|CLOSE_NOT_ABOVE_MA200
2026-10-09T08:54:41.635942+00:00,SIE_OLD_MR_REGIME_EXHAUSTION_CONFIRM_V1,SOL,SOLUSDT,strategy-lab-v1.0.0:SIE_OLD_MR_REGIME_EXHAUSTION_CONFIRM_V1,1791511200000,2026-10-09T02:00:00+00:00,109.36,110.83,109.29,110.23,41.65402124430956,110.88900000000001,105.79510600816991,118.58024999999999,1.5642857142857156,0.014191106906338706,35.808197989172484,1.2499999999999956,False,TREND_SUPPORT_NOT_CONFIRMED|PLANNED_REWARD_TOO_LOW|RSI_NOT_BELOW_32|CLOSE_NOT_NEAR_OR_BELOW_LOWER_BB|CLOSE_NOT_ABOVE_MA200
2026-10-09T08:54:41.635942+00:00,SIE_OLD_MR_REGIME_EXHAUSTION_CONFIRM_V1,SOL,SOLUSDT,strategy-lab-v1.0.0:SIE_OLD_MR_REGIME_EXHAUSTION_CONFIRM_V1,1791514800000,2026-10-09T03:00:00+00:00,110.23,110.38,109.8,110.34,42.94478527607362,110.6625,105.90506844505327,118.546,1.4857142857142864,0.013464874802558332,41.65402124430956,1.2499999999999976,False,TREND_SUPPORT_NOT_CONFIRMED|PLANNED_REWARD_TOO_LOW|RSI_NOT_BELOW_32|CLOSE_NOT_NEAR_OR_BELOW_LOWER_BB|CLOSE_NOT_ABOVE_MA200
2026-10-09T08:54:41.635942+00:00,SIE_OLD_MR_REGIME_EXHAUSTION_CONFIRM_V1,SOL,SOLUSDT,strategy-lab-v1.0.0:SIE_OLD_MR_REGIME_EXHAUSTION_CONFIRM_V1,1791518400000,2026-10-09T04:00:00+00:00,110.34,110.6,109.62,109.82,40.19534184823438,110.41299999999998,106.04427432767827,118.5052,1.5057142857142856,0.013710747456877488,42.94478527607362,1.2500000000000024,False,TREND_SUPPORT_NOT_CONFIRMED|RSI_NOT_BELOW_32|CLOSE_NOT_NEAR_OR_BELOW_LOWER_BB|CLOSE_NOT_ABOVE_MA200|RSI_RECOVERY_NOT_CONFIRMED
2026-10-09T08:54:41.635942+00:00,SIE_OLD_MR_REGIME_EXHAUSTION_CONFIRM_V1,SOL,SOLUSDT,strategy-lab-v1.0.0:SIE_OLD_MR_REGIME_EXHAUSTION_CONFIRM_V1,1791522000000,2026-10-09T05:00:00+00:00,109.83,110.69,109.78,110.22,58.97435897435894,110.16900000000001,106.36617526041458,118.4663,1.2557142857142856,0.011392798817948517,40.19534184823438,1.2500000000000029,False,TREND_SUPPORT_NOT_CONFIRMED|RSI_NOT_BELOW_32|CLOSE_NOT_NEAR_OR_BELOW_LOWER_BB|CLOSE_NOT_ABOVE_MA200
2026-10-09T08:54:41.635942+00:00,SIE_OLD_MR_REGIME_EXHAUSTION_CONFIRM_V1,SOL,SOLUSDT,strategy-lab-v1.0.0:SIE_OLD_MR_REGIME_EXHAUSTION_CONFIRM_V1,1791525600000,2026-10-09T06:00:00+00:00,110.22,110.78,110.21,110.55,65.9436008676789,109.97999999999999,106.68078191081537,118.42855,1.1864285714285714,0.010732054015636105,58.97435897435894,1.2499999999999971,False,TREND_SUPPORT_NOT_CONFIRMED|PLANNED_REWARD_TOO_LOW|RSI_NOT_BELOW_32|CLOSE_NOT_NEAR_OR_BELOW_LOWER_BB|CLOSE_NOT_ABOVE_MA200
2026-10-09T08:54:41.635942+00:00,SIE_OLD_MR_REGIME_EXHAUSTION_CONFIRM_V1,SOL,SOLUSDT,strategy-lab-v1.0.0:SIE_OLD_MR_REGIME_EXHAUSTION_CONFIRM_V1,1791529200000,2026-10-09T07:00:00+00:00,110.55,110.65,110.12,110.59,76.98113207547163,109.8575,106.85308408338608,118.39120000000001,1.0657142857142858,0.009636624339581209,65.9436008676789,1.2500000000000033,False,TREND_SUPPORT_NOT_CONFIRMED|RSI_NOT_BELOW_32|CLOSE_NOT_NEAR_OR_BELOW_LOWER_BB|CLOSE_NOT_ABOVE_MA200
2026-10-09T08:54:41.635942+00:00,SIE_OLD_MR_REGIME_EXHAUSTION_CONFIRM_V1,SOL,SOLUSDT,strategy-lab-v1.0.0:SIE_OLD_MR_REGIME_EXHAUSTION_CONFIRM_V1,1791532800000,2026-10-09T08:00:00+00:00,110.57,110.61,109.92,110.37,68.21705426356587,109.75449999999998,106.97726054327265,118.3535,0.9542857142857143,0.008646241861789564,76.98113207547163,1.2500000000000038,False,TREND_SUPPORT_NOT_CONFIRMED|RSI_NOT_BELOW_32|CLOSE_NOT_NEAR_OR_BELOW_LOWER_BB|CLOSE_NOT_ABOVE_MA200|RSI_RECOVERY_NOT_CONFIRMED
2026-10-09T08:54:41.635942+00:00,SIE_OLD_MR_REGIME_EXHAUSTION_CONFIRM_V1,XRP,XRPUSDT,strategy-lab-v1.0.0:SIE_OLD_MR_REGIME_EXHAUSTION_CONFIRM_V1,1791507600000,2026-10-09T01:00:00+00:00,1.3868,1.3944,1.3828,1.3892,47.637051039697525,1.38355,1.3359616190651475,1.4791189999999999,0.019064285714285707,0.01372321171486158,45.57823129251702,1.2499999999999942,False,TREND_SUPPORT_NOT_CONFIRMED|PLANNED_REWARD_TOO_LOW|RSI_NOT_BELOW_32|CLOSE_NOT_NEAR_OR_BELOW_LOWER_BB|CLOSE_NOT_ABOVE_MA200
2026-10-09T08:54:41.635942+00:00,SIE_OLD_MR_REGIME_EXHAUSTION_CONFIRM_V1,XRP,XRPUSDT,strategy-lab-v1.0.0:SIE_OLD_MR_REGIME_EXHAUSTION_CONFIRM_V1,1791511200000,2026-10-09T02:00:00+00:00,1.3892,1.398,1.3836,1.391,48.67924528301887,1.382835,1.3361541998783157,1.478599,0.019464285714285712,0.013993016329464926,47.637051039697525,1.2499999999999942,False,TREND_SUPPORT_NOT_CONFIRMED|PLANNED_REWARD_TOO_LOW|RSI_NOT_BELOW_32|CLOSE_NOT_NEAR_OR_BELOW_LOWER_BB|CLOSE_NOT_ABOVE_MA200
2026-10-09T08:54:41.635942+00:00,SIE_OLD_MR_REGIME_EXHAUSTION_CONFIRM_V1,XRP,XRPUSDT,strategy-lab-v1.0.0:SIE_OLD_MR_REGIME_EXHAUSTION_CONFIRM_V1,1791514800000,2026-10-09T03:00:00+00:00,1.3912,1.3951,1.3899,1.3946,48.7758945386064,1.38222,1.3365095810563865,1.478129,0.01866428571428572,0.013383253774763888,48.67924528301887,1.249999999999994,False,TREND_SUPPORT_NOT_CONFIRMED|PLANNED_REWARD_TOO_LOW|RSI_NOT_BELOW_32|CLOSE_NOT_NEAR_OR_BELOW_LOWER_BB|CLOSE_NOT_ABOVE_MA200
2026-10-09T08:54:41.635942+00:00,SIE_OLD_MR_REGIME_EXHAUSTION_CONFIRM_V1,XRP,XRPUSDT,strategy-lab-v1.0.0:SIE_OLD_MR_REGIME_EXHAUSTION_CONFIRM_V1,1791518400000,2026-10-09T04:00:00+00:00,1.3947,1.3973,1.3897,1.391,45.973367152821844,1.38125,1.3371787622138809,1.4776304999999998,0.01845714285714287,0.013268974016637578,48.7758945386064,1.249999999999997,False,TREND_SUPPORT_NOT_CONFIRMED|PLANNED_REWARD_TOO_LOW|RSI_NOT_BELOW_32|CLOSE_NOT_NEAR_OR_BELOW_LOWER_BB|CLOSE_NOT_ABOVE_MA200|RSI_RECOVERY_NOT_CONFIRMED
2026-10-09T08:54:41.635942+00:00,SIE_OLD_MR_REGIME_EXHAUSTION_CONFIRM_V1,XRP,XRPUSDT,strategy-lab-v1.0.0:SIE_OLD_MR_REGIME_EXHAUSTION_CONFIRM_V1,1791522000000,2026-10-09T05:00:00+00:00,1.391,1.4008,1.3905,1.3956,74.06340057636882,1.38026,1.3384713221075293,1.4771664999999998,0.014564285714285728,0.010435859640502814,45.973367152821844,1.2500000000000038,False,TREND_SUPPORT_NOT_CONFIRMED|RSI_NOT_BELOW_32|CLOSE_NOT_NEAR_OR_BELOW_LOWER_BB|CLOSE_NOT_ABOVE_MA200
2026-10-09T08:54:41.635942+00:00,SIE_OLD_MR_REGIME_EXHAUSTION_CONFIRM_V1,XRP,XRPUSDT,strategy-lab-v1.0.0:SIE_OLD_MR_REGIME_EXHAUSTION_CONFIRM_V1,1791525600000,2026-10-09T06:00:00+00:00,1.3958,1.4027,1.3952,1.3995,76.55954631379956,1.380155,1.338571278425318,1.4767225,0.013378571428571446,0.009559536569182884,74.06340057636882,1.25,False,TREND_SUPPORT_NOT_CONFIRMED|RSI_NOT_BELOW_32|CLOSE_NOT_NEAR_OR_BELOW_LOWER_BB|CLOSE_NOT_ABOVE_MA200
2026-10-09T08:54:41.635942+00:00,SIE_OLD_MR_REGIME_EXHAUSTION_CONFIRM_V1,XRP,XRPUSDT,strategy-lab-v1.0.0:SIE_OLD_MR_REGIME_EXHAUSTION_CONFIRM_V1,1791529200000,2026-10-09T07:00:00+00:00,1.3993,1.4041,1.3969,1.4032,92.26579520697159,1.38048,1.3382869863602909,1.476293,0.011900000000000006,0.008480615735461806,76.55954631379956,1.2499999999999953,False,TREND_SUPPORT_NOT_CONFIRMED|PLANNED_REWARD_TOO_LOW|RSI_NOT_BELOW_32|CLOSE_NOT_NEAR_OR_BELOW_LOWER_BB|CLOSE_NOT_ABOVE_MA200
2026-10-09T08:54:41.635942+00:00,SIE_OLD_MR_REGIME_EXHAUSTION_CONFIRM_V1,XRP,XRPUSDT,strategy-lab-v1.0.0:SIE_OLD_MR_REGIME_EXHAUSTION_CONFIRM_V1,1791532800000,2026-10-09T08:00:00+00:00,1.4026,1.4055,1.3976,1.4024,86.61016949152543,1.3808399999999998,1.3380323651669392,1.4758545,0.009600000000000006,0.006845407872219057,92.26579520697159,1.2499999999999942,False,TREND_SUPPORT_NOT_CONFIRMED|PLANNED_REWARD_TOO_LOW|RSI_NOT_BELOW_32|CLOSE_NOT_NEAR_OR_BELOW_LOWER_BB|CLOSE_NOT_ABOVE_MA200|RSI_RECOVERY_NOT_CONFIRMED
2026-10-09T08:54:41.635942+00:00,SIE_OLD_MR_REGIME_EXHAUSTION_CONFIRM_V1,DOGE,DOGEUSDT,strategy-lab-v1.0.0:SIE_OLD_MR_REGIME_EXHAUSTION_CONFIRM_V1,1791507600000,2026-10-09T01:00:00+00:00,0.08419,0.08488,0.08405,0.08469,38.30207305034554,0.085262,0.08111110322942143,0.0927744,0.0011864285714285705,0.01400907511428233,34.349593495935,1.2500000000000029,False,TREND_SUPPORT_NOT_CONFIRMED|RSI_NOT_BELOW_32|CLOSE_NOT_NEAR_OR_BELOW_LOWER_BB|CLOSE_NOT_ABOVE_MA200
2026-10-09T08:54:41.635942+00:00,SIE_OLD_MR_REGIME_EXHAUSTION_CONFIRM_V1,DOGE,DOGEUSDT,strategy-lab-v1.0.0:SIE_OLD_MR_REGIME_EXHAUSTION_CONFIRM_V1,1791511200000,2026-10-09T02:00:00+00:00,0.08468,0.08515,0.08431,0.08472,39.1783567134269,0.085122,0.08109824752252334,0.09272725,0.0011914285714285705,0.014063132335086997,38.30207305034554,1.25,False,TREND_SUPPORT_NOT_CONFIRMED|RSI_NOT_BELOW_32|CLOSE_NOT_NEAR_OR_BELOW_LOWER_BB|CLOSE_NOT_ABOVE_MA200
2026-10-09T08:54:41.635942+00:00,SIE_OLD_MR_REGIME_EXHAUSTION_CONFIRM_V1,DOGE,DOGEUSDT,strategy-lab-v1.0.0:SIE_OLD_MR_REGIME_EXHAUSTION_CONFIRM_V1,1791514800000,2026-10-09T03:00:00+00:00,0.0847,0.08503,0.08461,0.08499,40.25590551181098,0.0849905,0.08113344166494729,0.0926823,0.001142857142857141,0.013446960146571844,39.1783567134269,1.249999999999994,False,TREND_SUPPORT_NOT_CONFIRMED|PLANNED_REWARD_TOO_LOW|RSI_NOT_BELOW_32|CLOSE_NOT_NEAR_OR_BELOW_LOWER_BB|CLOSE_NOT_ABOVE_MA200
2026-10-09T08:54:41.635942+00:00,SIE_OLD_MR_REGIME_EXHAUSTION_CONFIRM_V1,DOGE,DOGEUSDT,strategy-lab-v1.0.0:SIE_OLD_MR_REGIME_EXHAUSTION_CONFIRM_V1,1791518400000,2026-10-09T04:00:00+00:00,0.08499,0.08513,0.08465,0.08477,38.753651411879225,0.0848445,0.08119156980630625,0.09263415,0.00113142857142857,0.013347039889448744,40.25590551181098,1.249999999999997,False,TREND_SUPPORT_NOT_CONFIRMED|PLANNED_REWARD_TOO_LOW|RSI_NOT_BELOW_32|CLOSE_NOT_NEAR_OR_BELOW_LOWER_BB|CLOSE_NOT_ABOVE_MA200|RSI_RECOVERY_NOT_CONFIRMED
2026-10-09T08:54:41.635942+00:00,SIE_OLD_MR_REGIME_EXHAUSTION_CONFIRM_V1,DOGE,DOGEUSDT,strategy-lab-v1.0.0:SIE_OLD_MR_REGIME_EXHAUSTION_CONFIRM_V1,1791522000000,2026-10-09T05:00:00+00:00,0.08479,0.08546,0.08477,0.08516,70.37037037037042,0.084687,0.08139114745475477,0.09258905,0.0008142857142857128,0.009561833187948718,38.753651411879225,1.25,False,TREND_SUPPORT_NOT_CONFIRMED|RSI_NOT_BELOW_32|CLOSE_NOT_NEAR_OR_BELOW_LOWER_BB|CLOSE_NOT_ABOVE_MA200
2026-10-09T08:54:41.635942+00:00,SIE_OLD_MR_REGIME_EXHAUSTION_CONFIRM_V1,DOGE,DOGEUSDT,strategy-lab-v1.0.0:SIE_OLD_MR_REGIME_EXHAUSTION_CONFIRM_V1,1791525600000,2026-10-09T06:00:00+00:00,0.08515,0.0855,0.08515,0.08537,76.84563758389254,0.084592,0.08149595994857957,0.09254370000000002,0.0007299999999999986,0.008551013236499923,70.37037037037042,1.2500000000000047,False,TREND_SUPPORT_NOT_CONFIRMED|RSI_NOT_BELOW_32|CLOSE_NOT_NEAR_OR_BELOW_LOWER_BB|CLOSE_NOT_ABOVE_MA200
2026-10-09T08:54:41.635942+00:00,SIE_OLD_MR_REGIME_EXHAUSTION_CONFIRM_V1,DOGE,DOGEUSDT,strategy-lab-v1.0.0:SIE_OLD_MR_REGIME_EXHAUSTION_CONFIRM_V1,1791529200000,2026-10-09T07:00:00+00:00,0.08534,0.0854,0.08517,0.08526,85.76779026217234,0.084502,0.08159956929453958,0.09249755,0.0006492857142857134,0.00761536141550215,76.84563758389254,1.2500000000000107,False,TREND_SUPPORT_NOT_CONFIRMED|RSI_NOT_BELOW_32|CLOSE_NOT_NEAR_OR_BELOW_LOWER_BB|CLOSE_NOT_ABOVE_MA200|RSI_RECOVERY_NOT_CONFIRMED
2026-10-09T08:54:41.635942+00:00,SIE_OLD_MR_REGIME_EXHAUSTION_CONFIRM_V1,DOGE,DOGEUSDT,strategy-lab-v1.0.0:SIE_OLD_MR_REGIME_EXHAUSTION_CONFIRM_V1,1791532800000,2026-10-09T08:00:00+00:00,0.08525,0.08539,0.08497,0.08518,78.12500000000014,0.084417,0.08170477508307306,0.09245105,0.0005564285714285698,0.006532385201086755,85.76779026217234,1.25,False,TREND_SUPPORT_NOT_CONFIRMED|RSI_NOT_BELOW_32|CLOSE_NOT_NEAR_OR_BELOW_LOWER_BB|CLOSE_NOT_ABOVE_MA200|RSI_RECOVERY_NOT_CONFIRMED
2026-10-09T08:54:41.635942+00:00,SIE_OLD_MR_REGIME_EXHAUSTION_CONFIRM_V1,BNB,BNBUSDT,strategy-lab-v1.0.0:SIE_OLD_MR_REGIME_EXHAUSTION_CONFIRM_V1,1791507600000,2026-10-09T01:00:00+00:00,734.4,736.63,732.64,736.63,29.306897700766427,745.6735,712.4167128581267,774.53345,6.852857142857123,0.009302984052858454,25.53156419976922,1.2500000000000082,False,TREND_SUPPORT_NOT_CONFIRMED|CLOSE_NOT_NEAR_OR_BELOW_LOWER_BB|CLOSE_NOT_ABOVE_MA200
2026-10-09T08:54:41.635942+00:00,SIE_OLD_MR_REGIME_EXHAUSTION_CONFIRM_V1,BNB,BNBUSDT,strategy-lab-v1.0.0:SIE_OLD_MR_REGIME_EXHAUSTION_CONFIRM_V1,1791511200000,2026-10-09T02:00:00+00:00,736.78,741.45,735.0,739.31,33.74396537373059,744.225,712.5467844568249,774.3869,6.981428571428556,0.009443168050518128,29.306897700766427,1.2499999999999918,False,TREND_SUPPORT_NOT_CONFIRMED|PLANNED_REWARD_TOO_LOW|RSI_NOT_BELOW_32|CLOSE_NOT_NEAR_OR_BELOW_LOWER_BB|CLOSE_NOT_ABOVE_MA200
2026-10-09T08:54:41.635942+00:00,SIE_OLD_MR_REGIME_EXHAUSTION_CONFIRM_V1,BNB,BNBUSDT,strategy-lab-v1.0.0:SIE_OLD_MR_REGIME_EXHAUSTION_CONFIRM_V1,1791514800000,2026-10-09T03:00:00+00:00,739.16,740.52,737.34,740.52,36.755646817248454,742.8304999999999,713.1405458235472,774.2636,6.627142857142839,0.008949309751448763,33.74396537373059,1.2500000000000087,False,TREND_SUPPORT_NOT_CONFIRMED|RSI_NOT_BELOW_32|CLOSE_NOT_NEAR_OR_BELOW_LOWER_BB|CLOSE_NOT_ABOVE_MA200
2026-10-09T08:54:41.635942+00:00,SIE_OLD_MR_REGIME_EXHAUSTION_CONFIRM_V1,BNB,BNBUSDT,strategy-lab-v1.0.0:SIE_OLD_MR_REGIME_EXHAUSTION_CONFIRM_V1,1791518400000,2026-10-09T04:00:00+00:00,740.79,742.23,739.62,739.64,35.71185864763842,741.4860000000001,713.84607858188,774.12615,6.574285714285695,0.00888849401639405,36.755646817248454,1.2500000000000087,False,TREND_SUPPORT_NOT_CONFIRMED|RSI_NOT_BELOW_32|CLOSE_NOT_NEAR_OR_BELOW_LOWER_BB|CLOSE_NOT_ABOVE_MA200|RSI_RECOVERY_NOT_CONFIRMED
2026-10-09T08:54:41.635942+00:00,SIE_OLD_MR_REGIME_EXHAUSTION_CONFIRM_V1,BNB,BNBUSDT,strategy-lab-v1.0.0:SIE_OLD_MR_REGIME_EXHAUSTION_CONFIRM_V1,1791522000000,2026-10-09T05:00:00+00:00,739.69,743.7,739.67,742.22,65.57377049180332,740.152,715.5217481945504,774.0057,4.984285714285704,0.00671537511019065,35.71185864763842,1.2500000000000058,False,TREND_SUPPORT_NOT_CONFIRMED|RSI_NOT_BELOW_32|CLOSE_NOT_NEAR_OR_BELOW_LOWER_BB|CLOSE_NOT_ABOVE_MA200
2026-10-09T08:54:41.635942+00:00,SIE_OLD_MR_REGIME_EXHAUSTION_CONFIRM_V1,BNB,BNBUSDT,strategy-lab-v1.0.0:SIE_OLD_MR_REGIME_EXHAUSTION_CONFIRM_V1,1791525600000,2026-10-09T06:00:00+00:00,742.52,743.35,741.94,742.44,82.27979274611403,739.063,716.9926831921276,773.8708,4.263571428571416,0.005742647794530758,65.57377049180332,1.2499999999999867,False,TREND_SUPPORT_NOT_CONFIRMED|PLANNED_REWARD_TOO_LOW|RSI_NOT_BELOW_32|CLOSE_NOT_NEAR_OR_BELOW_LOWER_BB|CLOSE_NOT_ABOVE_MA200
2026-10-09T08:54:41.635942+00:00,SIE_OLD_MR_REGIME_EXHAUSTION_CONFIRM_V1,BNB,BNBUSDT,strategy-lab-v1.0.0:SIE_OLD_MR_REGIME_EXHAUSTION_CONFIRM_V1,1791529200000,2026-10-09T07:00:00+00:00,742.32,744.73,741.68,744.66,89.05608755129944,738.2225000000001,718.4709513265453,773.74955,3.891428571428565,0.005225778974872512,82.27979274611403,1.25,False,TREND_SUPPORT_NOT_CONFIRMED|RSI_NOT_BELOW_32|CLOSE_NOT_NEAR_OR_BELOW_LOWER_BB|CLOSE_NOT_ABOVE_MA200
2026-10-09T08:54:41.635942+00:00,SIE_OLD_MR_REGIME_EXHAUSTION_CONFIRM_V1,BNB,BNBUSDT,strategy-lab-v1.0.0:SIE_OLD_MR_REGIME_EXHAUSTION_CONFIRM_V1,1791532800000,2026-10-09T08:00:00+00:00,743.79,744.42,741.5,742.84,80.64018511376787,737.4225,719.9064594942278,773.61485,3.51857142857142,0.004736647768794652,89.05608755129944,1.2500000000000162,False,TREND_SUPPORT_NOT_CONFIRMED|RSI_NOT_BELOW_32|CLOSE_NOT_NEAR_OR_BELOW_LOWER_BB|CLOSE_NOT_ABOVE_MA200|RSI_RECOVERY_NOT_CONFIRMED
2026-10-09T08:54:41.635942+00:00,SIE_OLD_MR_REGIME_EXHAUSTION_CONFIRM_V1,PAXG,PAXGUSDT,strategy-lab-v1.0.0:SIE_OLD_MR_REGIME_EXHAUSTION_CONFIRM_V1,1791507600000,2026-10-09T01:00:00+00:00,4145.63,4173.13,4145.63,4173.13,71.0106382978721,4133.398999999999,4109.9521214017295,4152.2474,12.291428571428566,0.002945373993004907,62.232396980571785,1.25,False,TREND_SUPPORT_NOT_CONFIRMED|RSI_NOT_BELOW_32|CLOSE_NOT_NEAR_OR_BELOW_LOWER_BB
2026-10-09T08:54:41.635942+00:00,SIE_OLD_MR_REGIME_EXHAUSTION_CONFIRM_V1,PAXG,PAXGUSDT,strategy-lab-v1.0.0:SIE_OLD_MR_REGIME_EXHAUSTION_CONFIRM_V1,1791511200000,2026-10-09T02:00:00+00:00,4172.2,4176.53,4167.26,4175.05,76.66466706658665,4135.773999999999,4106.323828251742,4152.32075,11.742857142857117,0.002812626709346503,71.0106382978721,1.25,False,TREND_SUPPORT_NOT_CONFIRMED|RSI_NOT_BELOW_32|CLOSE_NOT_NEAR_OR_BELOW_LOWER_BB
2026-10-09T08:54:41.635942+00:00,SIE_OLD_MR_REGIME_EXHAUSTION_CONFIRM_V1,PAXG,PAXGUSDT,strategy-lab-v1.0.0:SIE_OLD_MR_REGIME_EXHAUSTION_CONFIRM_V1,1791514800000,2026-10-09T03:00:00+00:00,4174.74,4176.41,4171.31,4176.03,74.09544950055488,4138.197999999999,4104.22165846649,4152.3776,10.962857142857047,0.0026251863954179083,76.66466706658665,1.2500000000000207,False,TREND_SUPPORT_NOT_CONFIRMED|RSI_NOT_BELOW_32|CLOSE_NOT_NEAR_OR_BELOW_LOWER_BB|RSI_RECOVERY_NOT_CONFIRMED
2026-10-09T08:54:41.635942+00:00,SIE_OLD_MR_REGIME_EXHAUSTION_CONFIRM_V1,PAXG,PAXGUSDT,strategy-lab-v1.0.0:SIE_OLD_MR_REGIME_EXHAUSTION_CONFIRM_V1,1791518400000,2026-10-09T04:00:00+00:00,4175.96,4182.59,4173.74,4181.39,81.20707127575693,4140.540999999999,4101.774363364852,4152.4533,10.553571428571363,0.002523938553584182,74.09544950055488,1.2500000000000215,False,TREND_SUPPORT_NOT_CONFIRMED|RSI_NOT_BELOW_32|CLOSE_NOT_NEAR_OR_BELOW_LOWER_BB
2026-10-09T08:54:41.635942+00:00,SIE_OLD_MR_REGIME_EXHAUSTION_CONFIRM_V1,PAXG,PAXGUSDT,strategy-lab-v1.0.0:SIE_OLD_MR_REGIME_EXHAUSTION_CONFIRM_V1,1791522000000,2026-10-09T05:00:00+00:00,4182.58,4202.33,4182.58,4190.21,94.35765912800174,4143.5725,4099.57857593086,4152.57445,11.142142857142712,0.0026590893671540835,81.20707127575693,1.2499999999999591,False,TREND_SUPPORT_NOT_CONFIRMED|PLANNED_REWARD_TOO_LOW|RSI_NOT_BELOW_32|CLOSE_NOT_NEAR_OR_BELOW_LOWER_BB
2026-10-09T08:54:41.635942+00:00,SIE_OLD_MR_REGIME_EXHAUSTION_CONFIRM_V1,PAXG,PAXGUSDT,strategy-lab-v1.0.0:SIE_OLD_MR_REGIME_EXHAUSTION_CONFIRM_V1,1791525600000,2026-10-09T06:00:00+00:00,4190.0,4194.22,4185.59,4193.38,93.82653061224475,4146.9485,4098.748015241016,4152.738249999999,10.313571428571322,0.0024594888678277005,94.35765912800174,1.25,False,TREND_SUPPORT_NOT_CONFIRMED|RSI_NOT_BELOW_32|CLOSE_NOT_NEAR_OR_BELOW_LOWER_BB|RSI_RECOVERY_NOT_CONFIRMED
2026-10-09T08:54:41.635942+00:00,SIE_OLD_MR_REGIME_EXHAUSTION_CONFIRM_V1,PAXG,PAXGUSDT,strategy-lab-v1.0.0:SIE_OLD_MR_REGIME_EXHAUSTION_CONFIRM_V1,1791529200000,2026-10-09T07:00:00+00:00,4193.16,4194.03,4182.13,4184.98,82.81635301752044,4149.753,4099.59442183035,4152.8508999999995,9.765714285714173,0.002333515162728179,93.82653061224475,1.2499999999999767,False,TREND_SUPPORT_NOT_CONFIRMED|PLANNED_REWARD_TOO_LOW|RSI_NOT_BELOW_32|CLOSE_NOT_NEAR_OR_BELOW_LOWER_BB|RSI_RECOVERY_NOT_CONFIRMED
2026-10-09T08:54:41.635942+00:00,SIE_OLD_MR_REGIME_EXHAUSTION_CONFIRM_V1,PAXG,PAXGUSDT,strategy-lab-v1.0.0:SIE_OLD_MR_REGIME_EXHAUSTION_CONFIRM_V1,1791532800000,2026-10-09T08:00:00+00:00,4185.11,4194.83,4185.11,4186.43,88.10584582151989,4152.989,4102.138683619463,4152.9848,9.792142857142803,0.00233901984677704,82.81635301752044,1.25,False,RSI_NOT_BELOW_32|CLOSE_NOT_NEAR_OR_BELOW_LOWER_BB
2026-10-09T16:57:40.581649+00:00,SIE_OLD_MR_REGIME_EXHAUSTION_CONFIRM_V1,BTC,BTCUSDT,strategy-lab-v1.0.0:SIE_OLD_MR_REGIME_EXHAUSTION_CONFIRM_V1,1791536400000,2026-10-09T09:00:00+00:00,82616.1,82623.57,82473.97,82582.34,74.33689594710724,81902.063,80749.21323080853,84541.8006,290.8057142857132,0.0035214031751305813,79.02426529265097,1.2499999999999876,False,TREND_SUPPORT_NOT_CONFIRMED|PLANNED_REWARD_TOO_LOW|RSI_NOT_BELOW_32|CLOSE_NOT_NEAR_OR_BELOW_LOWER_BB|CLOSE_NOT_ABOVE_MA200|RSI_RECOVERY_NOT_CONFIRMED
2026-10-09T16:57:40.581649+00:00,SIE_OLD_MR_REGIME_EXHAUSTION_CONFIRM_V1,BTC,BTCUSDT,strategy-lab-v1.0.0:SIE_OLD_MR_REGIME_EXHAUSTION_CONFIRM_V1,1791540000000,2026-10-09T10:00:00+00:00,82587.75,82655.46,82299.62,82487.05,70.17741874801757,81894.47099999999,80759.26564900977,84537.07944999999,301.39928571428544,0.0036538982266220627,74.33689594710724,1.2499999999999758,False,TREND_SUPPORT_NOT_CONFIRMED|PLANNED_REWARD_TOO_LOW|RSI_NOT_BELOW_32|CLOSE_NOT_NEAR_OR_BELOW_LOWER_BB|CLOSE_NOT_ABOVE_MA200|RSI_RECOVERY_NOT_CONFIRMED
2026-10-09T16:57:40.581649+00:00,SIE_OLD_MR_REGIME_EXHAUSTION_CONFIRM_V1,BTC,BTCUSDT,strategy-lab-v1.0.0:SIE_OLD_MR_REGIME_EXHAUSTION_CONFIRM_V1,1791543600000,2026-10-09T11:00:00+00:00,82485.54,83452.99,82362.97,83169.39,81.22737487231817,82004.8695,80825.50241071025,84534.44014999998,363.26785714285717,0.004367807160096487,70.17741874801757,1.24999999999999,False,TREND_SUPPORT_NOT_CONFIRMED|PLANNED_REWARD_TOO_LOW|RSI_NOT_BELOW_32|CLOSE_NOT_NEAR_OR_BELOW_LOWER_BB|CLOSE_NOT_ABOVE_MA200
2026-10-09T16:57:40.581649+00:00,SIE_OLD_MR_REGIME_EXHAUSTION_CONFIRM_V1,BTC,BTCUSDT,strategy-lab-v1.0.0:SIE_OLD_MR_REGIME_EXHAUSTION_CONFIRM_V1,1791547200000,2026-10-09T12:00:00+00:00,83169.38,83354.99,82854.64,82954.05,72.61730368903478,82108.25249999999,80977.70219219597,84528.91005,378.1578571428576,0.004558642491148505,81.22737487231817,1.25,False,TREND_SUPPORT_NOT_CONFIRMED|RSI_NOT_BELOW_32|CLOSE_NOT_NEAR_OR_BELOW_LOWER_BB|CLOSE_NOT_ABOVE_MA200|RSI_RECOVERY_NOT_CONFIRMED
2026-10-09T16:57:40.581649+00:00,SIE_OLD_MR_REGIME_EXHAUSTION_CONFIRM_V1,BTC,BTCUSDT,strategy-lab-v1.0.0:SIE_OLD_MR_REGIME_EXHAUSTION_CONFIRM_V1,1791550800000,2026-10-09T13:00:00+00:00,82954.06,83104.6,82413.0,82553.48,65.83099430908953,82201.93950000001,81266.76524061317,84520.4174,408.9957142857155,0.004954312214163661,72.61730368903478,1.2499999999999911,False,TREND_SUPPORT_NOT_CONFIRMED|PLANNED_REWARD_TOO_LOW|RSI_NOT_BELOW_32|CLOSE_NOT_NEAR_OR_BELOW_LOWER_BB|CLOSE_NOT_ABOVE_MA200|RSI_RECOVERY_NOT_CONFIRMED
2026-10-09T16:57:40.581649+00:00,SIE_OLD_MR_REGIME_EXHAUSTION_CONFIRM_V1,BTC,BTCUSDT,strategy-lab-v1.0.0:SIE_OLD_MR_REGIME_EXHAUSTION_CONFIRM_V1,1791554400000,2026-10-09T14:00:00+00:00,82553.5,83243.35,82387.65,82952.52,69.88421745459958,82277.68149999999,81357.10603112647,84514.80140000001,454.5407142857158,0.005479528702512181,65.83099430908953,1.250000000000016,False,TREND_SUPPORT_NOT_CONFIRMED|RSI_NOT_BELOW_32|CLOSE_NOT_NEAR_OR_BELOW_LOWER_BB|CLOSE_NOT_ABOVE_MA200
2026-10-09T16:57:40.581649+00:00,SIE_OLD_MR_REGIME_EXHAUSTION_CONFIRM_V1,BTC,BTCUSDT,strategy-lab-v1.0.0:SIE_OLD_MR_REGIME_EXHAUSTION_CONFIRM_V1,1791558000000,2026-10-09T15:00:00+00:00,82952.53,83006.99,82732.71,82807.48,64.618552625076,82332.5215,81422.97840513772,84511.9796,445.19714285714457,0.0053762914033508155,69.88421745459958,1.2499999999999918,False,TREND_SUPPORT_NOT_CONFIRMED|PLANNED_REWARD_TOO_LOW|RSI_NOT_BELOW_32|CLOSE_NOT_NEAR_OR_BELOW_LOWER_BB|CLOSE_NOT_ABOVE_MA200|RSI_RECOVERY_NOT_CONFIRMED
2026-10-09T16:57:40.581649+00:00,SIE_OLD_MR_REGIME_EXHAUSTION_CONFIRM_V1,BTC,BTCUSDT,strategy-lab-v1.0.0:SIE_OLD_MR_REGIME_EXHAUSTION_CONFIRM_V1,1791561600000,2026-10-09T16:00:00+00:00,82807.48,82949.45,82631.36,82720.74,61.129066289775444,82381.74750000001,81500.49641768825,84508.0079,434.88500000000204,0.0052572667991123145,64.618552625076,1.25,False,TREND_SUPPORT_NOT_CONFIRMED|RSI_NOT_BELOW_32|CLOSE_NOT_NEAR_OR_BELOW_LOWER_BB|CLOSE_NOT_ABOVE_MA200|RSI_RECOVERY_NOT_CONFIRMED
2026-10-09T16:57:40.581649+00:00,SIE_OLD_MR_REGIME_EXHAUSTION_CONFIRM_V1,SOL,SOLUSDT,strategy-lab-v1.0.0:SIE_OLD_MR_REGIME_EXHAUSTION_CONFIRM_V1,1791536400000,2026-10-09T09:00:00+00:00,110.52,110.61,110.22,110.33,61.4391143911438,109.67049999999999,107.09715606651528,118.31595000000002,0.8899999999999996,0.008066708964017035,70.06369426751591,1.249999999999996,False,TREND_SUPPORT_NOT_CONFIRMED|PLANNED_REWARD_TOO_LOW|RSI_NOT_BELOW_32|CLOSE_NOT_NEAR_OR_BELOW_LOWER_BB|CLOSE_NOT_ABOVE_MA200|RSI_RECOVERY_NOT_CONFIRMED
2026-10-09T16:57:40.581649+00:00,SIE_OLD_MR_REGIME_EXHAUSTION_CONFIRM_V1,SOL,SOLUSDT,strategy-lab-v1.0.0:SIE_OLD_MR_REGIME_EXHAUSTION_CONFIRM_V1,1791540000000,2026-10-09T10:00:00+00:00,110.34,110.48,109.29,109.68,48.59287054409015,109.53300000000002,107.29167806863839,118.2738,0.9071428571428564,0.008270813795977902,61.4391143911438,1.249999999999996,False,TREND_SUPPORT_NOT_CONFIRMED|PLANNED_REWARD_TOO_LOW|RSI_NOT_BELOW_32|CLOSE_NOT_NEAR_OR_BELOW_LOWER_BB|CLOSE_NOT_ABOVE_MA200|RSI_RECOVERY_NOT_CONFIRMED
2026-10-09T16:57:40.581649+00:00,SIE_OLD_MR_REGIME_EXHAUSTION_CONFIRM_V1,SOL,SOLUSDT,strategy-lab-v1.0.0:SIE_OLD_MR_REGIME_EXHAUSTION_CONFIRM_V1,1791543600000,2026-10-09T11:00:00+00:00,109.63,111.94,109.37,111.21,55.15548281505724,109.66999999999999,107.37110461307988,118.2369,0.9928571428571422,0.008927768571685481,48.59287054409015,1.2499999999999964,False,TREND_SUPPORT_NOT_CONFIRMED|PLANNED_REWARD_TOO_LOW|RSI_NOT_BELOW_32|CLOSE_NOT_NEAR_OR_BELOW_LOWER_BB|CLOSE_NOT_ABOVE_MA200
2026-10-09T16:57:40.581649+00:00,SIE_OLD_MR_REGIME_EXHAUSTION_CONFIRM_V1,SOL,SOLUSDT,strategy-lab-v1.0.0:SIE_OLD_MR_REGIME_EXHAUSTION_CONFIRM_V1,1791547200000,2026-10-09T12:00:00+00:00,111.17,111.28,110.1,110.34,50.4491017964072,109.8065,107.69665379707371,118.19345000000001,1.0249999999999997,0.009289468914264996,55.15548281505724,1.2500000000000069,False,TREND_SUPPORT_NOT_CONFIRMED|RSI_NOT_BELOW_32|CLOSE_NOT_NEAR_OR_BELOW_LOWER_BB|CLOSE_NOT_ABOVE_MA200|RSI_RECOVERY_NOT_CONFIRMED
2026-10-09T16:57:40.581649+00:00,SIE_OLD_MR_REGIME_EXHAUSTION_CONFIRM_V1,SOL,SOLUSDT,strategy-lab-v1.0.0:SIE_OLD_MR_REGIME_EXHAUSTION_CONFIRM_V1,1791550800000,2026-10-09T13:00:00+00:00,110.36,110.59,109.07,109.52,49.85207100591708,109.9675,108.58725545644896,118.14425000000001,1.057142857142857,0.00965250965250965,50.4491017964072,1.2499999999999933,False,TREND_SUPPORT_NOT_CONFIRMED|PLANNED_REWARD_TOO_LOW|RSI_NOT_BELOW_32|CLOSE_NOT_NEAR_OR_BELOW_LOWER_BB|CLOSE_NOT_ABOVE_MA200|RSI_RECOVERY_NOT_CONFIRMED
2026-10-09T16:57:40.581649+00:00,SIE_OLD_MR_REGIME_EXHAUSTION_CONFIRM_V1,SOL,SOLUSDT,strategy-lab-v1.0.0:SIE_OLD_MR_REGIME_EXHAUSTION_CONFIRM_V1,1791554400000,2026-10-09T14:00:00+00:00,109.49,110.75,109.07,109.99,55.17241379310343,110.066,109.0134716155835,118.09835,1.095,0.00995545049549959,49.85207100591708,1.2499999999999936,False,TREND_SUPPORT_NOT_CONFIRMED|PLANNED_REWARD_TOO_LOW|RSI_NOT_BELOW_32|CLOSE_NOT_NEAR_OR_BELOW_LOWER_BB|CLOSE_NOT_ABOVE_MA200
2026-10-09T16:57:40.581649+00:00,SIE_OLD_MR_REGIME_EXHAUSTION_CONFIRM_V1,SOL,SOLUSDT,strategy-lab-v1.0.0:SIE_OLD_MR_REGIME_EXHAUSTION_CONFIRM_V1,1791558000000,2026-10-09T15:00:00+00:00,109.98,110.04,109.27,109.61,51.657458563535876,110.09199999999998,109.11415338626018,118.05924999999999,1.087857142857143,0.009924798310894472,55.17241379310343,1.2500000000000033,False,TREND_SUPPORT_NOT_CONFIRMED|RSI_NOT_BELOW_32|CLOSE_NOT_NEAR_OR_BELOW_LOWER_BB|CLOSE_NOT_ABOVE_MA200|RSI_RECOVERY_NOT_CONFIRMED
2026-10-09T16:57:40.581649+00:00,SIE_OLD_MR_REGIME_EXHAUSTION_CONFIRM_V1,SOL,SOLUSDT,strategy-lab-v1.0.0:SIE_OLD_MR_REGIME_EXHAUSTION_CONFIRM_V1,1791561600000,2026-10-09T16:00:00+00:00,109.6,110.01,109.37,109.68,45.736434108527156,110.0845,109.09648228760695,118.0184,1.0235714285714295,0.009332343440658546,51.657458563535876,1.2499999999999964,False,TREND_SUPPORT_NOT_CONFIRMED|PLANNED_REWARD_TOO_LOW|RSI_NOT_BELOW_32|CLOSE_NOT_NEAR_OR_BELOW_LOWER_BB|CLOSE_NOT_ABOVE_MA200|RSI_RECOVERY_NOT_CONFIRMED
2026-10-09T16:57:40.581649+00:00,SIE_OLD_MR_REGIME_EXHAUSTION_CONFIRM_V1,XRP,XRPUSDT,strategy-lab-v1.0.0:SIE_OLD_MR_REGIME_EXHAUSTION_CONFIRM_V1,1791536400000,2026-10-09T09:00:00+00:00,1.4032,1.4033,1.3974,1.3998,78.11860940695273,1.380955,1.3379342387329016,1.4754145,0.00881428571428571,0.006296817912763045,87.84246575342452,1.2500000000000127,False,TREND_SUPPORT_NOT_CONFIRMED|RSI_NOT_BELOW_32|CLOSE_NOT_NEAR_OR_BELOW_LOWER_BB|CLOSE_NOT_ABOVE_MA200|RSI_RECOVERY_NOT_CONFIRMED
2026-10-09T16:57:40.581649+00:00,SIE_OLD_MR_REGIME_EXHAUSTION_CONFIRM_V1,XRP,XRPUSDT,strategy-lab-v1.0.0:SIE_OLD_MR_REGIME_EXHAUSTION_CONFIRM_V1,1791540000000,2026-10-09T10:00:00+00:00,1.3999,1.401,1.3795,1.3848,56.51438240270729,1.38001,1.3382164167604562,1.47488,0.009871428571428578,0.007128414624081873,78.11860940695273,1.25,False,TREND_SUPPORT_NOT_CONFIRMED|RSI_NOT_BELOW_32|CLOSE_NOT_NEAR_OR_BELOW_LOWER_BB|CLOSE_NOT_ABOVE_MA200|RSI_RECOVERY_NOT_CONFIRMED
2026-10-09T16:57:40.581649+00:00,SIE_OLD_MR_REGIME_EXHAUSTION_CONFIRM_V1,XRP,XRPUSDT,strategy-lab-v1.0.0:SIE_OLD_MR_REGIME_EXHAUSTION_CONFIRM_V1,1791543600000,2026-10-09T11:00:00+00:00,1.3846,1.4062,1.3819,1.4007,66.53171390013486,1.38277,1.3432268539440695,1.4743835,0.010757142857142863,0.007679833552611453,56.51438240270729,1.25,False,TREND_SUPPORT_NOT_CONFIRMED|RSI_NOT_BELOW_32|CLOSE_NOT_NEAR_OR_BELOW_LOWER_BB|CLOSE_NOT_ABOVE_MA200
2026-10-09T16:57:40.581649+00:00,SIE_OLD_MR_REGIME_EXHAUSTION_CONFIRM_V1,XRP,XRPUSDT,strategy-lab-v1.0.0:SIE_OLD_MR_REGIME_EXHAUSTION_CONFIRM_V1,1791547200000,2026-10-09T12:00:00+00:00,1.4002,1.4022,1.386,1.3897,54.79797979797967,1.38509,1.349874100181869,1.4738145,0.011392857142857158,0.008198069470286506,66.53171390013486,1.2499999999999951,False,TREND_SUPPORT_NOT_CONFIRMED|PLANNED_REWARD_TOO_LOW|RSI_NOT_BELOW_32|CLOSE_NOT_NEAR_OR_BELOW_LOWER_BB|CLOSE_NOT_ABOVE_MA200|RSI_RECOVERY_NOT_CONFIRMED
2026-10-09T16:57:40.581649+00:00,SIE_OLD_MR_REGIME_EXHAUSTION_CONFIRM_V1,XRP,XRPUSDT,strategy-lab-v1.0.0:SIE_OLD_MR_REGIME_EXHAUSTION_CONFIRM_V1,1791550800000,2026-10-09T13:00:00+00:00,1.3898,1.3918,1.376,1.3789,49.65675057208242,1.3877549999999998,1.3651363815629556,1.473168,0.011864285714285725,0.008604166882504696,54.79797979797967,1.2500000000000093,False,TREND_SUPPORT_NOT_CONFIRMED|RSI_NOT_BELOW_32|CLOSE_NOT_NEAR_OR_BELOW_LOWER_BB|CLOSE_NOT_ABOVE_MA200|RSI_RECOVERY_NOT_CONFIRMED
2026-10-09T16:57:40.581649+00:00,SIE_OLD_MR_REGIME_EXHAUSTION_CONFIRM_V1,XRP,XRPUSDT,strategy-lab-v1.0.0:SIE_OLD_MR_REGIME_EXHAUSTION_CONFIRM_V1,1791554400000,2026-10-09T14:00:00+00:00,1.3789,1.3911,1.3731,1.3827,47.24220623501203,1.38893,1.370272229500806,1.4725545,0.01242857142857144,0.008988624740414725,49.65675057208242,1.2500000000000089,False,TREND_SUPPORT_NOT_CONFIRMED|RSI_NOT_BELOW_32|CLOSE_NOT_NEAR_OR_BELOW_LOWER_BB|CLOSE_NOT_ABOVE_MA200|RSI_RECOVERY_NOT_CONFIRMED
2026-10-09T16:57:40.581649+00:00,SIE_OLD_MR_REGIME_EXHAUSTION_CONFIRM_V1,XRP,XRPUSDT,strategy-lab-v1.0.0:SIE_OLD_MR_REGIME_EXHAUSTION_CONFIRM_V1,1791558000000,2026-10-09T15:00:00+00:00,1.3825,1.3838,1.3767,1.3814,45.289855072463766,1.3893849999999999,1.3719691135740786,1.4720294999999999,0.012107142857142856,0.008764400504664005,47.24220623501203,1.249999999999991,False,TREND_SUPPORT_NOT_CONFIRMED|PLANNED_REWARD_TOO_LOW|RSI_NOT_BELOW_32|CLOSE_NOT_NEAR_OR_BELOW_LOWER_BB|CLOSE_NOT_ABOVE_MA200|RSI_RECOVERY_NOT_CONFIRMED
2026-10-09T16:57:40.581649+00:00,SIE_OLD_MR_REGIME_EXHAUSTION_CONFIRM_V1,XRP,XRPUSDT,strategy-lab-v1.0.0:SIE_OLD_MR_REGIME_EXHAUSTION_CONFIRM_V1,1791561600000,2026-10-09T16:00:00+00:00,1.3812,1.3874,1.3789,1.3833,45.3558504221954,1.3896950000000001,1.3729573209494093,1.4715110000000002,0.011685714285714284,0.008447707862151582,45.289855072463766,1.2499999999999953,False,TREND_SUPPORT_NOT_CONFIRMED|PLANNED_REWARD_TOO_LOW|RSI_NOT_BELOW_32|CLOSE_NOT_NEAR_OR_BELOW_LOWER_BB|CLOSE_NOT_ABOVE_MA200
2026-10-09T16:57:40.581649+00:00,SIE_OLD_MR_REGIME_EXHAUSTION_CONFIRM_V1,DOGE,DOGEUSDT,strategy-lab-v1.0.0:SIE_OLD_MR_REGIME_EXHAUSTION_CONFIRM_V1,1791536400000,2026-10-09T09:00:00+00:00,0.08516,0.08516,0.08484,0.08502,69.60486322188449,0.084318,0.08185281359731178,0.09240259999999999,0.0005164285714285705,0.006074201028329457,77.51937984496134,1.2500000000000067,False,TREND_SUPPORT_NOT_CONFIRMED|RSI_NOT_BELOW_32|CLOSE_NOT_NEAR_OR_BELOW_LOWER_BB|CLOSE_NOT_ABOVE_MA200|RSI_RECOVERY_NOT_CONFIRMED
2026-10-09T16:57:40.581649+00:00,SIE_OLD_MR_REGIME_EXHAUSTION_CONFIRM_V1,DOGE,DOGEUSDT,strategy-lab-v1.0.0:SIE_OLD_MR_REGIME_EXHAUSTION_CONFIRM_V1,1791540000000,2026-10-09T10:00:00+00:00,0.08503,0.08505,0.084,0.08423,49.859943977591094,0.08417549999999999,0.08206085132941689,0.09234730000000001,0.0005449999999999988,0.006470378724919849,69.60486322188449,1.2500000000000064,False,TREND_SUPPORT_NOT_CONFIRMED|RSI_NOT_BELOW_32|CLOSE_NOT_NEAR_OR_BELOW_LOWER_BB|CLOSE_NOT_ABOVE_MA200|RSI_RECOVERY_NOT_CONFIRMED
2026-10-09T16:57:40.581649+00:00,SIE_OLD_MR_REGIME_EXHAUSTION_CONFIRM_V1,DOGE,DOGEUSDT,strategy-lab-v1.0.0:SIE_OLD_MR_REGIME_EXHAUSTION_CONFIRM_V1,1791543600000,2026-10-09T11:00:00+00:00,0.08422,0.08552,0.08404,0.08495,57.68321513002362,0.08429149999999999,0.08227651339954853,0.09229369999999999,0.0006199999999999985,0.007298410829899923,49.859943977591094,1.2500000000000056,False,TREND_SUPPORT_NOT_CONFIRMED|RSI_NOT_BELOW_32|CLOSE_NOT_NEAR_OR_BELOW_LOWER_BB|CLOSE_NOT_ABOVE_MA200
2026-10-09T16:57:40.581649+00:00,SIE_OLD_MR_REGIME_EXHAUSTION_CONFIRM_V1,DOGE,DOGEUSDT,strategy-lab-v1.0.0:SIE_OLD_MR_REGIME_EXHAUSTION_CONFIRM_V1,1791547200000,2026-10-09T12:00:00+00:00,0.08494,0.08518,0.08446,0.08473,53.472222222222165,0.08441950000000001,0.08264948898308544,0.09223885000000001,0.0006485714285714279,0.007654566606531664,57.68321513002362,1.2500000000000053,False,TREND_SUPPORT_NOT_CONFIRMED|RSI_NOT_BELOW_32|CLOSE_NOT_NEAR_OR_BELOW_LOWER_BB|CLOSE_NOT_ABOVE_MA200|RSI_RECOVERY_NOT_CONFIRMED
2026-10-09T16:57:40.581649+00:00,SIE_OLD_MR_REGIME_EXHAUSTION_CONFIRM_V1,DOGE,DOGEUSDT,strategy-lab-v1.0.0:SIE_OLD_MR_REGIME_EXHAUSTION_CONFIRM_V1,1791550800000,2026-10-09T13:00:00+00:00,0.08474,0.08488,0.08415,0.0844,54.73933649289099,0.08456749999999999,0.08344059494632466,0.09218185,0.0006492857142857134,0.007692958700067694,53.472222222222165,1.2499999999999893,False,TREND_SUPPORT_NOT_CONFIRMED|PLANNED_REWARD_TOO_LOW|RSI_NOT_BELOW_32|CLOSE_NOT_NEAR_OR_BELOW_LOWER_BB|CLOSE_NOT_ABOVE_MA200|RSI_RECOVERY_NOT_CONFIRMED
2026-10-09T16:57:40.581649+00:00,SIE_OLD_MR_REGIME_EXHAUSTION_CONFIRM_V1,DOGE,DOGEUSDT,strategy-lab-v1.0.0:SIE_OLD_MR_REGIME_EXHAUSTION_CONFIRM_V1,1791554400000,2026-10-09T14:00:00+00:00,0.0844,0.08504,0.08388,0.08456,54.41527446300712,0.0846445,0.08376856678336815,0.092126,0.0006942857142857138,0.00821056899581024,54.73933649289099,1.249999999999995,False,TREND_SUPPORT_NOT_CONFIRMED|PLANNED_REWARD_TOO_LOW|RSI_NOT_BELOW_32|CLOSE_NOT_NEAR_OR_BELOW_LOWER_BB|CLOSE_NOT_ABOVE_MA200|RSI_RECOVERY_NOT_CONFIRMED
2026-10-09T16:57:40.581649+00:00,SIE_OLD_MR_REGIME_EXHAUSTION_CONFIRM_V1,DOGE,DOGEUSDT,strategy-lab-v1.0.0:SIE_OLD_MR_REGIME_EXHAUSTION_CONFIRM_V1,1791558000000,2026-10-09T15:00:00+00:00,0.08456,0.08465,0.0842,0.08455,48.108108108108084,0.0846855,0.08391409932590188,0.09207739999999999,0.0006671428571428573,0.007890512798851062,54.41527446300712,1.250000000000005,False,TREND_SUPPORT_NOT_CONFIRMED|RSI_NOT_BELOW_32|CLOSE_NOT_NEAR_OR_BELOW_LOWER_BB|CLOSE_NOT_ABOVE_MA200|RSI_RECOVERY_NOT_CONFIRMED
2026-10-09T16:57:40.581649+00:00,SIE_OLD_MR_REGIME_EXHAUSTION_CONFIRM_V1,DOGE,DOGEUSDT,strategy-lab-v1.0.0:SIE_OLD_MR_REGIME_EXHAUSTION_CONFIRM_V1,1791561600000,2026-10-09T16:00:00+00:00,0.08454,0.08496,0.0844,0.08477,50.64267352185083,0.08471200000000001,0.08396769898562544,0.0920292,0.000647142857142856,0.007634102361010452,48.108108108108084,1.2499999999999947,False,TREND_SUPPORT_NOT_CONFIRMED|PLANNED_REWARD_TOO_LOW|RSI_NOT_BELOW_32|CLOSE_NOT_NEAR_OR_BELOW_LOWER_BB|CLOSE_NOT_ABOVE_MA200
2026-10-09T16:57:40.581649+00:00,SIE_OLD_MR_REGIME_EXHAUSTION_CONFIRM_V1,BNB,BNBUSDT,strategy-lab-v1.0.0:SIE_OLD_MR_REGIME_EXHAUSTION_CONFIRM_V1,1791536400000,2026-10-09T09:00:00+00:00,742.94,743.18,741.42,742.29,76.49789029535849,736.7524999999999,721.2147757457903,773.4833,3.3014285714285654,0.004447626360894752,81.61592505854787,1.2499999999999913,False,TREND_SUPPORT_NOT_CONFIRMED|PLANNED_REWARD_TOO_LOW|RSI_NOT_BELOW_32|CLOSE_NOT_NEAR_OR_BELOW_LOWER_BB|CLOSE_NOT_ABOVE_MA200|RSI_RECOVERY_NOT_CONFIRMED
2026-10-09T16:57:40.581649+00:00,SIE_OLD_MR_REGIME_EXHAUSTION_CONFIRM_V1,BNB,BNBUSDT,strategy-lab-v1.0.0:SIE_OLD_MR_REGIME_EXHAUSTION_CONFIRM_V1,1791540000000,2026-10-09T10:00:00+00:00,741.76,743.59,740.92,741.52,68.62939139040068,736.0055,723.1191685204884,773.3498999999999,3.1600000000000006,0.004261516884237783,76.49789029535849,1.249999999999991,False,TREND_SUPPORT_NOT_CONFIRMED|PLANNED_REWARD_TOO_LOW|RSI_NOT_BELOW_32|CLOSE_NOT_NEAR_OR_BELOW_LOWER_BB|CLOSE_NOT_ABOVE_MA200|RSI_RECOVERY_NOT_CONFIRMED
2026-10-09T16:57:40.581649+00:00,SIE_OLD_MR_REGIME_EXHAUSTION_CONFIRM_V1,BNB,BNBUSDT,strategy-lab-v1.0.0:SIE_OLD_MR_REGIME_EXHAUSTION_CONFIRM_V1,1791543600000,2026-10-09T11:00:00+00:00,741.42,745.2,739.06,742.68,70.29053420805988,736.589,723.6038378523851,773.2179,3.4450000000000096,0.004638606129153888,68.62939139040068,1.2500000000000082,False,TREND_SUPPORT_NOT_CONFIRMED|RSI_NOT_BELOW_32|CLOSE_NOT_NEAR_OR_BELOW_LOWER_BB|CLOSE_NOT_ABOVE_MA200
2026-10-09T16:57:40.581649+00:00,SIE_OLD_MR_REGIME_EXHAUSTION_CONFIRM_V1,BNB,BNBUSDT,strategy-lab-v1.0.0:SIE_OLD_MR_REGIME_EXHAUSTION_CONFIRM_V1,1791547200000,2026-10-09T12:00:00+00:00,742.32,744.28,740.29,741.31,61.21730382293743,737.467,725.7614250888795,773.0773499999999,3.5007142857143014,0.00472233517113529,70.29053420805988,1.2500000000000082,False,TREND_SUPPORT_NOT_CONFIRMED|RSI_NOT_BELOW_32|CLOSE_NOT_NEAR_OR_BELOW_LOWER_BB|CLOSE_NOT_ABOVE_MA200|RSI_RECOVERY_NOT_CONFIRMED
2026-10-09T16:57:40.581649+00:00,SIE_OLD_MR_REGIME_EXHAUSTION_CONFIRM_V1,BNB,BNBUSDT,strategy-lab-v1.0.0:SIE_OLD_MR_REGIME_EXHAUSTION_CONFIRM_V1,1791550800000,2026-10-09T13:00:00+00:00,741.55,742.67,737.28,738.37,57.81472684085504,738.2945,729.049024403804,772.9113000000001,3.6257142857143014,0.004910430117304741,61.21730382293743,1.2500000000000078,False,TREND_SUPPORT_NOT_CONFIRMED|RSI_NOT_BELOW_32|CLOSE_NOT_NEAR_OR_BELOW_LOWER_BB|CLOSE_NOT_ABOVE_MA200|RSI_RECOVERY_NOT_CONFIRMED
2026-10-09T16:57:40.581649+00:00,SIE_OLD_MR_REGIME_EXHAUSTION_CONFIRM_V1,BNB,BNBUSDT,strategy-lab-v1.0.0:SIE_OLD_MR_REGIME_EXHAUSTION_CONFIRM_V1,1791554400000,2026-10-09T14:00:00+00:00,738.37,742.52,736.2,740.24,62.76262852033988,738.9590000000001,731.2954475600504,772.7606,3.8700000000000125,0.005228034151086151,57.81472684085504,1.2499999999999927,False,TREND_SUPPORT_NOT_CONFIRMED|PLANNED_REWARD_TOO_LOW|RSI_NOT_BELOW_32|CLOSE_NOT_NEAR_OR_BELOW_LOWER_BB|CLOSE_NOT_ABOVE_MA200
2026-10-09T16:57:40.581649+00:00,SIE_OLD_MR_REGIME_EXHAUSTION_CONFIRM_V1,BNB,BNBUSDT,strategy-lab-v1.0.0:SIE_OLD_MR_REGIME_EXHAUSTION_CONFIRM_V1,1791558000000,2026-10-09T15:00:00+00:00,739.99,740.68,737.2,739.5,56.830080913850594,739.4475,733.0600783762259,772.6409,3.833571428571434,0.0051840046363373,62.76262852033988,1.2499999999999927,False,TREND_SUPPORT_NOT_CONFIRMED|PLANNED_REWARD_TOO_LOW|RSI_NOT_BELOW_32|CLOSE_NOT_NEAR_OR_BELOW_LOWER_BB|CLOSE_NOT_ABOVE_MA200|RSI_RECOVERY_NOT_CONFIRMED
2026-10-09T16:57:40.581649+00:00,SIE_OLD_MR_REGIME_EXHAUSTION_CONFIRM_V1,BNB,BNBUSDT,strategy-lab-v1.0.0:SIE_OLD_MR_REGIME_EXHAUSTION_CONFIRM_V1,1791561600000,2026-10-09T16:00:00+00:00,739.11,742.19,738.98,740.7,53.5586277521764,739.783,733.8918367871992,772.5151000000001,3.6021428571428618,0.004863160330961066,56.830080913850594,1.250000000000008,False,TREND_SUPPORT_NOT_CONFIRMED|RSI_NOT_BELOW_32|CLOSE_NOT_NEAR_OR_BELOW_LOWER_BB|CLOSE_NOT_ABOVE_MA200|RSI_RECOVERY_NOT_CONFIRMED
2026-10-09T16:57:40.581649+00:00,SIE_OLD_MR_REGIME_EXHAUSTION_CONFIRM_V1,PAXG,PAXGUSDT,strategy-lab-v1.0.0:SIE_OLD_MR_REGIME_EXHAUSTION_CONFIRM_V1,1791536400000,2026-10-09T09:00:00+00:00,4182.97,4184.61,4179.72,4183.04,84.58781362007169,4155.3445,4104.16923469536,4153.06855,9.871428571428494,0.002359869513901013,85.66250503423252,1.249999999999954,False,PLANNED_REWARD_TOO_LOW|RSI_NOT_BELOW_32|CLOSE_NOT_NEAR_OR_BELOW_LOWER_BB|RSI_RECOVERY_NOT_CONFIRMED
2026-10-09T16:57:40.581649+00:00,SIE_OLD_MR_REGIME_EXHAUSTION_CONFIRM_V1,PAXG,PAXGUSDT,strategy-lab-v1.0.0:SIE_OLD_MR_REGIME_EXHAUSTION_CONFIRM_V1,1791540000000,2026-10-09T10:00:00+00:00,4182.58,4182.58,4176.3,4176.77,77.24903087822531,4157.885,4107.763030166401,4153.107099999999,10.157142857142778,0.002431817614362959,84.58781362007169,1.2500000000000449,False,RSI_NOT_BELOW_32|CLOSE_NOT_NEAR_OR_BELOW_LOWER_BB|RSI_RECOVERY_NOT_CONFIRMED
2026-10-09T16:57:40.581649+00:00,SIE_OLD_MR_REGIME_EXHAUSTION_CONFIRM_V1,PAXG,PAXGUSDT,strategy-lab-v1.0.0:SIE_OLD_MR_REGIME_EXHAUSTION_CONFIRM_V1,1791543600000,2026-10-09T11:00:00+00:00,4177.51,4182.14,4173.14,4179.64,78.2406810266994,4161.1615,4114.46379201556,4153.10085,10.67071428571418,0.002553022338219124,77.24903087822531,1.2499999999999574,False,PLANNED_REWARD_TOO_LOW|RSI_NOT_BELOW_32|CLOSE_NOT_NEAR_OR_BELOW_LOWER_BB
2026-10-09T16:57:40.581649+00:00,SIE_OLD_MR_REGIME_EXHAUSTION_CONFIRM_V1,PAXG,PAXGUSDT,strategy-lab-v1.0.0:SIE_OLD_MR_REGIME_EXHAUSTION_CONFIRM_V1,1791547200000,2026-10-09T12:00:00+00:00,4181.27,4185.61,4167.8,4172.38,70.3380454824831,4163.5475,4119.7684753991725,4153.0355,11.31214285714272,0.0027111966928090726,78.2406810266994,1.25,False,RSI_NOT_BELOW_32|CLOSE_NOT_NEAR_OR_BELOW_LOWER_BB|RSI_RECOVERY_NOT_CONFIRMED
2026-10-09T16:57:40.581649+00:00,SIE_OLD_MR_REGIME_EXHAUSTION_CONFIRM_V1,PAXG,PAXGUSDT,strategy-lab-v1.0.0:SIE_OLD_MR_REGIME_EXHAUSTION_CONFIRM_V1,1791550800000,2026-10-09T13:00:00+00:00,4175.45,4191.81,4171.85,4185.13,72.42285714285703,4166.083500000001,4123.489605003186,4152.9917,12.132142857142687,0.0028988688182070062,70.3380454824831,1.25,False,RSI_NOT_BELOW_32|CLOSE_NOT_NEAR_OR_BELOW_LOWER_BB
2026-10-09T16:57:40.581649+00:00,SIE_OLD_MR_REGIME_EXHAUSTION_CONFIRM_V1,PAXG,PAXGUSDT,strategy-lab-v1.0.0:SIE_OLD_MR_REGIME_EXHAUSTION_CONFIRM_V1,1791554400000,2026-10-09T14:00:00+00:00,4184.27,4186.57,4177.4,4178.23,67.31463777352843,4168.496,4129.002023041488,4152.9469,12.25785714285699,0.002933743987970263,72.42285714285703,1.25,False,RSI_NOT_BELOW_32|CLOSE_NOT_NEAR_OR_BELOW_LOWER_BB|RSI_RECOVERY_NOT_CONFIRMED
2026-10-09T16:57:40.581649+00:00,SIE_OLD_MR_REGIME_EXHAUSTION_CONFIRM_V1,PAXG,PAXGUSDT,strategy-lab-v1.0.0:SIE_OLD_MR_REGIME_EXHAUSTION_CONFIRM_V1,1791558000000,2026-10-09T15:00:00+00:00,4177.43,4186.88,4176.85,4183.26,57.06711315752754,4170.9195,4134.141013639095,4153.0138,11.00999999999983,0.0026319186471794316,67.31463777352843,1.2500000000000413,False,RSI_NOT_BELOW_32|CLOSE_NOT_NEAR_OR_BELOW_LOWER_BB|RSI_RECOVERY_NOT_CONFIRMED
2026-10-09T16:57:40.581649+00:00,SIE_OLD_MR_REGIME_EXHAUSTION_CONFIRM_V1,PAXG,PAXGUSDT,strategy-lab-v1.0.0:SIE_OLD_MR_REGIME_EXHAUSTION_CONFIRM_V1,1791561600000,2026-10-09T16:00:00+00:00,4184.77,4188.33,4180.79,4186.33,57.74512496566853,4173.436,4139.806424088324,4153.14045,10.88642857142843,0.002600470715741098,57.06711315752754,1.2499999999999583,False,PLANNED_REWARD_TOO_LOW|RSI_NOT_BELOW_32|CLOSE_NOT_NEAR_OR_BELOW_LOWER_BB
2026-10-09T22:34:15.567312+00:00,SIE_OLD_MR_REGIME_EXHAUSTION_CONFIRM_V1,BTC,BTCUSDT,strategy-lab-v1.0.0:SIE_OLD_MR_REGIME_EXHAUSTION_CONFIRM_V1,1791565200000,2026-10-09T17:00:00+00:00,82668.39,82715.9,82428.28,82643.61,55.16259558852822,82429.27,81613.83377465836,84502.2418,427.2428571428588,0.005169702256990695,60.07576904594194,1.2500000000000084,False,TREND_SUPPORT_NOT_CONFIRMED|RSI_NOT_BELOW_32|CLOSE_NOT_NEAR_OR_BELOW_LOWER_BB|CLOSE_NOT_ABOVE_MA200|RSI_RECOVERY_NOT_CONFIRMED
2026-10-09T22:34:15.567312+00:00,SIE_OLD_MR_REGIME_EXHAUSTION_CONFIRM_V1,BTC,BTCUSDT,strategy-lab-v1.0.0:SIE_OLD_MR_REGIME_EXHAUSTION_CONFIRM_V1,1791568800000,2026-10-09T18:00:00+00:00,82643.61,82664.81,82233.09,82369.11,53.40932606141386,82455.7595,81685.53543664023,84494.42350000002,434.4285714285735,0.005274168573978443,55.16259558852822,1.25,False,TREND_SUPPORT_NOT_CONFIRMED|RSI_NOT_BELOW_32|CLOSE_NOT_NEAR_OR_BELOW_LOWER_BB|CLOSE_NOT_ABOVE_MA200|RSI_RECOVERY_NOT_CONFIRMED
2026-10-09T22:34:15.567312+00:00,SIE_OLD_MR_REGIME_EXHAUSTION_CONFIRM_V1,BTC,BTCUSDT,strategy-lab-v1.0.0:SIE_OLD_MR_REGIME_EXHAUSTION_CONFIRM_V1,1791572400000,2026-10-09T19:00:00+00:00,82369.12,82495.22,82198.0,82252.59,49.39904603811633,82483.7495,81789.52876785609,84486.27635000001,427.5321428571447,0.0051977955084106745,53.40932606141386,1.25,False,TREND_SUPPORT_NOT_CONFIRMED|RSI_NOT_BELOW_32|CLOSE_NOT_NEAR_OR_BELOW_LOWER_BB|CLOSE_NOT_ABOVE_MA200|RSI_RECOVERY_NOT_CONFIRMED
2026-10-09T22:34:15.567312+00:00,SIE_OLD_MR_REGIME_EXHAUSTION_CONFIRM_V1,BTC,BTCUSDT,strategy-lab-v1.0.0:SIE_OLD_MR_REGIME_EXHAUSTION_CONFIRM_V1,1791576000000,2026-10-09T20:00:00+00:00,82252.36,82454.91,82227.7,82431.36,48.550949120314506,82519.019,81916.7983990277,84479.89285,421.5407142857169,0.005113839129740391,49.39904603811633,1.2499999999999827,False,TREND_SUPPORT_NOT_CONFIRMED|PLANNED_REWARD_TOO_LOW|RSI_NOT_BELOW_32|CLOSE_NOT_NEAR_OR_BELOW_LOWER_BB|CLOSE_NOT_ABOVE_MA200|RSI_RECOVERY_NOT_CONFIRMED
2026-10-09T22:34:15.567312+00:00,SIE_OLD_MR_REGIME_EXHAUSTION_CONFIRM_V1,BTC,BTCUSDT,strategy-lab-v1.0.0:SIE_OLD_MR_REGIME_EXHAUSTION_CONFIRM_V1,1791579600000,2026-10-09T21:00:00+00:00,82431.36,82526.3,82408.63,82465.99,47.87629327138156,82546.31399999998,82009.18383914934,84472.6551,416.86214285714544,0.005054958327149719,48.550949120314506,1.2500000000000087,False,TREND_SUPPORT_NOT_CONFIRMED|RSI_NOT_BELOW_32|CLOSE_NOT_NEAR_OR_BELOW_LOWER_BB|CLOSE_NOT_ABOVE_MA200|RSI_RECOVERY_NOT_CONFIRMED
2026-10-09T22:34:15.567312+00:00,SIE_OLD_MR_REGIME_EXHAUSTION_CONFIRM_V1,BTC,BTCUSDT,strategy-lab-v1.0.0:SIE_OLD_MR_REGIME_EXHAUSTION_CONFIRM_V1,1791583200000,2026-10-09T22:00:00+00:00,82465.99,82500.0,82358.02,82445.56,46.91061918046437,82565.7845,82074.8970052128,84464.75085000001,409.92142857143125,0.004972025522919988,47.87629327138156,1.2499999999999822,False,TREND_SUPPORT_NOT_CONFIRMED|PLANNED_REWARD_TOO_LOW|RSI_NOT_BELOW_32|CLOSE_NOT_NEAR_OR_BELOW_LOWER_BB|CLOSE_NOT_ABOVE_MA200|RSI_RECOVERY_NOT_CONFIRMED
2026-10-09T22:34:15.567312+00:00,SIE_OLD_MR_REGIME_EXHAUSTION_CONFIRM_V1,SOL,SOLUSDT,strategy-lab-v1.0.0:SIE_OLD_MR_REGIME_EXHAUSTION_CONFIRM_V1,1791565200000,2026-10-09T17:00:00+00:00,109.71,109.88,109.27,109.81,45.90417310664605,110.046,109.078417445381,117.97925,1.0257142857142867,0.009340809450089124,45.736434108527156,1.25,False,TREND_SUPPORT_NOT_CONFIRMED|RSI_NOT_BELOW_32|CLOSE_NOT_NEAR_OR_BELOW_LOWER_BB|CLOSE_NOT_ABOVE_MA200
2026-10-09T22:34:15.567312+00:00,SIE_OLD_MR_REGIME_EXHAUSTION_CONFIRM_V1,SOL,SOLUSDT,strategy-lab-v1.0.0:SIE_OLD_MR_REGIME_EXHAUSTION_CONFIRM_V1,1791568800000,2026-10-09T18:00:00+00:00,109.83,109.92,109.06,109.38,46.55172413793105,110.001,108.99806630328669,117.93635,1.017142857142859,0.009299166731969821,45.90417310664605,1.25,False,TREND_SUPPORT_NOT_CONFIRMED|RSI_NOT_BELOW_32|CLOSE_NOT_NEAR_OR_BELOW_LOWER_BB|CLOSE_NOT_ABOVE_MA200|RSI_RECOVERY_NOT_CONFIRMED
2026-10-09T22:34:15.567312+00:00,SIE_OLD_MR_REGIME_EXHAUSTION_CONFIRM_V1,SOL,SOLUSDT,strategy-lab-v1.0.0:SIE_OLD_MR_REGIME_EXHAUSTION_CONFIRM_V1,1791572400000,2026-10-09T19:00:00+00:00,109.4,109.63,108.31,108.38,36.819484240687636,109.94300000000001,108.72832144169618,117.88865,1.0464285714285728,0.009655181504231157,46.55172413793105,1.25,False,TREND_SUPPORT_NOT_CONFIRMED|RSI_NOT_BELOW_32|CLOSE_NOT_ABOVE_MA200|RSI_RECOVERY_NOT_CONFIRMED
2026-10-09T22:34:15.567312+00:00,SIE_OLD_MR_REGIME_EXHAUSTION_CONFIRM_V1,SOL,SOLUSDT,strategy-lab-v1.0.0:SIE_OLD_MR_REGIME_EXHAUSTION_CONFIRM_V1,1791576000000,2026-10-09T20:00:00+00:00,108.39,109.18,108.36,108.94,38.83495145631067,109.9265,108.66754368622138,117.8468,1.0642857142857156,0.009769466810039614,36.819484240687636,1.2500000000000067,False,TREND_SUPPORT_NOT_CONFIRMED|RSI_NOT_BELOW_32|CLOSE_NOT_NEAR_OR_BELOW_LOWER_BB|CLOSE_NOT_ABOVE_MA200
2026-10-09T22:34:15.567312+00:00,SIE_OLD_MR_REGIME_EXHAUSTION_CONFIRM_V1,SOL,SOLUSDT,strategy-lab-v1.0.0:SIE_OLD_MR_REGIME_EXHAUSTION_CONFIRM_V1,1791579600000,2026-10-09T21:00:00+00:00,108.94,109.14,108.85,108.94,38.49372384937233,109.905,108.59510687458744,117.80175,1.047142857142859,0.009612106270817504,38.83495145631067,1.2500000000000069,False,TREND_SUPPORT_NOT_CONFIRMED|RSI_NOT_BELOW_32|CLOSE_NOT_NEAR_OR_BELOW_LOWER_BB|CLOSE_NOT_ABOVE_MA200|RSI_RECOVERY_NOT_CONFIRMED
2026-10-09T22:34:15.567312+00:00,SIE_OLD_MR_REGIME_EXHAUSTION_CONFIRM_V1,SOL,SOLUSDT,strategy-lab-v1.0.0:SIE_OLD_MR_REGIME_EXHAUSTION_CONFIRM_V1,1791583200000,2026-10-09T22:00:00+00:00,108.95,109.13,108.51,109.08,39.94490358126715,109.84750000000001,108.49931789063825,117.7604,1.0328571428571445,0.009468804023259484,38.49372384937233,1.2500000000000033,False,TREND_SUPPORT_NOT_CONFIRMED|RSI_NOT_BELOW_32|CLOSE_NOT_NEAR_OR_BELOW_LOWER_BB|CLOSE_NOT_ABOVE_MA200
2026-10-09T22:34:15.567312+00:00,SIE_OLD_MR_REGIME_EXHAUSTION_CONFIRM_V1,XRP,XRPUSDT,strategy-lab-v1.0.0:SIE_OLD_MR_REGIME_EXHAUSTION_CONFIRM_V1,1791565200000,2026-10-09T17:00:00+00:00,1.3842,1.3902,1.3807,1.389,46.70588235294116,1.39038,1.3748943162888885,1.4710145,0.011992857142857138,0.008634166409544376,45.942720763723216,1.2500000000000047,False,TREND_SUPPORT_NOT_CONFIRMED|RSI_NOT_BELOW_32|CLOSE_NOT_NEAR_OR_BELOW_LOWER_BB|CLOSE_NOT_ABOVE_MA200
2026-10-09T22:34:15.567312+00:00,SIE_OLD_MR_REGIME_EXHAUSTION_CONFIRM_V1,XRP,XRPUSDT,strategy-lab-v1.0.0:SIE_OLD_MR_REGIME_EXHAUSTION_CONFIRM_V1,1791568800000,2026-10-09T18:00:00+00:00,1.3887,1.3926,1.3826,1.3875,47.88902291917971,1.39065,1.375568156611323,1.470488,0.012164285714285707,0.008767052767052762,46.70588235294116,1.2499999999999953,False,TREND_SUPPORT_NOT_CONFIRMED|PLANNED_REWARD_TOO_LOW|RSI_NOT_BELOW_32|CLOSE_NOT_NEAR_OR_BELOW_LOWER_BB|CLOSE_NOT_ABOVE_MA200|RSI_RECOVERY_NOT_CONFIRMED
2026-10-09T22:34:15.567312+00:00,SIE_OLD_MR_REGIME_EXHAUSTION_CONFIRM_V1,XRP,XRPUSDT,strategy-lab-v1.0.0:SIE_OLD_MR_REGIME_EXHAUSTION_CONFIRM_V1,1791572400000,2026-10-09T19:00:00+00:00,1.3875,1.3899,1.3793,1.3824,42.08633093525189,1.390795,1.376093778962257,1.469938,0.012185714285714275,0.008814897486772479,47.88902291917971,1.250000000000009,False,TREND_SUPPORT_NOT_CONFIRMED|RSI_NOT_BELOW_32|CLOSE_NOT_NEAR_OR_BELOW_LOWER_BB|CLOSE_NOT_ABOVE_MA200|RSI_RECOVERY_NOT_CONFIRMED
2026-10-09T22:34:15.567312+00:00,SIE_OLD_MR_REGIME_EXHAUSTION_CONFIRM_V1,XRP,XRPUSDT,strategy-lab-v1.0.0:SIE_OLD_MR_REGIME_EXHAUSTION_CONFIRM_V1,1791576000000,2026-10-09T20:00:00+00:00,1.3825,1.3908,1.3822,1.3882,43.37631887456046,1.39084,1.376176385165977,1.469443,0.012264285714285696,0.008834667709469597,42.08633093525189,1.250000000000009,False,TREND_SUPPORT_NOT_CONFIRMED|RSI_NOT_BELOW_32|CLOSE_NOT_NEAR_OR_BELOW_LOWER_BB|CLOSE_NOT_ABOVE_MA200
2026-10-09T22:34:15.567312+00:00,SIE_OLD_MR_REGIME_EXHAUSTION_CONFIRM_V1,XRP,XRPUSDT,strategy-lab-v1.0.0:SIE_OLD_MR_REGIME_EXHAUSTION_CONFIRM_V1,1791579600000,2026-10-09T21:00:00+00:00,1.3882,1.3934,1.3881,1.3924,43.70629370629376,1.391,1.3763416235550938,1.4689595,0.012128571428571424,0.008710551155250951,43.37631887456046,1.2500000000000047,False,TREND_SUPPORT_NOT_CONFIRMED|RSI_NOT_BELOW_32|CLOSE_NOT_NEAR_OR_BELOW_LOWER_BB|CLOSE_NOT_ABOVE_MA200
2026-10-09T22:34:15.567312+00:00,SIE_OLD_MR_REGIME_EXHAUSTION_CONFIRM_V1,XRP,XRPUSDT,strategy-lab-v1.0.0:SIE_OLD_MR_REGIME_EXHAUSTION_CONFIRM_V1,1791583200000,2026-10-09T22:00:00+00:00,1.3925,1.3929,1.3881,1.3926,43.70629370629376,1.39108,1.3764050417376887,1.4685115,0.01187142857142858,0.008524650704745496,43.70629370629376,1.2499999999999953,False,TREND_SUPPORT_NOT_CONFIRMED|PLANNED_REWARD_TOO_LOW|RSI_NOT_BELOW_32|CLOSE_NOT_NEAR_OR_BELOW_LOWER_BB|CLOSE_NOT_ABOVE_MA200|RSI_RECOVERY_NOT_CONFIRMED
2026-10-09T22:34:15.567312+00:00,SIE_OLD_MR_REGIME_EXHAUSTION_CONFIRM_V1,DOGE,DOGEUSDT,strategy-lab-v1.0.0:SIE_OLD_MR_REGIME_EXHAUSTION_CONFIRM_V1,1791565200000,2026-10-09T17:00:00+00:00,0.08476,0.08494,0.08437,0.08488,48.525469168900806,0.0847395,0.08401690813732858,0.09198195,0.0006578571428571425,0.007750437592567655,50.25906735751285,1.2500000000000053,False,TREND_SUPPORT_NOT_CONFIRMED|RSI_NOT_BELOW_32|CLOSE_NOT_NEAR_OR_BELOW_LOWER_BB|CLOSE_NOT_ABOVE_MA200|RSI_RECOVERY_NOT_CONFIRMED
2026-10-09T22:34:15.567312+00:00,SIE_OLD_MR_REGIME_EXHAUSTION_CONFIRM_V1,DOGE,DOGEUSDT,strategy-lab-v1.0.0:SIE_OLD_MR_REGIME_EXHAUSTION_CONFIRM_V1,1791568800000,2026-10-09T18:00:00+00:00,0.08489,0.08495,0.0843,0.08456,47.258485639686654,0.08474600000000002,0.08403237825145325,0.09193135,0.0006699999999999999,0.00792336802270577,48.525469168900806,1.25,False,TREND_SUPPORT_NOT_CONFIRMED|RSI_NOT_BELOW_32|CLOSE_NOT_NEAR_OR_BELOW_LOWER_BB|CLOSE_NOT_ABOVE_MA200|RSI_RECOVERY_NOT_CONFIRMED
2026-10-09T22:34:15.567312+00:00,SIE_OLD_MR_REGIME_EXHAUSTION_CONFIRM_V1,DOGE,DOGEUSDT,strategy-lab-v1.0.0:SIE_OLD_MR_REGIME_EXHAUSTION_CONFIRM_V1,1791572400000,2026-10-09T19:00:00+00:00,0.08456,0.08473,0.0841,0.0843,38.37837837837832,0.084761,0.08410006429964864,0.0918783,0.0006657142857142863,0.007896966615827833,47.258485639686654,1.249999999999995,False,TREND_SUPPORT_NOT_CONFIRMED|PLANNED_REWARD_TOO_LOW|RSI_NOT_BELOW_32|CLOSE_NOT_NEAR_OR_BELOW_LOWER_BB|CLOSE_NOT_ABOVE_MA200|RSI_RECOVERY_NOT_CONFIRMED
2026-10-09T22:34:15.567312+00:00,SIE_OLD_MR_REGIME_EXHAUSTION_CONFIRM_V1,DOGE,DOGEUSDT,strategy-lab-v1.0.0:SIE_OLD_MR_REGIME_EXHAUSTION_CONFIRM_V1,1791576000000,2026-10-09T20:00:00+00:00,0.08432,0.08484,0.08431,0.08477,42.42424242424234,0.08479,0.08418313922519334,0.09182955,0.0006792857142857146,0.008013279630597081,38.37837837837832,1.25,False,TREND_SUPPORT_NOT_CONFIRMED|RSI_NOT_BELOW_32|CLOSE_NOT_NEAR_OR_BELOW_LOWER_BB|CLOSE_NOT_ABOVE_MA200
2026-10-09T22:34:15.567312+00:00,SIE_OLD_MR_REGIME_EXHAUSTION_CONFIRM_V1,DOGE,DOGEUSDT,strategy-lab-v1.0.0:SIE_OLD_MR_REGIME_EXHAUSTION_CONFIRM_V1,1791579600000,2026-10-09T21:00:00+00:00,0.08477,0.08532,0.08477,0.08524,49.76851851851845,0.08481749999999999,0.08418208281420868,0.09178235000000001,0.0007021428571428566,0.008237246095059322,42.42424242424234,1.2500000000000049,False,TREND_SUPPORT_NOT_CONFIRMED|RSI_NOT_BELOW_32|CLOSE_NOT_NEAR_OR_BELOW_LOWER_BB|CLOSE_NOT_ABOVE_MA200
2026-10-09T22:34:15.567312+00:00,SIE_OLD_MR_REGIME_EXHAUSTION_CONFIRM_V1,DOGE,DOGEUSDT,strategy-lab-v1.0.0:SIE_OLD_MR_REGIME_EXHAUSTION_CONFIRM_V1,1791583200000,2026-10-09T22:00:00+00:00,0.08522,0.08536,0.08498,0.08534,52.20417633410669,0.0848485,0.08417573629705596,0.09173845,0.0006992857142857148,0.008194114299106103,49.76851851851845,1.2500000000000049,False,TREND_SUPPORT_NOT_CONFIRMED|RSI_NOT_BELOW_32|CLOSE_NOT_NEAR_OR_BELOW_LOWER_BB|CLOSE_NOT_ABOVE_MA200
2026-10-09T22:34:15.567312+00:00,SIE_OLD_MR_REGIME_EXHAUSTION_CONFIRM_V1,BNB,BNBUSDT,strategy-lab-v1.0.0:SIE_OLD_MR_REGIME_EXHAUSTION_CONFIRM_V1,1791565200000,2026-10-09T17:00:00+00:00,740.69,741.21,738.33,740.5,49.9449339207049,740.0980000000001,734.8339954407451,772.37365,3.5807142857142935,0.004835535834860626,53.12661498708022,1.25,False,TREND_SUPPORT_NOT_CONFIRMED|RSI_NOT_BELOW_32|CLOSE_NOT_NEAR_OR_BELOW_LOWER_BB|CLOSE_NOT_ABOVE_MA200|RSI_RECOVERY_NOT_CONFIRMED
2026-10-09T22:34:15.567312+00:00,SIE_OLD_MR_REGIME_EXHAUSTION_CONFIRM_V1,BNB,BNBUSDT,strategy-lab-v1.0.0:SIE_OLD_MR_REGIME_EXHAUSTION_CONFIRM_V1,1791568800000,2026-10-09T18:00:00+00:00,740.46,741.16,737.59,738.99,48.27035657264508,740.205,735.1256713042118,772.2191500000001,3.6492857142857167,0.004938207166924744,49.9449339207049,1.25,False,TREND_SUPPORT_NOT_CONFIRMED|RSI_NOT_BELOW_32|CLOSE_NOT_NEAR_OR_BELOW_LOWER_BB|CLOSE_NOT_ABOVE_MA200|RSI_RECOVERY_NOT_CONFIRMED
2026-10-09T22:34:15.567312+00:00,SIE_OLD_MR_REGIME_EXHAUSTION_CONFIRM_V1,BNB,BNBUSDT,strategy-lab-v1.0.0:SIE_OLD_MR_REGIME_EXHAUSTION_CONFIRM_V1,1791572400000,2026-10-09T19:00:00+00:00,738.94,740.08,736.58,737.26,36.1761426978816,740.3140000000001,735.5987549374547,772.0532500000002,3.609285714285712,0.004895539856069381,48.27035657264508,1.25,False,TREND_SUPPORT_NOT_CONFIRMED|RSI_NOT_BELOW_32|CLOSE_NOT_NEAR_OR_BELOW_LOWER_BB|CLOSE_NOT_ABOVE_MA200|RSI_RECOVERY_NOT_CONFIRMED
2026-10-09T22:34:15.567312+00:00,SIE_OLD_MR_REGIME_EXHAUSTION_CONFIRM_V1,BNB,BNBUSDT,strategy-lab-v1.0.0:SIE_OLD_MR_REGIME_EXHAUSTION_CONFIRM_V1,1791576000000,2026-10-09T20:00:00+00:00,737.58,740.26,737.43,740.13,44.39048081592987,740.5939999999999,736.6906967835102,771.91435,3.7228571428571433,0.005030004381469665,36.1761426978816,1.2500000000000075,False,TREND_SUPPORT_NOT_CONFIRMED|RSI_NOT_BELOW_32|CLOSE_NOT_NEAR_OR_BELOW_LOWER_BB|CLOSE_NOT_ABOVE_MA200
2026-10-09T22:34:15.567312+00:00,SIE_OLD_MR_REGIME_EXHAUSTION_CONFIRM_V1,BNB,BNBUSDT,strategy-lab-v1.0.0:SIE_OLD_MR_REGIME_EXHAUSTION_CONFIRM_V1,1791579600000,2026-10-09T21:00:00+00:00,740.27,742.18,739.92,741.58,42.23007063572165,740.8415,737.371264993569,771.7705000000001,3.666428571428566,0.004944076932264309,44.39048081592987,1.2500000000000078,False,TREND_SUPPORT_NOT_CONFIRMED|RSI_NOT_BELOW_32|CLOSE_NOT_NEAR_OR_BELOW_LOWER_BB|CLOSE_NOT_ABOVE_MA200|RSI_RECOVERY_NOT_CONFIRMED
2026-10-09T22:34:15.567312+00:00,SIE_OLD_MR_REGIME_EXHAUSTION_CONFIRM_V1,BNB,BNBUSDT,strategy-lab-v1.0.0:SIE_OLD_MR_REGIME_EXHAUSTION_CONFIRM_V1,1791583200000,2026-10-09T22:00:00+00:00,741.81,741.81,739.0,740.62,43.435391800726585,740.9069999999999,737.5061054118277,771.6381999999999,3.641428571428565,0.0049167299984183045,42.23007063572165,1.25,False,TREND_SUPPORT_NOT_CONFIRMED|RSI_NOT_BELOW_32|CLOSE_NOT_NEAR_OR_BELOW_LOWER_BB|CLOSE_NOT_ABOVE_MA200|RSI_RECOVERY_NOT_CONFIRMED
2026-10-09T22:34:15.567312+00:00,SIE_OLD_MR_REGIME_EXHAUSTION_CONFIRM_V1,PAXG,PAXGUSDT,strategy-lab-v1.0.0:SIE_OLD_MR_REGIME_EXHAUSTION_CONFIRM_V1,1791565200000,2026-10-09T17:00:00+00:00,4186.28,4192.22,4183.13,4191.63,60.11148561057824,4176.223,4146.502034941667,4153.292450000001,11.17142857142848,0.0026651752591303336,57.72190162132432,1.2500000000000204,False,RSI_NOT_BELOW_32|CLOSE_NOT_NEAR_OR_BELOW_LOWER_BB
2026-10-09T22:34:15.567312+00:00,SIE_OLD_MR_REGIME_EXHAUSTION_CONFIRM_V1,PAXG,PAXGUSDT,strategy-lab-v1.0.0:SIE_OLD_MR_REGIME_EXHAUSTION_CONFIRM_V1,1791568800000,2026-10-09T18:00:00+00:00,4191.31,4196.1,4181.17,4193.99,58.49743728081967,4178.9580000000005,4153.585991329057,4153.358450000001,11.605714285714189,0.002767225073429882,60.11148561057824,1.2499999999999805,False,PLANNED_REWARD_TOO_LOW|RSI_NOT_BELOW_32|CLOSE_NOT_NEAR_OR_BELOW_LOWER_BB|RSI_RECOVERY_NOT_CONFIRMED
2026-10-09T22:34:15.567312+00:00,SIE_OLD_MR_REGIME_EXHAUSTION_CONFIRM_V1,PAXG,PAXGUSDT,strategy-lab-v1.0.0:SIE_OLD_MR_REGIME_EXHAUSTION_CONFIRM_V1,1791572400000,2026-10-09T19:00:00+00:00,4194.06,4194.06,4187.57,4188.93,49.09065075305502,4181.110000000001,4160.460446978246,4153.35875,10.57357142857141,0.0025241699977252927,58.49743728081967,1.249999999999957,False,PLANNED_REWARD_TOO_LOW|RSI_NOT_BELOW_32|CLOSE_NOT_NEAR_OR_BELOW_LOWER_BB|RSI_RECOVERY_NOT_CONFIRMED
2026-10-09T22:34:15.567312+00:00,SIE_OLD_MR_REGIME_EXHAUSTION_CONFIRM_V1,PAXG,PAXGUSDT,strategy-lab-v1.0.0:SIE_OLD_MR_REGIME_EXHAUSTION_CONFIRM_V1,1791576000000,2026-10-09T20:00:00+00:00,4188.77,4193.56,4188.77,4189.58,47.20011788977291,4183.3075,4170.2817518449765,4153.37855,10.299285714285686,0.0024583098339894895,49.09065075305502,1.25,False,RSI_NOT_BELOW_32|CLOSE_NOT_NEAR_OR_BELOW_LOWER_BB|RSI_RECOVERY_NOT_CONFIRMED
2026-10-09T22:34:15.567312+00:00,SIE_OLD_MR_REGIME_EXHAUSTION_CONFIRM_V1,PAXG,PAXGUSDT,strategy-lab-v1.0.0:SIE_OLD_MR_REGIME_EXHAUSTION_CONFIRM_V1,1791579600000,2026-10-09T21:00:00+00:00,4189.59,4189.59,4182.96,4184.02,49.26176561058202,4183.852,4171.691842764255,4153.47305,9.922857142857149,0.002371608439457065,47.20011788977291,1.25,False,RSI_NOT_BELOW_32|CLOSE_NOT_NEAR_OR_BELOW_LOWER_BB|RSI_RECOVERY_NOT_CONFIRMED
2026-10-09T22:34:15.567312+00:00,SIE_OLD_MR_REGIME_EXHAUSTION_CONFIRM_V1,PAXG,PAXGUSDT,strategy-lab-v1.0.0:SIE_OLD_MR_REGIME_EXHAUSTION_CONFIRM_V1,1791583200000,2026-10-09T22:00:00+00:00,4181.86,4183.42,4181.84,4182.35,49.413761184820025,4184.217000000001,4172.715144323719,4153.5394,9.232142857142858,0.0022074056109945023,49.26176561058202,1.2500000000000493,False,RSI_NOT_BELOW_32|CLOSE_NOT_NEAR_OR_BELOW_LOWER_BB|RSI_RECOVERY_NOT_CONFIRMED
2026-10-10T05:41:26.724060+00:00,SIE_OLD_MR_REGIME_EXHAUSTION_CONFIRM_V1,BTC,BTCUSDT,strategy-lab-v1.0.0:SIE_OLD_MR_REGIME_EXHAUSTION_CONFIRM_V1,1791586800000,2026-10-09T23:00:00+00:00,82561.23,82616.08,82500.0,82544.71,49.33214540523865,82580.8635,82102.66177832762,84457.40135,413.1692857142885,0.0050053999307077155,49.02828880759429,1.2499999999999911,False,TREND_SUPPORT_NOT_CONFIRMED|PLANNED_REWARD_TOO_LOW|RSI_NOT_BELOW_32|CLOSE_NOT_NEAR_OR_BELOW_LOWER_BB|CLOSE_NOT_ABOVE_MA200|RSI_RECOVERY_NOT_CONFIRMED
2026-10-10T05:41:26.724060+00:00,SIE_OLD_MR_REGIME_EXHAUSTION_CONFIRM_V1,BTC,BTCUSDT,strategy-lab-v1.0.0:SIE_OLD_MR_REGIME_EXHAUSTION_CONFIRM_V1,1791590400000,2026-10-10T00:00:00+00:00,82544.71,82569.2,82458.02,82489.18,50.038344248542565,82596.5875,82153.44494393656,84449.02375,395.6935714285729,0.004796914836934649,49.33214540523865,1.250000000000009,False,TREND_SUPPORT_NOT_CONFIRMED|RSI_NOT_BELOW_32|CLOSE_NOT_NEAR_OR_BELOW_LOWER_BB|CLOSE_NOT_ABOVE_MA200|RSI_RECOVERY_NOT_CONFIRMED
2026-10-10T05:41:26.724060+00:00,SIE_OLD_MR_REGIME_EXHAUSTION_CONFIRM_V1,BTC,BTCUSDT,strategy-lab-v1.0.0:SIE_OLD_MR_REGIME_EXHAUSTION_CONFIRM_V1,1791594000000,2026-10-10T01:00:00+00:00,82489.18,82702.81,82481.7,82618.1,37.606168926058636,82613.147,82193.39590284426,84437.74985,333.6285714285727,0.004038201936725399,50.038344248542565,1.2500000000000109,False,TREND_SUPPORT_NOT_CONFIRMED|RSI_NOT_BELOW_32|CLOSE_NOT_NEAR_OR_BELOW_LOWER_BB|CLOSE_NOT_ABOVE_MA200|RSI_RECOVERY_NOT_CONFIRMED
2026-10-10T05:41:26.724060+00:00,SIE_OLD_MR_REGIME_EXHAUSTION_CONFIRM_V1,BTC,BTCUSDT,strategy-lab-v1.0.0:SIE_OLD_MR_REGIME_EXHAUSTION_CONFIRM_V1,1791597600000,2026-10-10T02:00:00+00:00,82618.1,82658.24,82527.67,82551.38,40.29911873684029,82615.0785,82196.84031220453,84426.6571,307.2157142857156,0.0037215091290504843,37.606168926058636,1.2500000000000118,False,TREND_SUPPORT_NOT_CONFIRMED|RSI_NOT_BELOW_32|CLOSE_NOT_NEAR_OR_BELOW_LOWER_BB|CLOSE_NOT_ABOVE_MA200|RSI_RECOVERY_NOT_CONFIRMED
2026-10-10T05:41:26.724060+00:00,SIE_OLD_MR_REGIME_EXHAUSTION_CONFIRM_V1,BTC,BTCUSDT,strategy-lab-v1.0.0:SIE_OLD_MR_REGIME_EXHAUSTION_CONFIRM_V1,1791601200000,2026-10-10T03:00:00+00:00,82551.37,82583.99,82479.09,82519.92,49.01659712129035,82611.888,82191.77260287269,84416.03210000001,265.308571428573,0.00321508517493198,40.29911873684029,1.2500000000000138,False,TREND_SUPPORT_NOT_CONFIRMED|RSI_NOT_BELOW_32|CLOSE_NOT_NEAR_OR_BELOW_LOWER_BB|CLOSE_NOT_ABOVE_MA200|RSI_RECOVERY_NOT_CONFIRMED
2026-10-10T05:41:26.724060+00:00,SIE_OLD_MR_REGIME_EXHAUSTION_CONFIRM_V1,BTC,BTCUSDT,strategy-lab-v1.0.0:SIE_OLD_MR_REGIME_EXHAUSTION_CONFIRM_V1,1791604800000,2026-10-10T04:00:00+00:00,82519.92,82657.37,82516.25,82614.27,37.9336914877681,82611.7965,82191.6840150505,84406.08425000001,214.26714285714323,0.002593585137980923,49.01659712129035,1.2499999999999831,False,TREND_SUPPORT_NOT_CONFIRMED|PLANNED_REWARD_TOO_LOW|RSI_NOT_BELOW_32|CLOSE_NOT_NEAR_OR_BELOW_LOWER_BB|CLOSE_NOT_ABOVE_MA200|RSI_RECOVERY_NOT_CONFIRMED
2026-10-10T05:41:26.724060+00:00,SIE_OLD_MR_REGIME_EXHAUSTION_CONFIRM_V1,BTC,BTCUSDT,strategy-lab-v1.0.0:SIE_OLD_MR_REGIME_EXHAUSTION_CONFIRM_V1,1791608400000,2026-10-10T05:00:00+00:00,82614.27,82730.0,82590.59,82718.73,46.739649535285295,82618.61600000001,82196.21583984919,84397.10200000001,204.63357142857214,0.0024738480804597962,37.9336914877681,1.2500000000000355,False,TREND_SUPPORT_NOT_CONFIRMED|RSI_NOT_BELOW_32|CLOSE_NOT_NEAR_OR_BELOW_LOWER_BB|CLOSE_NOT_ABOVE_MA200
2026-10-10T05:41:26.724060+00:00,SIE_OLD_MR_REGIME_EXHAUSTION_CONFIRM_V1,SOL,SOLUSDT,strategy-lab-v1.0.0:SIE_OLD_MR_REGIME_EXHAUSTION_CONFIRM_V1,1791586800000,2026-10-09T23:00:00+00:00,109.1,109.27,108.95,109.04,40.97902097902101,109.78400000000002,108.41493608622427,117.71914999999998,1.0421428571428584,0.009557436327429001,40.19204389574754,1.2500000000000069,False,TREND_SUPPORT_NOT_CONFIRMED|RSI_NOT_BELOW_32|CLOSE_NOT_NEAR_OR_BELOW_LOWER_BB|CLOSE_NOT_ABOVE_MA200|RSI_RECOVERY_NOT_CONFIRMED
2026-10-10T05:41:26.724060+00:00,SIE_OLD_MR_REGIME_EXHAUSTION_CONFIRM_V1,SOL,SOLUSDT,strategy-lab-v1.0.0:SIE_OLD_MR_REGIME_EXHAUSTION_CONFIRM_V1,1791590400000,2026-10-10T00:00:00+00:00,109.05,109.44,108.83,109.29,47.1111111111111,109.75750000000001,108.37183229091424,117.68015,1.000714285714287,0.009156503666522892,40.97902097902101,1.249999999999993,False,TREND_SUPPORT_NOT_CONFIRMED|PLANNED_REWARD_TOO_LOW|RSI_NOT_BELOW_32|CLOSE_NOT_NEAR_OR_BELOW_LOWER_BB|CLOSE_NOT_ABOVE_MA200
2026-10-10T05:41:26.724060+00:00,SIE_OLD_MR_REGIME_EXHAUSTION_CONFIRM_V1,SOL,SOLUSDT,strategy-lab-v1.0.0:SIE_OLD_MR_REGIME_EXHAUSTION_CONFIRM_V1,1791594000000,2026-10-10T01:00:00+00:00,109.29,109.91,109.22,109.86,38.341968911917135,109.73949999999999,108.36906247862115,117.63785,0.8664285714285731,0.007886660945098973,47.1111111111111,1.25,False,TREND_SUPPORT_NOT_CONFIRMED|RSI_NOT_BELOW_32|CLOSE_NOT_NEAR_OR_BELOW_LOWER_BB|CLOSE_NOT_ABOVE_MA200|RSI_RECOVERY_NOT_CONFIRMED
2026-10-10T05:41:26.724060+00:00,SIE_OLD_MR_REGIME_EXHAUSTION_CONFIRM_V1,SOL,SOLUSDT,strategy-lab-v1.0.0:SIE_OLD_MR_REGIME_EXHAUSTION_CONFIRM_V1,1791597600000,2026-10-10T02:00:00+00:00,109.85,109.95,109.6,109.83,44.8484848484848,109.70349999999999,108.38320798684418,117.59525,0.8071428571428589,0.007349019913892916,38.341968911917135,1.2500000000000044,False,TREND_SUPPORT_NOT_CONFIRMED|RSI_NOT_BELOW_32|CLOSE_NOT_NEAR_OR_BELOW_LOWER_BB|CLOSE_NOT_ABOVE_MA200|RSI_RECOVERY_NOT_CONFIRMED
2026-10-10T05:41:26.724060+00:00,SIE_OLD_MR_REGIME_EXHAUSTION_CONFIRM_V1,SOL,SOLUSDT,strategy-lab-v1.0.0:SIE_OLD_MR_REGIME_EXHAUSTION_CONFIRM_V1,1791601200000,2026-10-10T03:00:00+00:00,109.85,109.85,109.45,109.58,50.68493150684933,109.65299999999999,108.3964794072507,117.55205,0.7271428571428576,0.00663572601882513,44.8484848484848,1.2499999999999951,False,TREND_SUPPORT_NOT_CONFIRMED|PLANNED_REWARD_TOO_LOW|RSI_NOT_BELOW_32|CLOSE_NOT_NEAR_OR_BELOW_LOWER_BB|CLOSE_NOT_ABOVE_MA200|RSI_RECOVERY_NOT_CONFIRMED
2026-10-10T05:41:26.724060+00:00,SIE_OLD_MR_REGIME_EXHAUSTION_CONFIRM_V1,SOL,SOLUSDT,strategy-lab-v1.0.0:SIE_OLD_MR_REGIME_EXHAUSTION_CONFIRM_V1,1791604800000,2026-10-10T04:00:00+00:00,109.6,109.89,109.49,109.77,47.31707317073171,109.61449999999999,108.42357640883091,117.5104,0.6357142857142861,0.005791329923606506,50.68493150684933,1.2500000000000056,False,TREND_SUPPORT_NOT_CONFIRMED|RSI_NOT_BELOW_32|CLOSE_NOT_NEAR_OR_BELOW_LOWER_BB|CLOSE_NOT_ABOVE_MA200|RSI_RECOVERY_NOT_CONFIRMED
2026-10-10T05:41:26.724060+00:00,SIE_OLD_MR_REGIME_EXHAUSTION_CONFIRM_V1,SOL,SOLUSDT,strategy-lab-v1.0.0:SIE_OLD_MR_REGIME_EXHAUSTION_CONFIRM_V1,1791608400000,2026-10-10T05:00:00+00:00,109.76,110.21,109.68,110.21,57.2115384615384,109.6085,108.43092155250572,117.4733,0.6185714285714273,0.005612661542250498,47.31707317073171,1.2500000000000058,False,TREND_SUPPORT_NOT_CONFIRMED|RSI_NOT_BELOW_32|CLOSE_NOT_NEAR_OR_BELOW_LOWER_BB|CLOSE_NOT_ABOVE_MA200
2026-10-10T05:41:26.724060+00:00,SIE_OLD_MR_REGIME_EXHAUSTION_CONFIRM_V1,XRP,XRPUSDT,strategy-lab-v1.0.0:SIE_OLD_MR_REGIME_EXHAUSTION_CONFIRM_V1,1791586800000,2026-10-09T23:00:00+00:00,1.3941,1.3965,1.3924,1.3945,46.848989298454306,1.391165,1.3764364868367318,1.46806,0.011900000000000006,0.008533524560774474,44.8630136986302,1.2499999999999953,False,TREND_SUPPORT_NOT_CONFIRMED|PLANNED_REWARD_TOO_LOW|RSI_NOT_BELOW_32|CLOSE_NOT_NEAR_OR_BELOW_LOWER_BB|CLOSE_NOT_ABOVE_MA200
2026-10-10T05:41:26.724060+00:00,SIE_OLD_MR_REGIME_EXHAUSTION_CONFIRM_V1,XRP,XRPUSDT,strategy-lab-v1.0.0:SIE_OLD_MR_REGIME_EXHAUSTION_CONFIRM_V1,1791590400000,2026-10-10T00:00:00+00:00,1.3945,1.4019,1.3943,1.3979,59.03448275862061,1.39151,1.3764926899878653,1.467645,0.010907142857142846,0.007802520106690641,46.848989298454306,1.249999999999995,False,TREND_SUPPORT_NOT_CONFIRMED|PLANNED_REWARD_TOO_LOW|RSI_NOT_BELOW_32|CLOSE_NOT_NEAR_OR_BELOW_LOWER_BB|CLOSE_NOT_ABOVE_MA200
2026-10-10T05:41:26.724060+00:00,SIE_OLD_MR_REGIME_EXHAUSTION_CONFIRM_V1,XRP,XRPUSDT,strategy-lab-v1.0.0:SIE_OLD_MR_REGIME_EXHAUSTION_CONFIRM_V1,1791594000000,2026-10-10T01:00:00+00:00,1.3978,1.409,1.3974,1.4077,55.27108433734932,1.392115,1.3755882610597083,1.4671855000000003,0.009999999999999993,0.007103786318107547,59.03448275862061,1.2499999999999944,False,TREND_SUPPORT_NOT_CONFIRMED|PLANNED_REWARD_TOO_LOW|RSI_NOT_BELOW_32|CLOSE_NOT_NEAR_OR_BELOW_LOWER_BB|CLOSE_NOT_ABOVE_MA200|RSI_RECOVERY_NOT_CONFIRMED
2026-10-10T05:41:26.724060+00:00,SIE_OLD_MR_REGIME_EXHAUSTION_CONFIRM_V1,XRP,XRPUSDT,strategy-lab-v1.0.0:SIE_OLD_MR_REGIME_EXHAUSTION_CONFIRM_V1,1791597600000,2026-10-10T02:00:00+00:00,1.4077,1.409,1.4045,1.4059,64.16083916083917,1.392435,1.3751196570926085,1.466712,0.009164285714285705,0.0065184477660471625,55.27108433734932,1.2500000000000122,False,TREND_SUPPORT_NOT_CONFIRMED|RSI_NOT_BELOW_32|CLOSE_NOT_NEAR_OR_BELOW_LOWER_BB|CLOSE_NOT_ABOVE_MA200|RSI_RECOVERY_NOT_CONFIRMED
2026-10-10T05:41:26.724060+00:00,SIE_OLD_MR_REGIME_EXHAUSTION_CONFIRM_V1,XRP,XRPUSDT,strategy-lab-v1.0.0:SIE_OLD_MR_REGIME_EXHAUSTION_CONFIRM_V1,1791601200000,2026-10-10T03:00:00+00:00,1.4059,1.406,1.399,1.4026,73.84305835010073,1.3924050000000001,1.3751624392852875,1.466223,0.008535714285714266,0.006085636878450211,64.16083916083917,1.25,False,TREND_SUPPORT_NOT_CONFIRMED|RSI_NOT_BELOW_32|CLOSE_NOT_NEAR_OR_BELOW_LOWER_BB|CLOSE_NOT_ABOVE_MA200|RSI_RECOVERY_NOT_CONFIRMED
2026-10-10T05:41:26.724060+00:00,SIE_OLD_MR_REGIME_EXHAUSTION_CONFIRM_V1,XRP,XRPUSDT,strategy-lab-v1.0.0:SIE_OLD_MR_REGIME_EXHAUSTION_CONFIRM_V1,1791604800000,2026-10-10T04:00:00+00:00,1.4027,1.4072,1.4024,1.4063,73.7903225806453,1.39255,1.3748961618903832,1.4657655,0.007592857142857116,0.005399173108765636,73.84305835010073,1.2499999999999927,False,TREND_SUPPORT_NOT_CONFIRMED|PLANNED_REWARD_TOO_LOW|RSI_NOT_BELOW_32|CLOSE_NOT_NEAR_OR_BELOW_LOWER_BB|CLOSE_NOT_ABOVE_MA200|RSI_RECOVERY_NOT_CONFIRMED
2026-10-10T05:41:26.724060+00:00,SIE_OLD_MR_REGIME_EXHAUSTION_CONFIRM_V1,XRP,XRPUSDT,strategy-lab-v1.0.0:SIE_OLD_MR_REGIME_EXHAUSTION_CONFIRM_V1,1791608400000,2026-10-10T05:00:00+00:00,1.4063,1.4118,1.4054,1.411,77.92452830188701,1.39311,1.3739274141471869,1.465368,0.007542857142857121,0.005345752758934883,73.7903225806453,1.25,False,TREND_SUPPORT_NOT_CONFIRMED|RSI_NOT_BELOW_32|CLOSE_NOT_NEAR_OR_BELOW_LOWER_BB|CLOSE_NOT_ABOVE_MA200
2026-10-10T05:41:26.724060+00:00,SIE_OLD_MR_REGIME_EXHAUSTION_CONFIRM_V1,DOGE,DOGEUSDT,strategy-lab-v1.0.0:SIE_OLD_MR_REGIME_EXHAUSTION_CONFIRM_V1,1791586800000,2026-10-09T23:00:00+00:00,0.08536,0.08543,0.08517,0.08532,53.57142857142852,0.084865,0.08416358714012397,0.0916937,0.000702857142857144,0.008237894313843695,52.20417633410669,1.2499999999999902,False,TREND_SUPPORT_NOT_CONFIRMED|PLANNED_REWARD_TOO_LOW|RSI_NOT_BELOW_32|CLOSE_NOT_NEAR_OR_BELOW_LOWER_BB|CLOSE_NOT_ABOVE_MA200|RSI_RECOVERY_NOT_CONFIRMED
2026-10-10T05:41:26.724060+00:00,SIE_OLD_MR_REGIME_EXHAUSTION_CONFIRM_V1,DOGE,DOGEUSDT,strategy-lab-v1.0.0:SIE_OLD_MR_REGIME_EXHAUSTION_CONFIRM_V1,1791590400000,2026-10-10T00:00:00+00:00,0.08529,0.08587,0.08522,0.08566,69.06666666666673,0.0849095,0.0841293339920251,0.09165330000000001,0.0006742857142857156,0.007871652046296003,53.57142857142852,1.2499999999999898,False,TREND_SUPPORT_NOT_CONFIRMED|PLANNED_REWARD_TOO_LOW|RSI_NOT_BELOW_32|CLOSE_NOT_NEAR_OR_BELOW_LOWER_BB|CLOSE_NOT_ABOVE_MA200
2026-10-10T05:41:26.724060+00:00,SIE_OLD_MR_REGIME_EXHAUSTION_CONFIRM_V1,DOGE,DOGEUSDT,strategy-lab-v1.0.0:SIE_OLD_MR_REGIME_EXHAUSTION_CONFIRM_V1,1791594000000,2026-10-10T01:00:00+00:00,0.08566,0.08624,0.08559,0.08612,66.76217765042989,0.08495749999999999,0.0840194408334228,0.0916097,0.0006150000000000015,0.007141198327914555,69.06666666666673,1.2499999999999887,False,TREND_SUPPORT_NOT_CONFIRMED|PLANNED_REWARD_TOO_LOW|RSI_NOT_BELOW_32|CLOSE_NOT_NEAR_OR_BELOW_LOWER_BB|CLOSE_NOT_ABOVE_MA200|RSI_RECOVERY_NOT_CONFIRMED
2026-10-10T05:41:26.724060+00:00,SIE_OLD_MR_REGIME_EXHAUSTION_CONFIRM_V1,DOGE,DOGEUSDT,strategy-lab-v1.0.0:SIE_OLD_MR_REGIME_EXHAUSTION_CONFIRM_V1,1791597600000,2026-10-10T02:00:00+00:00,0.08617,0.0866,0.08602,0.08651,74.31693989071046,0.0850145,0.08386777466235393,0.09156749999999998,0.0006050000000000004,0.006993411166339156,66.76217765042989,1.2499999999999885,False,TREND_SUPPORT_NOT_CONFIRMED|PLANNED_REWARD_TOO_LOW|RSI_NOT_BELOW_32|CLOSE_NOT_NEAR_OR_BELOW_LOWER_BB|CLOSE_NOT_ABOVE_MA200
2026-10-10T05:41:26.724060+00:00,SIE_OLD_MR_REGIME_EXHAUSTION_CONFIRM_V1,DOGE,DOGEUSDT,strategy-lab-v1.0.0:SIE_OLD_MR_REGIME_EXHAUSTION_CONFIRM_V1,1791601200000,2026-10-10T03:00:00+00:00,0.08648,0.08658,0.08611,0.08624,75.55555555555543,0.08506349999999999,0.08380108525040321,0.09152474999999999,0.000586428571428572,0.006799960243837802,74.31693989071046,1.2500000000000118,False,TREND_SUPPORT_NOT_CONFIRMED|RSI_NOT_BELOW_32|CLOSE_NOT_NEAR_OR_BELOW_LOWER_BB|CLOSE_NOT_ABOVE_MA200|RSI_RECOVERY_NOT_CONFIRMED
2026-10-10T05:41:26.724060+00:00,SIE_OLD_MR_REGIME_EXHAUSTION_CONFIRM_V1,DOGE,DOGEUSDT,strategy-lab-v1.0.0:SIE_OLD_MR_REGIME_EXHAUSTION_CONFIRM_V1,1791604800000,2026-10-10T04:00:00+00:00,0.08624,0.08666,0.08611,0.08625,74.4927536231883,0.0851185,0.08375407667859293,0.09148329999999999,0.0005428571428571426,0.006293995859213248,75.55555555555543,1.2499999999999936,False,TREND_SUPPORT_NOT_CONFIRMED|PLANNED_REWARD_TOO_LOW|RSI_NOT_BELOW_32|CLOSE_NOT_NEAR_OR_BELOW_LOWER_BB|CLOSE_NOT_ABOVE_MA200|RSI_RECOVERY_NOT_CONFIRMED
2026-10-10T05:41:26.724060+00:00,SIE_OLD_MR_REGIME_EXHAUSTION_CONFIRM_V1,DOGE,DOGEUSDT,strategy-lab-v1.0.0:SIE_OLD_MR_REGIME_EXHAUSTION_CONFIRM_V1,1791608400000,2026-10-10T05:00:00+00:00,0.08628,0.08658,0.08622,0.08652,76.54986522911037,0.0851935,0.08370016447172797,0.09144609999999999,0.0005364285714285706,0.006200052836668639,74.4927536231883,1.2500000000000129,False,TREND_SUPPORT_NOT_CONFIRMED|RSI_NOT_BELOW_32|CLOSE_NOT_NEAR_OR_BELOW_LOWER_BB|CLOSE_NOT_ABOVE_MA200
2026-10-10T05:41:26.724060+00:00,SIE_OLD_MR_REGIME_EXHAUSTION_CONFIRM_V1,BNB,BNBUSDT,strategy-lab-v1.0.0:SIE_OLD_MR_REGIME_EXHAUSTION_CONFIRM_V1,1791586800000,2026-10-09T23:00:00+00:00,741.7,742.89,741.37,741.39,47.448979591836796,740.9965,737.5885077758513,771.51995,3.624285714285707,0.004888500943208982,45.61307901907354,1.2499999999999922,False,TREND_SUPPORT_NOT_CONFIRMED|PLANNED_REWARD_TOO_LOW|RSI_NOT_BELOW_32|CLOSE_NOT_NEAR_OR_BELOW_LOWER_BB|CLOSE_NOT_ABOVE_MA200|RSI_RECOVERY_NOT_CONFIRMED
2026-10-10T05:41:26.724060+00:00,SIE_OLD_MR_REGIME_EXHAUSTION_CONFIRM_V1,BNB,BNBUSDT,strategy-lab-v1.0.0:SIE_OLD_MR_REGIME_EXHAUSTION_CONFIRM_V1,1791590400000,2026-10-10T00:00:00+00:00,741.62,743.33,741.05,742.3,52.19347581552299,741.1295,737.736056468739,771.39905,3.596428571428565,0.004844979888762717,47.448979591836796,1.25,False,TREND_SUPPORT_NOT_CONFIRMED|RSI_NOT_BELOW_32|CLOSE_NOT_NEAR_OR_BELOW_LOWER_BB|CLOSE_NOT_ABOVE_MA200
2026-10-10T05:41:26.724060+00:00,SIE_OLD_MR_REGIME_EXHAUSTION_CONFIRM_V1,BNB,BNBUSDT,strategy-lab-v1.0.0:SIE_OLD_MR_REGIME_EXHAUSTION_CONFIRM_V1,1791594000000,2026-10-10T01:00:00+00:00,742.3,745.28,742.24,745.23,56.52173913043493,741.28,737.4655747484243,771.2638499999999,3.3749999999999836,0.004528803188277423,52.19347581552299,1.25,False,TREND_SUPPORT_NOT_CONFIRMED|RSI_NOT_BELOW_32|CLOSE_NOT_NEAR_OR_BELOW_LOWER_BB|CLOSE_NOT_ABOVE_MA200
2026-10-10T05:41:26.724060+00:00,SIE_OLD_MR_REGIME_EXHAUSTION_CONFIRM_V1,BNB,BNBUSDT,strategy-lab-v1.0.0:SIE_OLD_MR_REGIME_EXHAUSTION_CONFIRM_V1,1791597600000,2026-10-10T02:00:00+00:00,744.76,745.67,744.38,745.07,60.25081788440593,741.4114999999999,737.2781755511019,771.1380499999999,3.182142857142838,0.004270931398583808,56.52173913043493,1.2500000000000089,False,TREND_SUPPORT_NOT_CONFIRMED|RSI_NOT_BELOW_32|CLOSE_NOT_NEAR_OR_BELOW_LOWER_BB|CLOSE_NOT_ABOVE_MA200|RSI_RECOVERY_NOT_CONFIRMED
2026-10-10T05:41:26.724060+00:00,SIE_OLD_MR_REGIME_EXHAUSTION_CONFIRM_V1,BNB,BNBUSDT,strategy-lab-v1.0.0:SIE_OLD_MR_REGIME_EXHAUSTION_CONFIRM_V1,1791601200000,2026-10-10T03:00:00+00:00,744.91,745.26,743.65,744.9,70.9698137443799,741.4235,737.2513098078038,771.01705,2.9121428571428396,0.003909441343996295,60.25081788440593,1.2500000000000098,False,TREND_SUPPORT_NOT_CONFIRMED|RSI_NOT_BELOW_32|CLOSE_NOT_NEAR_OR_BELOW_LOWER_BB|CLOSE_NOT_ABOVE_MA200|RSI_RECOVERY_NOT_CONFIRMED
2026-10-10T05:41:26.724060+00:00,SIE_OLD_MR_REGIME_EXHAUSTION_CONFIRM_V1,BNB,BNBUSDT,strategy-lab-v1.0.0:SIE_OLD_MR_REGIME_EXHAUSTION_CONFIRM_V1,1791604800000,2026-10-10T04:00:00+00:00,745.05,746.93,744.65,746.93,71.26509853782545,741.6125,736.8446456607968,770.9029,2.6235714285714136,0.0035124729607478797,70.9698137443799,1.2499999999999891,False,TREND_SUPPORT_NOT_CONFIRMED|PLANNED_REWARD_TOO_LOW|RSI_NOT_BELOW_32|CLOSE_NOT_NEAR_OR_BELOW_LOWER_BB|CLOSE_NOT_ABOVE_MA200
2026-10-10T05:41:26.724060+00:00,SIE_OLD_MR_REGIME_EXHAUSTION_CONFIRM_V1,BNB,BNBUSDT,strategy-lab-v1.0.0:SIE_OLD_MR_REGIME_EXHAUSTION_CONFIRM_V1,1791608400000,2026-10-10T05:00:00+00:00,746.51,749.73,746.32,749.57,78.55927396483246,741.9765,736.0794659149824,770.7989,2.618571428571418,0.0034934314721392504,71.26509853782545,1.2499999999999782,False,TREND_SUPPORT_NOT_CONFIRMED|PLANNED_REWARD_TOO_LOW|RSI_NOT_BELOW_32|CLOSE_NOT_NEAR_OR_BELOW_LOWER_BB|CLOSE_NOT_ABOVE_MA200
2026-10-10T05:41:26.724060+00:00,SIE_OLD_MR_REGIME_EXHAUSTION_CONFIRM_V1,PAXG,PAXGUSDT,strategy-lab-v1.0.0:SIE_OLD_MR_REGIME_EXHAUSTION_CONFIRM_V1,1791586800000,2026-10-09T23:00:00+00:00,4182.17,4184.4,4182.17,4183.84,50.60060060060075,4184.5985,4173.713903039238,4153.5611499999995,9.042142857142867,0.002161206656359437,49.276923076923374,1.25,False,RSI_NOT_BELOW_32|CLOSE_NOT_NEAR_OR_BELOW_LOWER_BB
2026-10-10T05:41:26.724060+00:00,SIE_OLD_MR_REGIME_EXHAUSTION_CONFIRM_V1,PAXG,PAXGUSDT,strategy-lab-v1.0.0:SIE_OLD_MR_REGIME_EXHAUSTION_CONFIRM_V1,1791590400000,2026-10-10T00:00:00+00:00,4183.86,4186.43,4182.18,4184.22,56.13572722780417,4184.74,4173.952779783549,4153.6339,8.86428571428574,0.002118503738877435,50.60060060060075,1.2500000000000513,False,RSI_NOT_BELOW_32|CLOSE_NOT_NEAR_OR_BELOW_LOWER_BB
2026-10-10T05:41:26.724060+00:00,SIE_OLD_MR_REGIME_EXHAUSTION_CONFIRM_V1,PAXG,PAXGUSDT,strategy-lab-v1.0.0:SIE_OLD_MR_REGIME_EXHAUSTION_CONFIRM_V1,1791594000000,2026-10-10T01:00:00+00:00,4184.22,4184.59,4178.03,4179.81,50.13654618473901,4184.22,4173.5354635103695,4153.6494,8.690000000000055,0.002079041870324262,56.13572722780417,1.2500000000000524,False,RSI_NOT_BELOW_32|CLOSE_NOT_NEAR_OR_BELOW_LOWER_BB|RSI_RECOVERY_NOT_CONFIRMED
2026-10-10T05:41:26.724060+00:00,SIE_OLD_MR_REGIME_EXHAUSTION_CONFIRM_V1,PAXG,PAXGUSDT,strategy-lab-v1.0.0:SIE_OLD_MR_REGIME_EXHAUSTION_CONFIRM_V1,1791597600000,2026-10-10T02:00:00+00:00,4180.06,4180.85,4178.76,4179.79,56.73513906562427,4183.5405,4173.567722102227,4153.64565,7.567142857142959,0.001810412211413243,50.13654618473901,1.25000000000003,False,RSI_NOT_BELOW_32|CLOSE_NOT_NEAR_OR_BELOW_LOWER_BB|RSI_RECOVERY_NOT_CONFIRMED
2026-10-10T05:41:26.724060+00:00,SIE_OLD_MR_REGIME_EXHAUSTION_CONFIRM_V1,PAXG,PAXGUSDT,strategy-lab-v1.0.0:SIE_OLD_MR_REGIME_EXHAUSTION_CONFIRM_V1,1791601200000,2026-10-10T03:00:00+00:00,4180.05,4185.12,4180.0,4183.58,48.317046688382,4183.4705,4173.519491056265,4153.651750000001,6.522142857142951,0.0015589860495420073,56.73513906562427,1.2499999999999651,False,PLANNED_REWARD_TOO_LOW|RSI_NOT_BELOW_32|CLOSE_NOT_NEAR_OR_BELOW_LOWER_BB|RSI_RECOVERY_NOT_CONFIRMED
2026-10-10T05:41:26.724060+00:00,SIE_OLD_MR_REGIME_EXHAUSTION_CONFIRM_V1,PAXG,PAXGUSDT,strategy-lab-v1.0.0:SIE_OLD_MR_REGIME_EXHAUSTION_CONFIRM_V1,1791604800000,2026-10-10T04:00:00+00:00,4183.56,4183.86,4182.52,4182.95,55.932629462041575,4183.4625,4173.510087478489,4153.64905,5.962857142857176,0.0014255148024377956,48.317046688382,1.2500000000000382,False,RSI_NOT_BELOW_32|CLOSE_NOT_NEAR_OR_BELOW_LOWER_BB|RSI_RECOVERY_NOT_CONFIRMED
2026-10-10T05:41:26.724060+00:00,SIE_OLD_MR_REGIME_EXHAUSTION_CONFIRM_V1,PAXG,PAXGUSDT,strategy-lab-v1.0.0:SIE_OLD_MR_REGIME_EXHAUSTION_CONFIRM_V1,1791608400000,2026-10-10T05:00:00+00:00,4183.16,4183.62,4182.62,4182.81,49.35511607910599,4183.450999999999,4173.496130036092,4153.6353500000005,5.317857142857195,0.0012713599572672903,55.932629462041575,1.2500000000000429,False,RSI_NOT_BELOW_32|CLOSE_NOT_NEAR_OR_BELOW_LOWER_BB|RSI_RECOVERY_NOT_CONFIRMED
2026-10-10T12:23:04.837347+00:00,SIE_OLD_MR_REGIME_EXHAUSTION_CONFIRM_V1,BTC,BTCUSDT,strategy-lab-v1.0.0:SIE_OLD_MR_REGIME_EXHAUSTION_CONFIRM_V1,1791612000000,2026-10-10T06:00:00+00:00,82774.26,82829.22,82630.02,82678.25,50.36040119305225,82630.813,82209.21549663546,84387.16084999999,199.51000000000099,0.0024130892949475948,48.726472814208826,1.2500000000000182,False,TREND_SUPPORT_NOT_CONFIRMED|RSI_NOT_BELOW_32|CLOSE_NOT_NEAR_OR_BELOW_LOWER_BB|CLOSE_NOT_ABOVE_MA200|RSI_RECOVERY_NOT_CONFIRMED
2026-10-10T12:23:04.837347+00:00,SIE_OLD_MR_REGIME_EXHAUSTION_CONFIRM_V1,BTC,BTCUSDT,strategy-lab-v1.0.0:SIE_OLD_MR_REGIME_EXHAUSTION_CONFIRM_V1,1791615600000,2026-10-10T07:00:00+00:00,82678.66,82734.58,82536.59,82734.57,53.24982493247409,82609.07200000001,82262.67073478407,84376.59005000001,193.10785714285885,0.0023340649155831573,50.36040119305225,1.2500000000000189,False,TREND_SUPPORT_NOT_CONFIRMED|RSI_NOT_BELOW_32|CLOSE_NOT_NEAR_OR_BELOW_LOWER_BB|CLOSE_NOT_ABOVE_MA200
2026-10-10T12:23:04.837347+00:00,SIE_OLD_MR_REGIME_EXHAUSTION_CONFIRM_V1,BTC,BTCUSDT,strategy-lab-v1.0.0:SIE_OLD_MR_REGIME_EXHAUSTION_CONFIRM_V1,1791619200000,2026-10-10T08:00:00+00:00,82734.58,82793.0,82674.1,82772.27,67.33782877195364,82599.98300000001,82281.88215089205,84366.63765,170.76357142857265,0.0020630528971668006,53.24982493247409,1.2499999999999574,False,TREND_SUPPORT_NOT_CONFIRMED|PLANNED_REWARD_TOO_LOW|RSI_NOT_BELOW_32|CLOSE_NOT_NEAR_OR_BELOW_LOWER_BB|CLOSE_NOT_ABOVE_MA200
2026-10-10T12:23:04.837347+00:00,SIE_OLD_MR_REGIME_EXHAUSTION_CONFIRM_V1,BTC,BTCUSDT,strategy-lab-v1.0.0:SIE_OLD_MR_REGIME_EXHAUSTION_CONFIRM_V1,1791622800000,2026-10-10T09:00:00+00:00,82772.27,82878.32,82755.68,82781.93,75.06819473385053,82611.40550000001,82284.51913971832,84356.16145,158.29357142857356,0.001912175415921972,67.33782877195364,1.25,False,TREND_SUPPORT_NOT_CONFIRMED|RSI_NOT_BELOW_32|CLOSE_NOT_NEAR_OR_BELOW_LOWER_BB|CLOSE_NOT_ABOVE_MA200
2026-10-10T12:23:04.837347+00:00,SIE_OLD_MR_REGIME_EXHAUSTION_CONFIRM_V1,BTC,BTCUSDT,strategy-lab-v1.0.0:SIE_OLD_MR_REGIME_EXHAUSTION_CONFIRM_V1,1791626400000,2026-10-10T10:00:00+00:00,82781.93,82809.02,82711.05,82783.25,70.03130870381916,82602.94200000001,82304.27419921928,84344.25189999999,149.0621428571446,0.0018006316840320307,75.06819473385053,1.2500000000000488,False,TREND_SUPPORT_NOT_CONFIRMED|RSI_NOT_BELOW_32|CLOSE_NOT_NEAR_OR_BELOW_LOWER_BB|CLOSE_NOT_ABOVE_MA200|RSI_RECOVERY_NOT_CONFIRMED
2026-10-10T12:23:04.837347+00:00,SIE_OLD_MR_REGIME_EXHAUSTION_CONFIRM_V1,BTC,BTCUSDT,strategy-lab-v1.0.0:SIE_OLD_MR_REGIME_EXHAUSTION_CONFIRM_V1,1791630000000,2026-10-10T11:00:00+00:00,82783.24,82838.98,82718.35,82800.69,69.43309025035941,82602.60250000001,82304.8514466111,84330.83769999999,149.27357142857258,0.001802805887590702,70.03130870381916,1.2499999999999756,False,TREND_SUPPORT_NOT_CONFIRMED|PLANNED_REWARD_TOO_LOW|RSI_NOT_BELOW_32|CLOSE_NOT_NEAR_OR_BELOW_LOWER_BB|CLOSE_NOT_ABOVE_MA200|RSI_RECOVERY_NOT_CONFIRMED
2026-10-10T12:23:04.837347+00:00,SIE_OLD_MR_REGIME_EXHAUSTION_CONFIRM_V1,BTC,BTCUSDT,strategy-lab-v1.0.0:SIE_OLD_MR_REGIME_EXHAUSTION_CONFIRM_V1,1791633600000,2026-10-10T12:00:00+00:00,82800.69,82820.76,82767.44,82787.34,64.5178257578668,82608.55,82301.183462265,84311.6134,137.29857142857196,0.0016584488815387952,69.43309025035941,1.25,False,TREND_SUPPORT_NOT_CONFIRMED|RSI_NOT_BELOW_32|CLOSE_NOT_NEAR_OR_BELOW_LOWER_BB|CLOSE_NOT_ABOVE_MA200|RSI_RECOVERY_NOT_CONFIRMED
2026-10-10T12:23:04.837347+00:00,SIE_OLD_MR_REGIME_EXHAUSTION_CONFIRM_V1,SOL,SOLUSDT,strategy-lab-v1.0.0:SIE_OLD_MR_REGIME_EXHAUSTION_CONFIRM_V1,1791612000000,2026-10-10T06:00:00+00:00,110.05,110.11,109.62,109.73,50.58548009367679,109.60349999999998,108.43862618709038,117.4299,0.6121428571428557,0.005578628061084987,55.61097256857859,1.2500000000000115,False,TREND_SUPPORT_NOT_CONFIRMED|RSI_NOT_BELOW_32|CLOSE_NOT_NEAR_OR_BELOW_LOWER_BB|CLOSE_NOT_ABOVE_MA200|RSI_RECOVERY_NOT_CONFIRMED
2026-10-10T12:23:04.837347+00:00,SIE_OLD_MR_REGIME_EXHAUSTION_CONFIRM_V1,SOL,SOLUSDT,strategy-lab-v1.0.0:SIE_OLD_MR_REGIME_EXHAUSTION_CONFIRM_V1,1791615600000,2026-10-10T07:00:00+00:00,109.76,109.89,109.65,109.85,50.46948356807503,109.53549999999998,108.62203462024955,117.38724999999998,0.5857142857142839,0.00533194616034851,50.58548009367679,1.25,False,TREND_SUPPORT_NOT_CONFIRMED|RSI_NOT_BELOW_32|CLOSE_NOT_NEAR_OR_BELOW_LOWER_BB|CLOSE_NOT_ABOVE_MA200|RSI_RECOVERY_NOT_CONFIRMED
2026-10-10T12:23:04.837347+00:00,SIE_OLD_MR_REGIME_EXHAUSTION_CONFIRM_V1,SOL,SOLUSDT,strategy-lab-v1.0.0:SIE_OLD_MR_REGIME_EXHAUSTION_CONFIRM_V1,1791619200000,2026-10-10T08:00:00+00:00,109.83,110.03,109.7,109.91,56.812339331619576,109.51400000000001,108.65891170046446,117.3425,0.5478571428571409,0.00498459778780039,50.46948356807503,1.25,False,TREND_SUPPORT_NOT_CONFIRMED|RSI_NOT_BELOW_32|CLOSE_NOT_NEAR_OR_BELOW_LOWER_BB|CLOSE_NOT_ABOVE_MA200
2026-10-10T12:23:04.837347+00:00,SIE_OLD_MR_REGIME_EXHAUSTION_CONFIRM_V1,SOL,SOLUSDT,strategy-lab-v1.0.0:SIE_OLD_MR_REGIME_EXHAUSTION_CONFIRM_V1,1791622800000,2026-10-10T09:00:00+00:00,109.89,110.12,109.81,109.85,74.91525423728821,109.5305,108.66294078011781,117.29435,0.4757142857142845,0.0043305806619415976,56.812339331619576,1.2499999999999925,False,TREND_SUPPORT_NOT_CONFIRMED|PLANNED_REWARD_TOO_LOW|RSI_NOT_BELOW_32|CLOSE_NOT_NEAR_OR_BELOW_LOWER_BB|CLOSE_NOT_ABOVE_MA200|RSI_RECOVERY_NOT_CONFIRMED
2026-10-10T12:23:04.837347+00:00,SIE_OLD_MR_REGIME_EXHAUSTION_CONFIRM_V1,SOL,SOLUSDT,strategy-lab-v1.0.0:SIE_OLD_MR_REGIME_EXHAUSTION_CONFIRM_V1,1791626400000,2026-10-10T10:00:00+00:00,109.84,109.89,109.27,109.58,62.03007518797001,109.50999999999999,108.66783612045954,117.24215,0.46142857142856997,0.004210883112142453,74.91525423728821,1.2500000000000153,False,TREND_SUPPORT_NOT_CONFIRMED|RSI_NOT_BELOW_32|CLOSE_NOT_NEAR_OR_BELOW_LOWER_BB|CLOSE_NOT_ABOVE_MA200|RSI_RECOVERY_NOT_CONFIRMED
2026-10-10T12:23:04.837347+00:00,SIE_OLD_MR_REGIME_EXHAUSTION_CONFIRM_V1,SOL,SOLUSDT,strategy-lab-v1.0.0:SIE_OLD_MR_REGIME_EXHAUSTION_CONFIRM_V1,1791630000000,2026-10-10T11:00:00+00:00,109.59,109.85,109.35,109.77,64.561403508772,109.518,108.66917492968068,117.18504999999999,0.47642857142856954,0.004340243886568002,62.03007518797001,1.2500000000000075,False,TREND_SUPPORT_NOT_CONFIRMED|RSI_NOT_BELOW_32|CLOSE_NOT_NEAR_OR_BELOW_LOWER_BB|CLOSE_NOT_ABOVE_MA200
2026-10-10T12:23:04.837347+00:00,SIE_OLD_MR_REGIME_EXHAUSTION_CONFIRM_V1,SOL,SOLUSDT,strategy-lab-v1.0.0:SIE_OLD_MR_REGIME_EXHAUSTION_CONFIRM_V1,1791633600000,2026-10-10T12:00:00+00:00,109.77,109.77,109.54,109.58,58.188153310104575,109.51299999999999,108.66687707748659,117.11565,0.4342857142857121,0.0039631841055458306,64.561403508772,1.2499999999999918,False,TREND_SUPPORT_NOT_CONFIRMED|PLANNED_REWARD_TOO_LOW|RSI_NOT_BELOW_32|CLOSE_NOT_NEAR_OR_BELOW_LOWER_BB|CLOSE_NOT_ABOVE_MA200|RSI_RECOVERY_NOT_CONFIRMED
2026-10-10T12:23:04.837347+00:00,SIE_OLD_MR_REGIME_EXHAUSTION_CONFIRM_V1,XRP,XRPUSDT,strategy-lab-v1.0.0:SIE_OLD_MR_REGIME_EXHAUSTION_CONFIRM_V1,1791612000000,2026-10-10T06:00:00+00:00,1.4099,1.411,1.4056,1.4064,71.1832061068705,1.39413,1.3747128838392326,1.464925,0.007321428571428558,0.005205793921664219,77.4131274131276,1.2499999999999925,False,TREND_SUPPORT_NOT_CONFIRMED|PLANNED_REWARD_TOO_LOW|RSI_NOT_BELOW_32|CLOSE_NOT_NEAR_OR_BELOW_LOWER_BB|CLOSE_NOT_ABOVE_MA200|RSI_RECOVERY_NOT_CONFIRMED
2026-10-10T12:23:04.837347+00:00,SIE_OLD_MR_REGIME_EXHAUSTION_CONFIRM_V1,XRP,XRPUSDT,strategy-lab-v1.0.0:SIE_OLD_MR_REGIME_EXHAUSTION_CONFIRM_V1,1791615600000,2026-10-10T07:00:00+00:00,1.4064,1.407,1.4032,1.4054,66.87242798353923,1.394365,1.3745263231287788,1.464483,0.006914285714285698,0.004919799142084601,71.1832061068705,1.250000000000016,False,TREND_SUPPORT_NOT_CONFIRMED|RSI_NOT_BELOW_32|CLOSE_NOT_NEAR_OR_BELOW_LOWER_BB|CLOSE_NOT_ABOVE_MA200|RSI_RECOVERY_NOT_CONFIRMED
2026-10-10T12:23:04.837347+00:00,SIE_OLD_MR_REGIME_EXHAUSTION_CONFIRM_V1,XRP,XRPUSDT,strategy-lab-v1.0.0:SIE_OLD_MR_REGIME_EXHAUSTION_CONFIRM_V1,1791619200000,2026-10-10T08:00:00+00:00,1.4053,1.4077,1.4039,1.4071,70.08196721311502,1.395235,1.3747745723407176,1.4640460000000002,0.006471428571428557,0.004599124846442013,66.87242798353923,1.25,False,TREND_SUPPORT_NOT_CONFIRMED|RSI_NOT_BELOW_32|CLOSE_NOT_NEAR_OR_BELOW_LOWER_BB|CLOSE_NOT_ABOVE_MA200
2026-10-10T12:23:04.837347+00:00,SIE_OLD_MR_REGIME_EXHAUSTION_CONFIRM_V1,XRP,XRPUSDT,strategy-lab-v1.0.0:SIE_OLD_MR_REGIME_EXHAUSTION_CONFIRM_V1,1791622800000,2026-10-10T09:00:00+00:00,1.407,1.4096,1.4052,1.4056,75.66371681415934,1.39657,1.3770861502777116,1.4635919999999998,0.006028571428571415,0.004288966582648986,70.08196721311502,1.250000000000009,False,TREND_SUPPORT_NOT_CONFIRMED|RSI_NOT_BELOW_32|CLOSE_NOT_NEAR_OR_BELOW_LOWER_BB|CLOSE_NOT_ABOVE_MA200|RSI_RECOVERY_NOT_CONFIRMED
2026-10-10T12:23:04.837347+00:00,SIE_OLD_MR_REGIME_EXHAUSTION_CONFIRM_V1,XRP,XRPUSDT,strategy-lab-v1.0.0:SIE_OLD_MR_REGIME_EXHAUSTION_CONFIRM_V1,1791626400000,2026-10-10T10:00:00+00:00,1.4057,1.406,1.4005,1.4048,70.64676616915438,1.397675,1.3789718585526196,1.4631055000000002,0.005807142857142836,0.004133786202408055,75.66371681415934,1.25,False,TREND_SUPPORT_NOT_CONFIRMED|RSI_NOT_BELOW_32|CLOSE_NOT_NEAR_OR_BELOW_LOWER_BB|CLOSE_NOT_ABOVE_MA200|RSI_RECOVERY_NOT_CONFIRMED
2026-10-10T12:23:04.837347+00:00,SIE_OLD_MR_REGIME_EXHAUSTION_CONFIRM_V1,XRP,XRPUSDT,strategy-lab-v1.0.0:SIE_OLD_MR_REGIME_EXHAUSTION_CONFIRM_V1,1791630000000,2026-10-10T11:00:00+00:00,1.4048,1.4049,1.402,1.403,64.02116402116408,1.398755,1.3814970192374452,1.4625774999999999,0.005635714285714267,0.004016902555747874,70.64676616915438,1.2499999999999902,False,TREND_SUPPORT_NOT_CONFIRMED|PLANNED_REWARD_TOO_LOW|RSI_NOT_BELOW_32|CLOSE_NOT_NEAR_OR_BELOW_LOWER_BB|CLOSE_NOT_ABOVE_MA200|RSI_RECOVERY_NOT_CONFIRMED
2026-10-10T12:23:04.837347+00:00,SIE_OLD_MR_REGIME_EXHAUSTION_CONFIRM_V1,XRP,XRPUSDT,strategy-lab-v1.0.0:SIE_OLD_MR_REGIME_EXHAUSTION_CONFIRM_V1,1791633600000,2026-10-10T12:00:00+00:00,1.4029,1.4029,1.4014,1.4017,59.83827493261445,1.39963,1.3836882184182349,1.461937,0.00524285714285712,0.003740356098207263,64.02116402116408,1.25,False,TREND_SUPPORT_NOT_CONFIRMED|RSI_NOT_BELOW_32|CLOSE_NOT_NEAR_OR_BELOW_LOWER_BB|CLOSE_NOT_ABOVE_MA200|RSI_RECOVERY_NOT_CONFIRMED
2026-10-10T12:23:04.837347+00:00,SIE_OLD_MR_REGIME_EXHAUSTION_CONFIRM_V1,DOGE,DOGEUSDT,strategy-lab-v1.0.0:SIE_OLD_MR_REGIME_EXHAUSTION_CONFIRM_V1,1791612000000,2026-10-10T06:00:00+00:00,0.08647,0.08655,0.08605,0.08613,68.24146981627283,0.085286,0.08381646401881428,0.09140575000000001,0.000532142857142857,0.006178368247333763,76.22950819672121,1.2500000000000064,False,TREND_SUPPORT_NOT_CONFIRMED|RSI_NOT_BELOW_32|CLOSE_NOT_NEAR_OR_BELOW_LOWER_BB|CLOSE_NOT_ABOVE_MA200|RSI_RECOVERY_NOT_CONFIRMED
2026-10-10T12:23:04.837347+00:00,SIE_OLD_MR_REGIME_EXHAUSTION_CONFIRM_V1,DOGE,DOGEUSDT,strategy-lab-v1.0.0:SIE_OLD_MR_REGIME_EXHAUSTION_CONFIRM_V1,1791615600000,2026-10-10T07:00:00+00:00,0.08616,0.08621,0.08594,0.08606,65.77540106951858,0.08534149999999999,0.08384335080849752,0.09136455,0.000510714285714285,0.005934397928355624,68.24146981627283,1.2500000000000135,False,TREND_SUPPORT_NOT_CONFIRMED|RSI_NOT_BELOW_32|CLOSE_NOT_NEAR_OR_BELOW_LOWER_BB|CLOSE_NOT_ABOVE_MA200|RSI_RECOVERY_NOT_CONFIRMED
2026-10-10T12:23:04.837347+00:00,SIE_OLD_MR_REGIME_EXHAUSTION_CONFIRM_V1,DOGE,DOGEUSDT,strategy-lab-v1.0.0:SIE_OLD_MR_REGIME_EXHAUSTION_CONFIRM_V1,1791619200000,2026-10-10T08:00:00+00:00,0.08608,0.08625,0.08598,0.08622,73.18435754189929,0.08541599999999999,0.08389882631185498,0.09132555,0.00048357142857142745,0.005608576067866243,65.77540106951858,1.249999999999993,False,TREND_SUPPORT_NOT_CONFIRMED|PLANNED_REWARD_TOO_LOW|RSI_NOT_BELOW_32|CLOSE_NOT_NEAR_OR_BELOW_LOWER_BB|CLOSE_NOT_ABOVE_MA200
2026-10-10T12:23:04.837347+00:00,SIE_OLD_MR_REGIME_EXHAUSTION_CONFIRM_V1,DOGE,DOGEUSDT,strategy-lab-v1.0.0:SIE_OLD_MR_REGIME_EXHAUSTION_CONFIRM_V1,1791622800000,2026-10-10T09:00:00+00:00,0.08623,0.08631,0.08602,0.08606,75.28735632183867,0.08549899999999999,0.0840324543989362,0.09128679999999999,0.0004592857142857127,0.005336808206898823,73.18435754189929,1.25,False,TREND_SUPPORT_NOT_CONFIRMED|RSI_NOT_BELOW_32|CLOSE_NOT_NEAR_OR_BELOW_LOWER_BB|CLOSE_NOT_ABOVE_MA200|RSI_RECOVERY_NOT_CONFIRMED
2026-10-10T12:23:04.837347+00:00,SIE_OLD_MR_REGIME_EXHAUSTION_CONFIRM_V1,DOGE,DOGEUSDT,strategy-lab-v1.0.0:SIE_OLD_MR_REGIME_EXHAUSTION_CONFIRM_V1,1791626400000,2026-10-10T10:00:00+00:00,0.08605,0.08607,0.08562,0.08579,65.54878048780476,0.0855605,0.08415471943390884,0.09124449999999999,0.00045285714285714075,0.0052786705077181575,75.28735632183867,1.25,False,TREND_SUPPORT_NOT_CONFIRMED|RSI_NOT_BELOW_32|CLOSE_NOT_NEAR_OR_BELOW_LOWER_BB|CLOSE_NOT_ABOVE_MA200|RSI_RECOVERY_NOT_CONFIRMED
2026-10-10T12:23:04.837347+00:00,SIE_OLD_MR_REGIME_EXHAUSTION_CONFIRM_V1,DOGE,DOGEUSDT,strategy-lab-v1.0.0:SIE_OLD_MR_REGIME_EXHAUSTION_CONFIRM_V1,1791630000000,2026-10-10T11:00:00+00:00,0.08581,0.08589,0.08562,0.08588,61.034482758620555,0.085627,0.08429481232553382,0.09120009999999999,0.0004328571428571406,0.005040255506021665,65.54878048780476,1.249999999999992,False,TREND_SUPPORT_NOT_CONFIRMED|PLANNED_REWARD_TOO_LOW|RSI_NOT_BELOW_32|CLOSE_NOT_NEAR_OR_BELOW_LOWER_BB|CLOSE_NOT_ABOVE_MA200|RSI_RECOVERY_NOT_CONFIRMED
2026-10-10T12:23:04.837347+00:00,SIE_OLD_MR_REGIME_EXHAUSTION_CONFIRM_V1,DOGE,DOGEUSDT,strategy-lab-v1.0.0:SIE_OLD_MR_REGIME_EXHAUSTION_CONFIRM_V1,1791633600000,2026-10-10T12:00:00+00:00,0.08582,0.08582,0.08573,0.08573,56.61016949152536,0.0856765,0.08440776401485588,0.09114509999999999,0.0004085714285714258,0.004765792937961341,61.034482758620555,1.25,False,TREND_SUPPORT_NOT_CONFIRMED|RSI_NOT_BELOW_32|CLOSE_NOT_NEAR_OR_BELOW_LOWER_BB|CLOSE_NOT_ABOVE_MA200|RSI_RECOVERY_NOT_CONFIRMED
2026-10-10T12:23:04.837347+00:00,SIE_OLD_MR_REGIME_EXHAUSTION_CONFIRM_V1,BNB,BNBUSDT,strategy-lab-v1.0.0:SIE_OLD_MR_REGIME_EXHAUSTION_CONFIRM_V1,1791612000000,2026-10-10T06:00:00+00:00,750.52,750.52,747.0,747.35,66.14657210401886,742.326,735.7069263488113,770.6876000000001,2.7271428571428453,0.0036490839059916307,79.88291644491726,1.2500000000000104,False,TREND_SUPPORT_NOT_CONFIRMED|RSI_NOT_BELOW_32|CLOSE_NOT_NEAR_OR_BELOW_LOWER_BB|CLOSE_NOT_ABOVE_MA200|RSI_RECOVERY_NOT_CONFIRMED
2026-10-10T12:23:04.837347+00:00,SIE_OLD_MR_REGIME_EXHAUSTION_CONFIRM_V1,BNB,BNBUSDT,strategy-lab-v1.0.0:SIE_OLD_MR_REGIME_EXHAUSTION_CONFIRM_V1,1791615600000,2026-10-10T07:00:00+00:00,747.35,749.5,747.2,748.9,68.51851851851832,742.637,735.4228691445287,770.5747500000001,2.6857142857142713,0.0035862121587852468,66.14657210401886,1.25,False,TREND_SUPPORT_NOT_CONFIRMED|RSI_NOT_BELOW_32|CLOSE_NOT_NEAR_OR_BELOW_LOWER_BB|CLOSE_NOT_ABOVE_MA200
2026-10-10T12:23:04.837347+00:00,SIE_OLD_MR_REGIME_EXHAUSTION_CONFIRM_V1,BNB,BNBUSDT,strategy-lab-v1.0.0:SIE_OLD_MR_REGIME_EXHAUSTION_CONFIRM_V1,1791619200000,2026-10-10T08:00:00+00:00,748.78,749.99,748.63,749.24,73.8261273826125,743.0335,735.3015810273346,770.4637999999999,2.5278571428571337,0.0033738950708146038,68.51851851851832,1.25,False,TREND_SUPPORT_NOT_CONFIRMED|RSI_NOT_BELOW_32|CLOSE_NOT_NEAR_OR_BELOW_LOWER_BB|CLOSE_NOT_ABOVE_MA200
2026-10-10T12:23:04.837347+00:00,SIE_OLD_MR_REGIME_EXHAUSTION_CONFIRM_V1,BNB,BNBUSDT,strategy-lab-v1.0.0:SIE_OLD_MR_REGIME_EXHAUSTION_CONFIRM_V1,1791622800000,2026-10-10T09:00:00+00:00,749.41,750.69,749.06,749.06,79.55911823647244,743.568,735.7223703885626,770.352,2.394285714285713,0.003196387090868172,73.8261273826125,1.2499999999999882,False,TREND_SUPPORT_NOT_CONFIRMED|PLANNED_REWARD_TOO_LOW|RSI_NOT_BELOW_32|CLOSE_NOT_NEAR_OR_BELOW_LOWER_BB|CLOSE_NOT_ABOVE_MA200|RSI_RECOVERY_NOT_CONFIRMED
2026-10-10T12:23:04.837347+00:00,SIE_OLD_MR_REGIME_EXHAUSTION_CONFIRM_V1,BNB,BNBUSDT,strategy-lab-v1.0.0:SIE_OLD_MR_REGIME_EXHAUSTION_CONFIRM_V1,1791626400000,2026-10-10T10:00:00+00:00,749.25,749.84,747.96,749.03,75.99299065420519,744.0074999999999,735.9742668401904,770.22765,2.3142857142857127,0.0030897103110499083,79.55911823647244,1.25,False,TREND_SUPPORT_NOT_CONFIRMED|RSI_NOT_BELOW_32|CLOSE_NOT_NEAR_OR_BELOW_LOWER_BB|CLOSE_NOT_ABOVE_MA200|RSI_RECOVERY_NOT_CONFIRMED
2026-10-10T12:23:04.837347+00:00,SIE_OLD_MR_REGIME_EXHAUSTION_CONFIRM_V1,BNB,BNBUSDT,strategy-lab-v1.0.0:SIE_OLD_MR_REGIME_EXHAUSTION_CONFIRM_V1,1791630000000,2026-10-10T11:00:00+00:00,748.96,749.07,747.64,748.44,71.09471094710938,744.4545,736.4795705959322,770.0913499999999,2.2550000000000034,0.0030129335684891284,75.99299065420519,1.2500000000000127,False,TREND_SUPPORT_NOT_CONFIRMED|RSI_NOT_BELOW_32|CLOSE_NOT_NEAR_OR_BELOW_LOWER_BB|CLOSE_NOT_ABOVE_MA200|RSI_RECOVERY_NOT_CONFIRMED
2026-10-10T12:23:04.837347+00:00,SIE_OLD_MR_REGIME_EXHAUSTION_CONFIRM_V1,BNB,BNBUSDT,strategy-lab-v1.0.0:SIE_OLD_MR_REGIME_EXHAUSTION_CONFIRM_V1,1791633600000,2026-10-10T12:00:00+00:00,748.28,748.28,747.37,747.58,67.68149882904,744.8075,736.9361116218378,769.92265,2.130714285714297,0.00285014886127812,71.09471094710938,1.2500000000000266,False,TREND_SUPPORT_NOT_CONFIRMED|RSI_NOT_BELOW_32|CLOSE_NOT_NEAR_OR_BELOW_LOWER_BB|CLOSE_NOT_ABOVE_MA200|RSI_RECOVERY_NOT_CONFIRMED
2026-10-10T12:23:04.837347+00:00,SIE_OLD_MR_REGIME_EXHAUSTION_CONFIRM_V1,PAXG,PAXGUSDT,strategy-lab-v1.0.0:SIE_OLD_MR_REGIME_EXHAUSTION_CONFIRM_V1,1791612000000,2026-10-10T06:00:00+00:00,4182.14,4182.48,4179.64,4182.48,44.082013047529585,4183.727000000001,4174.234261512179,4153.61685,5.017142857142842,0.0011995617091158457,49.087799315849,1.2499999999999094,False,PLANNED_REWARD_TOO_LOW|RSI_NOT_BELOW_32|CLOSE_NOT_NEAR_OR_BELOW_LOWER_BB|RSI_RECOVERY_NOT_CONFIRMED
2026-10-10T12:23:04.837347+00:00,SIE_OLD_MR_REGIME_EXHAUSTION_CONFIRM_V1,PAXG,PAXGUSDT,strategy-lab-v1.0.0:SIE_OLD_MR_REGIME_EXHAUSTION_CONFIRM_V1,1791615600000,2026-10-10T07:00:00+00:00,4182.48,4182.54,4180.55,4181.05,31.29420084865565,4183.797500000001,4174.40682616911,4153.5682,4.509999999999958,0.0010786764090359975,44.082013047529585,1.2499999999998992,False,PLANNED_REWARD_TOO_LOW|CLOSE_NOT_NEAR_OR_BELOW_LOWER_BB|RSI_RECOVERY_NOT_CONFIRMED
2026-10-10T12:23:04.837347+00:00,SIE_OLD_MR_REGIME_EXHAUSTION_CONFIRM_V1,PAXG,PAXGUSDT,strategy-lab-v1.0.0:SIE_OLD_MR_REGIME_EXHAUSTION_CONFIRM_V1,1791619200000,2026-10-10T08:00:00+00:00,4181.91,4184.3,4181.13,4183.75,32.110412299091294,4184.366,4176.567245227721,4153.66445,3.6757142857142235,0.0008785692944641108,31.29420084865565,1.249999999999938,False,PLANNED_REWARD_TOO_LOW|RSI_NOT_BELOW_32|CLOSE_NOT_NEAR_OR_BELOW_LOWER_BB
2026-10-10T12:23:04.837347+00:00,SIE_OLD_MR_REGIME_EXHAUSTION_CONFIRM_V1,PAXG,PAXGUSDT,strategy-lab-v1.0.0:SIE_OLD_MR_REGIME_EXHAUSTION_CONFIRM_V1,1791622800000,2026-10-10T09:00:00+00:00,4183.91,4184.59,4183.49,4183.66,38.85835095137311,4184.2925,4176.496224286677,4153.781550000001,3.2907142857141998,0.0007865635079605417,32.110412299091294,1.250000000000069,False,RSI_NOT_BELOW_32|CLOSE_NOT_NEAR_OR_BELOW_LOWER_BB|RSI_RECOVERY_NOT_CONFIRMED
2026-10-10T12:23:04.837347+00:00,SIE_OLD_MR_REGIME_EXHAUSTION_CONFIRM_V1,PAXG,PAXGUSDT,strategy-lab-v1.0.0:SIE_OLD_MR_REGIME_EXHAUSTION_CONFIRM_V1,1791626400000,2026-10-10T10:00:00+00:00,4184.43,4184.43,4182.61,4183.29,36.54257595207533,4184.5455,4177.2396051884025,4153.8181,3.0785714285713897,0.0007359211119887432,38.85835095137311,1.249999999999926,False,PLANNED_REWARD_TOO_LOW|RSI_NOT_BELOW_32|CLOSE_NOT_NEAR_OR_BELOW_LOWER_BB|RSI_RECOVERY_NOT_CONFIRMED
2026-10-10T12:23:04.837347+00:00,SIE_OLD_MR_REGIME_EXHAUSTION_CONFIRM_V1,PAXG,PAXGUSDT,strategy-lab-v1.0.0:SIE_OLD_MR_REGIME_EXHAUSTION_CONFIRM_V1,1791630000000,2026-10-10T11:00:00+00:00,4183.29,4183.38,4181.75,4182.19,45.16129032257864,4184.492,4177.1337512954415,4153.8056,2.7214285714285325,0.0006507185401496662,36.54257595207533,1.2500000000000835,False,RSI_NOT_BELOW_32|CLOSE_NOT_NEAR_OR_BELOW_LOWER_BB|RSI_RECOVERY_NOT_CONFIRMED
2026-10-10T12:23:04.837347+00:00,SIE_OLD_MR_REGIME_EXHAUSTION_CONFIRM_V1,PAXG,PAXGUSDT,strategy-lab-v1.0.0:SIE_OLD_MR_REGIME_EXHAUSTION_CONFIRM_V1,1791633600000,2026-10-10T12:00:00+00:00,4182.44,4182.44,4182.07,4182.11,49.82497082847025,4184.283,4176.903479419492,4153.753549999999,2.5921428571427896,0.0006198169960002941,45.16129032257864,1.2499999999999123,False,PLANNED_REWARD_TOO_LOW|RSI_NOT_BELOW_32|CLOSE_NOT_NEAR_OR_BELOW_LOWER_BB|RSI_RECOVERY_NOT_CONFIRMED
2026-10-10T18:29:51.096372+00:00,SIE_OLD_MR_REGIME_EXHAUSTION_CONFIRM_V1,BTC,BTCUSDT,strategy-lab-v1.0.0:SIE_OLD_MR_REGIME_EXHAUSTION_CONFIRM_V1,1791637200000,2026-10-10T13:00:00+00:00,82737.21,82802.06,82706.89,82755.21,62.660587980560486,82611.6235,82302.7385706,84295.23904999999,138.6857142857147,0.0016758547804508585,60.619319688532485,1.2499999999999738,False,TREND_SUPPORT_NOT_CONFIRMED|PLANNED_REWARD_TOO_LOW|RSI_NOT_BELOW_32|CLOSE_NOT_NEAR_OR_BELOW_LOWER_BB|CLOSE_NOT_ABOVE_MA200
2026-10-10T18:29:51.096372+00:00,SIE_OLD_MR_REGIME_EXHAUSTION_CONFIRM_V1,BTC,BTCUSDT,strategy-lab-v1.0.0:SIE_OLD_MR_REGIME_EXHAUSTION_CONFIRM_V1,1791640800000,2026-10-10T14:00:00+00:00,82755.21,83000.0,82692.01,82916.44,72.79887302298782,82638.99,82323.9753042802,84279.9994,152.74357142857272,0.0018421385605625702,62.660587980560486,1.2500000000000238,False,TREND_SUPPORT_NOT_CONFIRMED|RSI_NOT_BELOW_32|CLOSE_NOT_NEAR_OR_BELOW_LOWER_BB|CLOSE_NOT_ABOVE_MA200
2026-10-10T18:29:51.096372+00:00,SIE_OLD_MR_REGIME_EXHAUSTION_CONFIRM_V1,BTC,BTCUSDT,strategy-lab-v1.0.0:SIE_OLD_MR_REGIME_EXHAUSTION_CONFIRM_V1,1791644400000,2026-10-10T15:00:00+00:00,82916.43,82993.21,82869.14,82976.4,70.6379743335708,82675.1805,82380.38674331844,84264.43884999999,145.8121428571446,0.001757272463702265,72.79887302298782,1.25000000000005,False,TREND_SUPPORT_NOT_CONFIRMED|RSI_NOT_BELOW_32|CLOSE_NOT_NEAR_OR_BELOW_LOWER_BB|CLOSE_NOT_ABOVE_MA200|RSI_RECOVERY_NOT_CONFIRMED
2026-10-10T18:29:51.096372+00:00,SIE_OLD_MR_REGIME_EXHAUSTION_CONFIRM_V1,BTC,BTCUSDT,strategy-lab-v1.0.0:SIE_OLD_MR_REGIME_EXHAUSTION_CONFIRM_V1,1791648000000,2026-10-10T16:00:00+00:00,82976.4,82995.7,82880.0,82939.69,73.16747210786964,82700.597,82406.61956385321,84247.95904999999,144.75000000000105,0.0017452440441964644,70.6379743335708,1.25,False,TREND_SUPPORT_NOT_CONFIRMED|RSI_NOT_BELOW_32|CLOSE_NOT_NEAR_OR_BELOW_LOWER_BB|CLOSE_NOT_ABOVE_MA200|RSI_RECOVERY_NOT_CONFIRMED
2026-10-10T18:29:51.096372+00:00,SIE_OLD_MR_REGIME_EXHAUSTION_CONFIRM_V1,BTC,BTCUSDT,strategy-lab-v1.0.0:SIE_OLD_MR_REGIME_EXHAUSTION_CONFIRM_V1,1791651600000,2026-10-10T17:00:00+00:00,82939.69,83093.39,82923.59,83025.85,78.3354802576318,82728.59,82422.91351304126,84231.32695,149.3857142857149,0.0017992675086821138,73.16747210786964,1.25,False,TREND_SUPPORT_NOT_CONFIRMED|RSI_NOT_BELOW_32|CLOSE_NOT_NEAR_OR_BELOW_LOWER_BB|CLOSE_NOT_ABOVE_MA200
2026-10-10T18:29:51.096372+00:00,SIE_OLD_MR_REGIME_EXHAUSTION_CONFIRM_V1,BTC,BTCUSDT,strategy-lab-v1.0.0:SIE_OLD_MR_REGIME_EXHAUSTION_CONFIRM_V1,1791655200000,2026-10-10T18:00:00+00:00,83025.86,83075.68,82901.48,82923.64,67.17558099510333,82746.7215,82439.9391688099,84214.54015,151.74857142857218,0.0018299796225608545,78.3354802576318,1.250000000000024,False,TREND_SUPPORT_NOT_CONFIRMED|RSI_NOT_BELOW_32|CLOSE_NOT_NEAR_OR_BELOW_LOWER_BB|CLOSE_NOT_ABOVE_MA200|RSI_RECOVERY_NOT_CONFIRMED
2026-10-10T18:29:51.096372+00:00,SIE_OLD_MR_REGIME_EXHAUSTION_CONFIRM_V1,SOL,SOLUSDT,strategy-lab-v1.0.0:SIE_OLD_MR_REGIME_EXHAUSTION_CONFIRM_V1,1791637200000,2026-10-10T13:00:00+00:00,109.66,109.9,109.61,109.83,63.57388316151204,109.5175,108.66829154502372,117.05584999999999,0.43571428571428533,0.003967170042012978,59.642857142857366,1.2499999999999838,False,TREND_SUPPORT_NOT_CONFIRMED|PLANNED_REWARD_TOO_LOW|RSI_NOT_BELOW_32|CLOSE_NOT_NEAR_OR_BELOW_LOWER_BB|CLOSE_NOT_ABOVE_MA200
2026-10-10T18:29:51.096372+00:00,SIE_OLD_MR_REGIME_EXHAUSTION_CONFIRM_V1,SOL,SOLUSDT,strategy-lab-v1.0.0:SIE_OLD_MR_REGIME_EXHAUSTION_CONFIRM_V1,1791640800000,2026-10-10T14:00:00+00:00,109.83,110.68,109.61,110.4,67.18266253869982,109.56850000000001,108.63966686105462,116.9993,0.46857142857142875,0.004244306418219463,63.57388316151204,1.2499999999999925,False,TREND_SUPPORT_NOT_CONFIRMED|PLANNED_REWARD_TOO_LOW|RSI_NOT_BELOW_32|CLOSE_NOT_NEAR_OR_BELOW_LOWER_BB|CLOSE_NOT_ABOVE_MA200
2026-10-10T18:29:51.096372+00:00,SIE_OLD_MR_REGIME_EXHAUSTION_CONFIRM_V1,SOL,SOLUSDT,strategy-lab-v1.0.0:SIE_OLD_MR_REGIME_EXHAUSTION_CONFIRM_V1,1791644400000,2026-10-10T15:00:00+00:00,110.39,110.57,110.26,110.37,59.47955390334588,109.668,108.85001222502834,116.94274999999999,0.4414285714285709,0.003999534034869719,67.18266253869982,1.249999999999992,False,TREND_SUPPORT_NOT_CONFIRMED|PLANNED_REWARD_TOO_LOW|RSI_NOT_BELOW_32|CLOSE_NOT_NEAR_OR_BELOW_LOWER_BB|CLOSE_NOT_ABOVE_MA200|RSI_RECOVERY_NOT_CONFIRMED
2026-10-10T18:29:51.096372+00:00,SIE_OLD_MR_REGIME_EXHAUSTION_CONFIRM_V1,SOL,SOLUSDT,strategy-lab-v1.0.0:SIE_OLD_MR_REGIME_EXHAUSTION_CONFIRM_V1,1791648000000,2026-10-10T16:00:00+00:00,110.37,110.45,109.9,109.95,51.94805194805203,109.71849999999999,108.96430440202619,116.88235,0.45571428571428435,0.004144741116091717,59.47955390334588,1.2500000000000078,False,TREND_SUPPORT_NOT_CONFIRMED|RSI_NOT_BELOW_32|CLOSE_NOT_NEAR_OR_BELOW_LOWER_BB|CLOSE_NOT_ABOVE_MA200|RSI_RECOVERY_NOT_CONFIRMED
2026-10-10T18:29:51.096372+00:00,SIE_OLD_MR_REGIME_EXHAUSTION_CONFIRM_V1,SOL,SOLUSDT,strategy-lab-v1.0.0:SIE_OLD_MR_REGIME_EXHAUSTION_CONFIRM_V1,1791651600000,2026-10-10T17:00:00+00:00,109.94,110.08,109.81,109.86,54.79452054794525,109.7645,109.09881313667532,116.82285000000002,0.4464285714285704,0.004063613430079833,51.94805194805203,1.249999999999992,False,TREND_SUPPORT_NOT_CONFIRMED|PLANNED_REWARD_TOO_LOW|RSI_NOT_BELOW_32|CLOSE_NOT_NEAR_OR_BELOW_LOWER_BB|CLOSE_NOT_ABOVE_MA200|RSI_RECOVERY_NOT_CONFIRMED
2026-10-10T18:29:51.096372+00:00,SIE_OLD_MR_REGIME_EXHAUSTION_CONFIRM_V1,SOL,SOLUSDT,strategy-lab-v1.0.0:SIE_OLD_MR_REGIME_EXHAUSTION_CONFIRM_V1,1791655200000,2026-10-10T18:00:00+00:00,109.85,110.08,109.77,109.92,52.688172043010866,109.80499999999999,109.20856056468152,116.7629,0.4399999999999987,0.004002911208151371,54.79452054794525,1.25,False,TREND_SUPPORT_NOT_CONFIRMED|RSI_NOT_BELOW_32|CLOSE_NOT_NEAR_OR_BELOW_LOWER_BB|CLOSE_NOT_ABOVE_MA200|RSI_RECOVERY_NOT_CONFIRMED
2026-10-10T18:29:51.096372+00:00,SIE_OLD_MR_REGIME_EXHAUSTION_CONFIRM_V1,XRP,XRPUSDT,strategy-lab-v1.0.0:SIE_OLD_MR_REGIME_EXHAUSTION_CONFIRM_V1,1791637200000,2026-10-10T13:00:00+00:00,1.4023,1.4047,1.4018,1.4042,62.79683377308704,1.40043,1.3851346281509567,1.4613794999999998,0.005221428571428551,0.0037184365271532203,61.15702479338856,1.2500000000000107,False,TREND_SUPPORT_NOT_CONFIRMED|RSI_NOT_BELOW_32|CLOSE_NOT_NEAR_OR_BELOW_LOWER_BB|CLOSE_NOT_ABOVE_MA200
2026-10-10T18:29:51.096372+00:00,SIE_OLD_MR_REGIME_EXHAUSTION_CONFIRM_V1,XRP,XRPUSDT,strategy-lab-v1.0.0:SIE_OLD_MR_REGIME_EXHAUSTION_CONFIRM_V1,1791640800000,2026-10-10T14:00:00+00:00,1.404,1.4106,1.4009,1.406,61.15702479338856,1.4013550000000001,1.3870968830135078,1.4607970000000001,0.005371428571428567,0.003820361715098554,62.79683377308704,1.2499999999999896,False,TREND_SUPPORT_NOT_CONFIRMED|PLANNED_REWARD_TOO_LOW|RSI_NOT_BELOW_32|CLOSE_NOT_NEAR_OR_BELOW_LOWER_BB|CLOSE_NOT_ABOVE_MA200|RSI_RECOVERY_NOT_CONFIRMED
2026-10-10T18:29:51.096372+00:00,SIE_OLD_MR_REGIME_EXHAUSTION_CONFIRM_V1,XRP,XRPUSDT,strategy-lab-v1.0.0:SIE_OLD_MR_REGIME_EXHAUSTION_CONFIRM_V1,1791644400000,2026-10-10T15:00:00+00:00,1.4058,1.4081,1.4051,1.4072,49.097472924187805,1.402595,1.391100744913197,1.4601749999999998,0.004757142857142841,0.003380573377730842,61.15702479338856,1.2499999999999882,False,TREND_SUPPORT_NOT_CONFIRMED|PLANNED_REWARD_TOO_LOW|RSI_NOT_BELOW_32|CLOSE_NOT_NEAR_OR_BELOW_LOWER_BB|CLOSE_NOT_ABOVE_MA200|RSI_RECOVERY_NOT_CONFIRMED
2026-10-10T18:29:51.096372+00:00,SIE_OLD_MR_REGIME_EXHAUSTION_CONFIRM_V1,XRP,XRPUSDT,strategy-lab-v1.0.0:SIE_OLD_MR_REGIME_EXHAUSTION_CONFIRM_V1,1791648000000,2026-10-10T16:00:00+00:00,1.4072,1.4085,1.4021,1.4026,44.59016393442638,1.4033149999999999,1.3939021842682173,1.4595055,0.004892857142857143,0.003488419465889878,49.097472924187805,1.25,False,TREND_SUPPORT_NOT_CONFIRMED|RSI_NOT_BELOW_32|CLOSE_NOT_NEAR_OR_BELOW_LOWER_BB|CLOSE_NOT_ABOVE_MA200|RSI_RECOVERY_NOT_CONFIRMED
2026-10-10T18:29:51.096372+00:00,SIE_OLD_MR_REGIME_EXHAUSTION_CONFIRM_V1,XRP,XRPUSDT,strategy-lab-v1.0.0:SIE_OLD_MR_REGIME_EXHAUSTION_CONFIRM_V1,1791651600000,2026-10-10T17:00:00+00:00,1.4027,1.4046,1.4017,1.4026,50.0,1.4038249999999999,1.3958352878649796,1.4588240000000001,0.004600000000000016,0.003279623556252685,44.59016393442638,1.25,False,TREND_SUPPORT_NOT_CONFIRMED|RSI_NOT_BELOW_32|CLOSE_NOT_NEAR_OR_BELOW_LOWER_BB|CLOSE_NOT_ABOVE_MA200
2026-10-10T18:29:51.096372+00:00,SIE_OLD_MR_REGIME_EXHAUSTION_CONFIRM_V1,XRP,XRPUSDT,strategy-lab-v1.0.0:SIE_OLD_MR_REGIME_EXHAUSTION_CONFIRM_V1,1791655200000,2026-10-10T18:00:00+00:00,1.4026,1.4039,1.4015,1.4016,40.408163265305724,1.404185,1.3973628962188713,1.458138,0.004428571428571448,0.0031596542726679854,50.0,1.250000000000025,False,TREND_SUPPORT_NOT_CONFIRMED|RSI_NOT_BELOW_32|CLOSE_NOT_NEAR_OR_BELOW_LOWER_BB|CLOSE_NOT_ABOVE_MA200|RSI_RECOVERY_NOT_CONFIRMED
2026-10-10T18:29:51.096372+00:00,SIE_OLD_MR_REGIME_EXHAUSTION_CONFIRM_V1,DOGE,DOGEUSDT,strategy-lab-v1.0.0:SIE_OLD_MR_REGIME_EXHAUSTION_CONFIRM_V1,1791637200000,2026-10-10T13:00:00+00:00,0.08584,0.08589,0.0857,0.08578,57.98611111111105,0.0857265,0.08451032114802175,0.09109505000000001,0.00040928571428571023,0.0047713419711554,58.59649122807015,1.2500000000000084,False,TREND_SUPPORT_NOT_CONFIRMED|RSI_NOT_BELOW_32|CLOSE_NOT_NEAR_OR_BELOW_LOWER_BB|CLOSE_NOT_ABOVE_MA200|RSI_RECOVERY_NOT_CONFIRMED
2026-10-10T18:29:51.096372+00:00,SIE_OLD_MR_REGIME_EXHAUSTION_CONFIRM_V1,DOGE,DOGEUSDT,strategy-lab-v1.0.0:SIE_OLD_MR_REGIME_EXHAUSTION_CONFIRM_V1,1791640800000,2026-10-10T14:00:00+00:00,0.08574,0.08658,0.08572,0.08622,59.39597315436237,0.08580950000000001,0.0847013037177471,0.09104695,0.0004242857142857104,0.004920966298836817,57.98611111111105,1.25,False,TREND_SUPPORT_NOT_CONFIRMED|RSI_NOT_BELOW_32|CLOSE_NOT_NEAR_OR_BELOW_LOWER_BB|CLOSE_NOT_ABOVE_MA200
2026-10-10T18:29:51.096372+00:00,SIE_OLD_MR_REGIME_EXHAUSTION_CONFIRM_V1,DOGE,DOGEUSDT,strategy-lab-v1.0.0:SIE_OLD_MR_REGIME_EXHAUSTION_CONFIRM_V1,1791644400000,2026-10-10T15:00:00+00:00,0.08623,0.08632,0.08605,0.08616,50.77519379844957,0.08590249999999999,0.08502937057087782,0.0909955,0.00039714285714285286,0.004609364637219741,59.39597315436237,1.2500000000000175,False,TREND_SUPPORT_NOT_CONFIRMED|RSI_NOT_BELOW_32|CLOSE_NOT_NEAR_OR_BELOW_LOWER_BB|CLOSE_NOT_ABOVE_MA200|RSI_RECOVERY_NOT_CONFIRMED
2026-10-10T18:29:51.096372+00:00,SIE_OLD_MR_REGIME_EXHAUSTION_CONFIRM_V1,DOGE,DOGEUSDT,strategy-lab-v1.0.0:SIE_OLD_MR_REGIME_EXHAUSTION_CONFIRM_V1,1791648000000,2026-10-10T16:00:00+00:00,0.08614,0.08624,0.08594,0.08607,40.35087719298243,0.0859675,0.08526425395486414,0.09094039999999999,0.0003771428571428527,0.004381815465816809,50.77519379844957,1.25,False,TREND_SUPPORT_NOT_CONFIRMED|RSI_NOT_BELOW_32|CLOSE_NOT_NEAR_OR_BELOW_LOWER_BB|CLOSE_NOT_ABOVE_MA200|RSI_RECOVERY_NOT_CONFIRMED
2026-10-10T18:29:51.096372+00:00,SIE_OLD_MR_REGIME_EXHAUSTION_CONFIRM_V1,DOGE,DOGEUSDT,strategy-lab-v1.0.0:SIE_OLD_MR_REGIME_EXHAUSTION_CONFIRM_V1,1791651600000,2026-10-10T17:00:00+00:00,0.08606,0.08625,0.08597,0.086,44.23076923076925,0.0860055,0.08538651777085346,0.09088570000000001,0.00036357142857142345,0.004227574750830506,40.35087719298243,1.2499999999999905,False,TREND_SUPPORT_NOT_CONFIRMED|PLANNED_REWARD_TOO_LOW|RSI_NOT_BELOW_32|CLOSE_NOT_NEAR_OR_BELOW_LOWER_BB|CLOSE_NOT_ABOVE_MA200|RSI_RECOVERY_NOT_CONFIRMED
2026-10-10T18:29:51.096372+00:00,SIE_OLD_MR_REGIME_EXHAUSTION_CONFIRM_V1,DOGE,DOGEUSDT,strategy-lab-v1.0.0:SIE_OLD_MR_REGIME_EXHAUSTION_CONFIRM_V1,1791655200000,2026-10-10T18:00:00+00:00,0.08602,0.08606,0.08593,0.08596,43.127962085308226,0.0860365,0.08549693443401267,0.09083245,0.00033357142857142315,0.0038805424449909628,44.23076923076925,1.2500000000000104,False,TREND_SUPPORT_NOT_CONFIRMED|RSI_NOT_BELOW_32|CLOSE_NOT_NEAR_OR_BELOW_LOWER_BB|CLOSE_NOT_ABOVE_MA200|RSI_RECOVERY_NOT_CONFIRMED
2026-10-10T18:29:51.096372+00:00,SIE_OLD_MR_REGIME_EXHAUSTION_CONFIRM_V1,BNB,BNBUSDT,strategy-lab-v1.0.0:SIE_OLD_MR_REGIME_EXHAUSTION_CONFIRM_V1,1791637200000,2026-10-10T13:00:00+00:00,747.98,749.72,747.72,749.35,71.96467991169973,745.2645,737.3982595383904,769.78545,2.1650000000000125,0.0028891706145326114,68.85050625372249,1.25,False,TREND_SUPPORT_NOT_CONFIRMED|RSI_NOT_BELOW_32|CLOSE_NOT_NEAR_OR_BELOW_LOWER_BB|CLOSE_NOT_ABOVE_MA200
2026-10-10T18:29:51.096372+00:00,SIE_OLD_MR_REGIME_EXHAUSTION_CONFIRM_V1,BNB,BNBUSDT,strategy-lab-v1.0.0:SIE_OLD_MR_REGIME_EXHAUSTION_CONFIRM_V1,1791640800000,2026-10-10T14:00:00+00:00,749.17,753.24,749.12,752.01,74.43381982888772,745.9155,738.0791093129639,769.6604999999998,2.296428571428578,0.003053720790187069,71.96467991169973,1.2500000000000246,False,TREND_SUPPORT_NOT_CONFIRMED|RSI_NOT_BELOW_32|CLOSE_NOT_NEAR_OR_BELOW_LOWER_BB|CLOSE_NOT_ABOVE_MA200
2026-10-10T18:29:51.096372+00:00,SIE_OLD_MR_REGIME_EXHAUSTION_CONFIRM_V1,BNB,BNBUSDT,strategy-lab-v1.0.0:SIE_OLD_MR_REGIME_EXHAUSTION_CONFIRM_V1,1791644400000,2026-10-10T15:00:00+00:00,752.04,752.5,750.12,750.34,63.72917786136488,746.5695,739.5959887610423,769.53145,2.249285714285723,0.002997688666851991,74.43381982888772,1.2499999999999873,False,TREND_SUPPORT_NOT_CONFIRMED|PLANNED_REWARD_TOO_LOW|RSI_NOT_BELOW_32|CLOSE_NOT_NEAR_OR_BELOW_LOWER_BB|CLOSE_NOT_ABOVE_MA200|RSI_RECOVERY_NOT_CONFIRMED
2026-10-10T18:29:51.096372+00:00,SIE_OLD_MR_REGIME_EXHAUSTION_CONFIRM_V1,BNB,BNBUSDT,strategy-lab-v1.0.0:SIE_OLD_MR_REGIME_EXHAUSTION_CONFIRM_V1,1791648000000,2026-10-10T16:00:00+00:00,750.65,750.65,748.96,748.96,59.80837115481587,747.011,740.6313733651671,769.3899500000001,2.27785714285715,0.0030413602099673546,63.72917786136488,1.25,False,TREND_SUPPORT_NOT_CONFIRMED|RSI_NOT_BELOW_32|CLOSE_NOT_NEAR_OR_BELOW_LOWER_BB|CLOSE_NOT_ABOVE_MA200|RSI_RECOVERY_NOT_CONFIRMED
2026-10-10T18:29:51.096372+00:00,SIE_OLD_MR_REGIME_EXHAUSTION_CONFIRM_V1,BNB,BNBUSDT,strategy-lab-v1.0.0:SIE_OLD_MR_REGIME_EXHAUSTION_CONFIRM_V1,1791651600000,2026-10-10T17:00:00+00:00,748.84,749.92,748.65,749.73,61.820851688693224,747.4185,741.4506820570773,769.2567999999999,2.2535714285714334,0.003005844008605009,59.80837115481587,1.25,False,TREND_SUPPORT_NOT_CONFIRMED|RSI_NOT_BELOW_32|CLOSE_NOT_NEAR_OR_BELOW_LOWER_BB|CLOSE_NOT_ABOVE_MA200
2026-10-10T18:29:51.096372+00:00,SIE_OLD_MR_REGIME_EXHAUSTION_CONFIRM_V1,BNB,BNBUSDT,strategy-lab-v1.0.0:SIE_OLD_MR_REGIME_EXHAUSTION_CONFIRM_V1,1791655200000,2026-10-10T18:00:00+00:00,749.67,749.7,748.89,749.07,55.61385099685233,747.7950000000001,742.4394440064666,769.12175,2.1507142857142947,0.002871179309963414,61.820851688693224,1.2500000000000133,False,TREND_SUPPORT_NOT_CONFIRMED|RSI_NOT_BELOW_32|CLOSE_NOT_NEAR_OR_BELOW_LOWER_BB|CLOSE_NOT_ABOVE_MA200|RSI_RECOVERY_NOT_CONFIRMED
2026-10-10T18:29:51.096372+00:00,SIE_OLD_MR_REGIME_EXHAUSTION_CONFIRM_V1,PAXG,PAXGUSDT,strategy-lab-v1.0.0:SIE_OLD_MR_REGIME_EXHAUSTION_CONFIRM_V1,1791637200000,2026-10-10T13:00:00+00:00,4183.11,4185.17,4181.93,4182.65,46.45199761478689,4183.884,4177.335032447761,4153.718449999999,2.7492857142856986,0.0006573071412347911,52.61401557285755,1.25,False,RSI_NOT_BELOW_32|CLOSE_NOT_NEAR_OR_BELOW_LOWER_BB|RSI_RECOVERY_NOT_CONFIRMED
2026-10-10T18:29:51.096372+00:00,SIE_OLD_MR_REGIME_EXHAUSTION_CONFIRM_V1,PAXG,PAXGUSDT,strategy-lab-v1.0.0:SIE_OLD_MR_REGIME_EXHAUSTION_CONFIRM_V1,1791640800000,2026-10-10T14:00:00+00:00,4182.65,4185.24,4182.17,4184.03,49.4653911086086,4183.386,4178.751889945173,4153.70205,2.6649999999999636,0.0006369457197964555,46.45199761478689,1.2500000000000853,False,RSI_NOT_BELOW_32|CLOSE_NOT_NEAR_OR_BELOW_LOWER_BB
2026-10-10T18:29:51.096372+00:00,SIE_OLD_MR_REGIME_EXHAUSTION_CONFIRM_V1,PAXG,PAXGUSDT,strategy-lab-v1.0.0:SIE_OLD_MR_REGIME_EXHAUSTION_CONFIRM_V1,1791644400000,2026-10-10T15:00:00+00:00,4184.03,4185.83,4182.62,4183.1,61.51154653603909,4183.0945,4179.220966858251,4153.6806,2.4257142857142235,0.0005798843646372841,49.4653911086086,1.2499999999999063,False,PLANNED_REWARD_TOO_LOW|RSI_NOT_BELOW_32|CLOSE_NOT_NEAR_OR_BELOW_LOWER_BB|RSI_RECOVERY_NOT_CONFIRMED
2026-10-10T18:29:51.096372+00:00,SIE_OLD_MR_REGIME_EXHAUSTION_CONFIRM_V1,PAXG,PAXGUSDT,strategy-lab-v1.0.0:SIE_OLD_MR_REGIME_EXHAUSTION_CONFIRM_V1,1791648000000,2026-10-10T16:00:00+00:00,4182.78,4183.63,4182.37,4183.63,62.972972972974105,4182.797,4180.287967517108,4153.6703,2.3664285714285143,0.0005656400234792546,61.51154653603909,1.2500000000000961,False,RSI_NOT_BELOW_32|CLOSE_NOT_NEAR_OR_BELOW_LOWER_BB
2026-10-10T18:29:51.096372+00:00,SIE_OLD_MR_REGIME_EXHAUSTION_CONFIRM_V1,PAXG,PAXGUSDT,strategy-lab-v1.0.0:SIE_OLD_MR_REGIME_EXHAUSTION_CONFIRM_V1,1791651600000,2026-10-10T17:00:00+00:00,4183.02,4183.02,4181.9,4182.06,43.958664546901254,4182.6990000000005,4180.236010759221,4153.646650000001,2.1092857142856962,0.0005043652444693993,62.972972972974105,1.2500000000001077,False,RSI_NOT_BELOW_32|CLOSE_NOT_NEAR_OR_BELOW_LOWER_BB|RSI_RECOVERY_NOT_CONFIRMED
2026-10-10T18:29:51.096372+00:00,SIE_OLD_MR_REGIME_EXHAUSTION_CONFIRM_V1,PAXG,PAXGUSDT,strategy-lab-v1.0.0:SIE_OLD_MR_REGIME_EXHAUSTION_CONFIRM_V1,1791655200000,2026-10-10T18:00:00+00:00,4182.06,4182.54,4181.49,4182.09,46.41068447412451,4182.695,4180.228330180142,4153.62115,2.088571428571478,0.0004994085322342364,43.958664546901254,1.2500000000001088,False,RSI_NOT_BELOW_32|CLOSE_NOT_NEAR_OR_BELOW_LOWER_BB
2026-10-10T23:28:36.394476+00:00,SIE_OLD_MR_REGIME_EXHAUSTION_CONFIRM_V1,BTC,BTCUSDT,strategy-lab-v1.0.0:SIE_OLD_MR_REGIME_EXHAUSTION_CONFIRM_V1,1791658800000,2026-10-10T19:00:00+00:00,82947.43,83020.0,82938.15,83004.61,65.0060503076647,82770.90550000001,82456.72171903982,84197.62105,144.2685714285721,0.001738079022702138,68.99741112872502,1.2500000000000504,False,TREND_SUPPORT_NOT_CONFIRMED|RSI_NOT_BELOW_32|CLOSE_NOT_NEAR_OR_BELOW_LOWER_BB|CLOSE_NOT_ABOVE_MA200|RSI_RECOVERY_NOT_CONFIRMED
2026-10-10T23:28:36.394476+00:00,SIE_OLD_MR_REGIME_EXHAUSTION_CONFIRM_V1,BTC,BTCUSDT,strategy-lab-v1.0.0:SIE_OLD_MR_REGIME_EXHAUSTION_CONFIRM_V1,1791662400000,2026-10-10T20:00:00+00:00,83004.6,83027.66,82946.18,82957.26,69.08543676038005,82794.3095,82498.34969222464,84178.3901,135.86000000000163,0.0016377107922802856,65.0060503076647,1.2499999999999731,False,TREND_SUPPORT_NOT_CONFIRMED|PLANNED_REWARD_TOO_LOW|RSI_NOT_BELOW_32|CLOSE_NOT_NEAR_OR_BELOW_LOWER_BB|CLOSE_NOT_ABOVE_MA200|RSI_RECOVERY_NOT_CONFIRMED
2026-10-10T23:28:36.394476+00:00,SIE_OLD_MR_REGIME_EXHAUSTION_CONFIRM_V1,BTC,BTCUSDT,strategy-lab-v1.0.0:SIE_OLD_MR_REGIME_EXHAUSTION_CONFIRM_V1,1791666000000,2026-10-10T21:00:00+00:00,82957.26,83029.61,82938.15,82973.14,67.27491274565135,82812.0615,82517.92244144021,84160.43405000001,128.250714285716,0.001545689536224807,69.08543676038005,1.2499999999999716,False,TREND_SUPPORT_NOT_CONFIRMED|PLANNED_REWARD_TOO_LOW|RSI_NOT_BELOW_32|CLOSE_NOT_NEAR_OR_BELOW_LOWER_BB|CLOSE_NOT_ABOVE_MA200|RSI_RECOVERY_NOT_CONFIRMED
2026-10-10T23:28:36.394476+00:00,SIE_OLD_MR_REGIME_EXHAUSTION_CONFIRM_V1,BTC,BTCUSDT,strategy-lab-v1.0.0:SIE_OLD_MR_REGIME_EXHAUSTION_CONFIRM_V1,1791669600000,2026-10-10T22:00:00+00:00,82973.13,83021.24,82856.77,83017.33,67.57962697274014,82835.359,82553.96469608566,84147.13865000001,131.5057142857165,0.0015840754488938213,67.27491274565135,1.25,False,TREND_SUPPORT_NOT_CONFIRMED|RSI_NOT_BELOW_32|CLOSE_NOT_NEAR_OR_BELOW_LOWER_BB|CLOSE_NOT_ABOVE_MA200
2026-10-10T23:28:36.394476+00:00,SIE_OLD_MR_REGIME_EXHAUSTION_CONFIRM_V1,BTC,BTCUSDT,strategy-lab-v1.0.0:SIE_OLD_MR_REGIME_EXHAUSTION_CONFIRM_V1,1791673200000,2026-10-10T23:00:00+00:00,83017.33,83028.18,82962.88,82964.37,62.32203160880711,82857.5815,82611.33810144803,84135.3517,127.41000000000038,0.0015357194901859724,67.57962697274014,1.250000000000057,False,TREND_SUPPORT_NOT_CONFIRMED|RSI_NOT_BELOW_32|CLOSE_NOT_NEAR_OR_BELOW_LOWER_BB|CLOSE_NOT_ABOVE_MA200|RSI_RECOVERY_NOT_CONFIRMED
2026-10-10T23:28:36.394476+00:00,SIE_OLD_MR_REGIME_EXHAUSTION_CONFIRM_V1,SOL,SOLUSDT,strategy-lab-v1.0.0:SIE_OLD_MR_REGIME_EXHAUSTION_CONFIRM_V1,1791658800000,2026-10-10T19:00:00+00:00,110.18,110.52,110.13,110.36,55.102040816326515,109.8845,109.33493744668834,116.70705,0.4414285714285709,0.0039998964428105376,56.86274509803927,1.249999999999992,False,TREND_SUPPORT_NOT_CONFIRMED|PLANNED_REWARD_TOO_LOW|RSI_NOT_BELOW_32|CLOSE_NOT_NEAR_OR_BELOW_LOWER_BB|CLOSE_NOT_ABOVE_MA200|RSI_RECOVERY_NOT_CONFIRMED
2026-10-10T23:28:36.394476+00:00,SIE_OLD_MR_REGIME_EXHAUSTION_CONFIRM_V1,SOL,SOLUSDT,strategy-lab-v1.0.0:SIE_OLD_MR_REGIME_EXHAUSTION_CONFIRM_V1,1791662400000,2026-10-10T20:00:00+00:00,110.36,110.42,110.15,110.24,59.340659340659215,109.93199999999999,109.43442186542974,116.64555,0.42571428571428527,0.003861704333402443,55.102040816326515,1.2500000000000167,False,TREND_SUPPORT_NOT_CONFIRMED|RSI_NOT_BELOW_32|CLOSE_NOT_NEAR_OR_BELOW_LOWER_BB|CLOSE_NOT_ABOVE_MA200|RSI_RECOVERY_NOT_CONFIRMED
2026-10-10T23:28:36.394476+00:00,SIE_OLD_MR_REGIME_EXHAUSTION_CONFIRM_V1,SOL,SOLUSDT,strategy-lab-v1.0.0:SIE_OLD_MR_REGIME_EXHAUSTION_CONFIRM_V1,1791666000000,2026-10-10T21:00:00+00:00,110.23,110.36,110.08,110.21,56.818181818181806,109.94949999999999,109.43883474760622,116.5863,0.42857142857142855,0.003888680052367558,59.340659340659215,1.2500000000000082,False,TREND_SUPPORT_NOT_CONFIRMED|RSI_NOT_BELOW_32|CLOSE_NOT_NEAR_OR_BELOW_LOWER_BB|CLOSE_NOT_ABOVE_MA200|RSI_RECOVERY_NOT_CONFIRMED
2026-10-10T23:28:36.394476+00:00,SIE_OLD_MR_REGIME_EXHAUSTION_CONFIRM_V1,SOL,SOLUSDT,strategy-lab-v1.0.0:SIE_OLD_MR_REGIME_EXHAUSTION_CONFIRM_V1,1791669600000,2026-10-10T22:00:00+00:00,110.2,110.48,110.11,110.38,58.545454545454525,109.977,109.43666306807476,116.5351,0.4314285714285719,0.0039085755701084605,56.818181818181806,1.25,False,TREND_SUPPORT_NOT_CONFIRMED|RSI_NOT_BELOW_32|CLOSE_NOT_NEAR_OR_BELOW_LOWER_BB|CLOSE_NOT_ABOVE_MA200
2026-10-10T23:28:36.394476+00:00,SIE_OLD_MR_REGIME_EXHAUSTION_CONFIRM_V1,SOL,SOLUSDT,strategy-lab-v1.0.0:SIE_OLD_MR_REGIME_EXHAUSTION_CONFIRM_V1,1791673200000,2026-10-10T23:00:00+00:00,110.38,110.4,109.98,110.04,53.13531353135334,110.0,109.49096169102674,116.48555,0.43928571428571467,0.0039920548372020595,58.545454545454525,1.2500000000000162,False,TREND_SUPPORT_NOT_CONFIRMED|RSI_NOT_BELOW_32|CLOSE_NOT_NEAR_OR_BELOW_LOWER_BB|CLOSE_NOT_ABOVE_MA200|RSI_RECOVERY_NOT_CONFIRMED
2026-10-10T23:28:36.394476+00:00,SIE_OLD_MR_REGIME_EXHAUSTION_CONFIRM_V1,XRP,XRPUSDT,strategy-lab-v1.0.0:SIE_OLD_MR_REGIME_EXHAUSTION_CONFIRM_V1,1791658800000,2026-10-10T19:00:00+00:00,1.4028,1.4055,1.4024,1.4044,37.61467889908281,1.4047550000000002,1.399716160847907,1.4575105000000002,0.004228571428571438,0.0030109451926598105,43.333333333333016,1.25,False,TREND_SUPPORT_NOT_CONFIRMED|RSI_NOT_BELOW_32|CLOSE_NOT_NEAR_OR_BELOW_LOWER_BB|CLOSE_NOT_ABOVE_MA200|RSI_RECOVERY_NOT_CONFIRMED
2026-10-10T23:28:36.394476+00:00,SIE_OLD_MR_REGIME_EXHAUSTION_CONFIRM_V1,XRP,XRPUSDT,strategy-lab-v1.0.0:SIE_OLD_MR_REGIME_EXHAUSTION_CONFIRM_V1,1791662400000,2026-10-10T20:00:00+00:00,1.4046,1.4079,1.4028,1.407,51.428571428571274,1.40521,1.4011886072063695,1.456836,0.004207142857142854,0.002990151284394352,37.61467889908281,1.250000000000013,False,TREND_SUPPORT_NOT_CONFIRMED|RSI_NOT_BELOW_32|CLOSE_NOT_NEAR_OR_BELOW_LOWER_BB|CLOSE_NOT_ABOVE_MA200
2026-10-10T23:28:36.394476+00:00,SIE_OLD_MR_REGIME_EXHAUSTION_CONFIRM_V1,XRP,XRPUSDT,strategy-lab-v1.0.0:SIE_OLD_MR_REGIME_EXHAUSTION_CONFIRM_V1,1791666000000,2026-10-10T21:00:00+00:00,1.4068,1.408,1.4041,1.4046,48.21428571428589,1.405055,1.4011936660335236,1.456201,0.00421428571428571,0.0030003458025670724,51.428571428571274,1.2499999999999736,False,TREND_SUPPORT_NOT_CONFIRMED|PLANNED_REWARD_TOO_LOW|RSI_NOT_BELOW_32|CLOSE_NOT_NEAR_OR_BELOW_LOWER_BB|CLOSE_NOT_ABOVE_MA200|RSI_RECOVERY_NOT_CONFIRMED
2026-10-10T23:28:36.394476+00:00,SIE_OLD_MR_REGIME_EXHAUSTION_CONFIRM_V1,XRP,XRPUSDT,strategy-lab-v1.0.0:SIE_OLD_MR_REGIME_EXHAUSTION_CONFIRM_V1,1791669600000,2026-10-10T22:00:00+00:00,1.4045,1.4055,1.3996,1.4031,40.990990990990895,1.4049150000000001,1.4009839568813527,1.4556525000000002,0.0043642857142857094,0.003110459492755833,48.21428571428589,1.25,False,TREND_SUPPORT_NOT_CONFIRMED|RSI_NOT_BELOW_32|CLOSE_NOT_NEAR_OR_BELOW_LOWER_BB|CLOSE_NOT_ABOVE_MA200|RSI_RECOVERY_NOT_CONFIRMED
2026-10-10T23:28:36.394476+00:00,SIE_OLD_MR_REGIME_EXHAUSTION_CONFIRM_V1,XRP,XRPUSDT,strategy-lab-v1.0.0:SIE_OLD_MR_REGIME_EXHAUSTION_CONFIRM_V1,1791673200000,2026-10-10T23:00:00+00:00,1.403,1.4039,1.4019,1.4027,43.127962085308184,1.4049200000000002,1.4010005102372038,1.4551329999999998,0.004192857142857141,0.002989133202293535,40.990990990990895,1.2499999999999867,False,TREND_SUPPORT_NOT_CONFIRMED|PLANNED_REWARD_TOO_LOW|RSI_NOT_BELOW_32|CLOSE_NOT_NEAR_OR_BELOW_LOWER_BB|CLOSE_NOT_ABOVE_MA200|RSI_RECOVERY_NOT_CONFIRMED
2026-10-10T23:28:36.394476+00:00,SIE_OLD_MR_REGIME_EXHAUSTION_CONFIRM_V1,DOGE,DOGEUSDT,strategy-lab-v1.0.0:SIE_OLD_MR_REGIME_EXHAUSTION_CONFIRM_V1,1791658800000,2026-10-10T19:00:00+00:00,0.086,0.08619,0.08596,0.086,37.69633507853395,0.086074,0.08564746043559897,0.09078045000000001,0.0003271428571428532,0.0038039867109634098,44.76190476190492,1.25,False,TREND_SUPPORT_NOT_CONFIRMED|RSI_NOT_BELOW_32|CLOSE_NOT_NEAR_OR_BELOW_LOWER_BB|CLOSE_NOT_ABOVE_MA200|RSI_RECOVERY_NOT_CONFIRMED
2026-10-10T23:28:36.394476+00:00,SIE_OLD_MR_REGIME_EXHAUSTION_CONFIRM_V1,DOGE,DOGEUSDT,strategy-lab-v1.0.0:SIE_OLD_MR_REGIME_EXHAUSTION_CONFIRM_V1,1791662400000,2026-10-10T20:00:00+00:00,0.08596,0.08609,0.08586,0.08601,46.20253164556987,0.0860915,0.08570776701992217,0.0907248,0.0003078571428571385,0.003579318019499343,37.69633507853395,1.25,False,TREND_SUPPORT_NOT_CONFIRMED|RSI_NOT_BELOW_32|CLOSE_NOT_NEAR_OR_BELOW_LOWER_BB|CLOSE_NOT_ABOVE_MA200
2026-10-10T23:28:36.394476+00:00,SIE_OLD_MR_REGIME_EXHAUSTION_CONFIRM_V1,DOGE,DOGEUSDT,strategy-lab-v1.0.0:SIE_OLD_MR_REGIME_EXHAUSTION_CONFIRM_V1,1791666000000,2026-10-10T21:00:00+00:00,0.086,0.08606,0.0859,0.08591,45.3416149068325,0.08608099999999999,0.0856895462990347,0.09067120000000001,0.0002999999999999957,0.0034920265394016493,46.20253164556987,1.250000000000023,False,TREND_SUPPORT_NOT_CONFIRMED|RSI_NOT_BELOW_32|CLOSE_NOT_NEAR_OR_BELOW_LOWER_BB|CLOSE_NOT_ABOVE_MA200|RSI_RECOVERY_NOT_CONFIRMED
2026-10-10T23:28:36.394476+00:00,SIE_OLD_MR_REGIME_EXHAUSTION_CONFIRM_V1,DOGE,DOGEUSDT,strategy-lab-v1.0.0:SIE_OLD_MR_REGIME_EXHAUSTION_CONFIRM_V1,1791669600000,2026-10-10T22:00:00+00:00,0.08594,0.08594,0.08554,0.08579,36.3057324840767,0.08604500000000001,0.08568697765432952,0.0906231,0.00030928571428571035,0.0036051487852396587,45.3416149068325,1.2500000000000224,False,TREND_SUPPORT_NOT_CONFIRMED|RSI_NOT_BELOW_32|CLOSE_NOT_NEAR_OR_BELOW_LOWER_BB|CLOSE_NOT_ABOVE_MA200|RSI_RECOVERY_NOT_CONFIRMED
2026-10-10T23:28:36.394476+00:00,SIE_OLD_MR_REGIME_EXHAUSTION_CONFIRM_V1,DOGE,DOGEUSDT,strategy-lab-v1.0.0:SIE_OLD_MR_REGIME_EXHAUSTION_CONFIRM_V1,1791673200000,2026-10-10T23:00:00+00:00,0.08577,0.08588,0.0857,0.08572,38.51351351351393,0.086019,0.08564617832681107,0.09057604999999999,0.00030142857142856756,0.0035164322378507646,36.3057324840767,1.25,False,TREND_SUPPORT_NOT_CONFIRMED|RSI_NOT_BELOW_32|CLOSE_NOT_NEAR_OR_BELOW_LOWER_BB|CLOSE_NOT_ABOVE_MA200|RSI_RECOVERY_NOT_CONFIRMED
2026-10-10T23:28:36.394476+00:00,SIE_OLD_MR_REGIME_EXHAUSTION_CONFIRM_V1,BNB,BNBUSDT,strategy-lab-v1.0.0:SIE_OLD_MR_REGIME_EXHAUSTION_CONFIRM_V1,1791658800000,2026-10-10T19:00:00+00:00,749.23,751.13,749.17,750.5,49.29749541844832,748.2585,743.6576336685499,768.9870499999998,1.9757142857142997,0.0026325306938231843,56.084656084656274,1.25,False,TREND_SUPPORT_NOT_CONFIRMED|RSI_NOT_BELOW_32|CLOSE_NOT_NEAR_OR_BELOW_LOWER_BB|CLOSE_NOT_ABOVE_MA200|RSI_RECOVERY_NOT_CONFIRMED
2026-10-10T23:28:36.394476+00:00,SIE_OLD_MR_REGIME_EXHAUSTION_CONFIRM_V1,BNB,BNBUSDT,strategy-lab-v1.0.0:SIE_OLD_MR_REGIME_EXHAUSTION_CONFIRM_V1,1791662400000,2026-10-10T20:00:00+00:00,750.54,750.85,749.88,750.45,61.88650306748489,748.6659999999999,744.8760744070796,768.8326,1.7785714285714431,0.0023700065674880978,49.29749541844832,1.25,False,TREND_SUPPORT_NOT_CONFIRMED|RSI_NOT_BELOW_32|CLOSE_NOT_NEAR_OR_BELOW_LOWER_BB|CLOSE_NOT_ABOVE_MA200|RSI_RECOVERY_NOT_CONFIRMED
2026-10-10T23:28:36.394476+00:00,SIE_OLD_MR_REGIME_EXHAUSTION_CONFIRM_V1,BNB,BNBUSDT,strategy-lab-v1.0.0:SIE_OLD_MR_REGIME_EXHAUSTION_CONFIRM_V1,1791666000000,2026-10-10T21:00:00+00:00,750.47,750.59,749.84,750.13,55.20745131244717,748.9110000000001,745.4194565017928,768.67925,1.6678571428571607,0.00222342413029363,61.88650306748489,1.249999999999966,False,TREND_SUPPORT_NOT_CONFIRMED|PLANNED_REWARD_TOO_LOW|RSI_NOT_BELOW_32|CLOSE_NOT_NEAR_OR_BELOW_LOWER_BB|CLOSE_NOT_ABOVE_MA200|RSI_RECOVERY_NOT_CONFIRMED
2026-10-10T23:28:36.394476+00:00,SIE_OLD_MR_REGIME_EXHAUSTION_CONFIRM_V1,BNB,BNBUSDT,strategy-lab-v1.0.0:SIE_OLD_MR_REGIME_EXHAUSTION_CONFIRM_V1,1791669600000,2026-10-10T22:00:00+00:00,749.95,750.79,749.66,750.78,56.35313531353126,749.1965,746.0960466460734,768.5547,1.651428571428588,0.0021996171600583234,55.20745131244717,1.2500000000000344,False,TREND_SUPPORT_NOT_CONFIRMED|RSI_NOT_BELOW_32|CLOSE_NOT_NEAR_OR_BELOW_LOWER_BB|CLOSE_NOT_ABOVE_MA200
2026-10-10T23:28:36.394476+00:00,SIE_OLD_MR_REGIME_EXHAUSTION_CONFIRM_V1,BNB,BNBUSDT,strategy-lab-v1.0.0:SIE_OLD_MR_REGIME_EXHAUSTION_CONFIRM_V1,1791673200000,2026-10-10T23:00:00+00:00,750.8,750.8,750.04,750.04,53.86435331230296,749.4535,747.0454030335396,768.4374,1.5892857142857224,0.002118934609201806,56.35313531353126,1.250000000000018,False,TREND_SUPPORT_NOT_CONFIRMED|RSI_NOT_BELOW_32|CLOSE_NOT_NEAR_OR_BELOW_LOWER_BB|CLOSE_NOT_ABOVE_MA200|RSI_RECOVERY_NOT_CONFIRMED
2026-10-10T23:28:36.394476+00:00,SIE_OLD_MR_REGIME_EXHAUSTION_CONFIRM_V1,PAXG,PAXGUSDT,strategy-lab-v1.0.0:SIE_OLD_MR_REGIME_EXHAUSTION_CONFIRM_V1,1791658800000,2026-10-10T19:00:00+00:00,4182.62,4182.62,4181.02,4181.79,46.8052347959967,4182.6185000000005,4180.191384222335,4153.60965,2.2785714285714675,0.000544879448411199,48.63999999999922,1.25,False,RSI_NOT_BELOW_32|CLOSE_NOT_NEAR_OR_BELOW_LOWER_BB|RSI_RECOVERY_NOT_CONFIRMED
2026-10-10T23:28:36.394476+00:00,SIE_OLD_MR_REGIME_EXHAUSTION_CONFIRM_V1,PAXG,PAXGUSDT,strategy-lab-v1.0.0:SIE_OLD_MR_REGIME_EXHAUSTION_CONFIRM_V1,1791662400000,2026-10-10T20:00:00+00:00,4181.79,4182.62,4181.45,4182.31,49.36424831713094,4182.523,4180.207728094111,4153.41945,2.1492857142857895,0.0005138991883159759,46.8052347959967,1.2500000000002116,False,RSI_NOT_BELOW_32|CLOSE_NOT_NEAR_OR_BELOW_LOWER_BB
2026-10-10T23:28:36.394476+00:00,SIE_OLD_MR_REGIME_EXHAUSTION_CONFIRM_V1,PAXG,PAXGUSDT,strategy-lab-v1.0.0:SIE_OLD_MR_REGIME_EXHAUSTION_CONFIRM_V1,1791666000000,2026-10-10T21:00:00+00:00,4182.35,4183.66,4181.75,4183.44,59.143075745982415,4182.7045,4180.723384405647,4153.39935,2.143571428571509,0.0005123944477682265,49.36424831713094,1.2500000000001061,False,RSI_NOT_BELOW_32|CLOSE_NOT_NEAR_OR_BELOW_LOWER_BB
2026-10-10T23:28:36.394476+00:00,SIE_OLD_MR_REGIME_EXHAUSTION_CONFIRM_V1,PAXG,PAXGUSDT,strategy-lab-v1.0.0:SIE_OLD_MR_REGIME_EXHAUSTION_CONFIRM_V1,1791669600000,2026-10-10T22:00:00+00:00,4183.43,4183.43,4179.53,4180.99,39.23556942277429,4182.764499999999,4181.091341609953,4153.48935,2.190714285714356,0.000523970228513906,59.143075745982415,1.2499999999997924,False,PLANNED_REWARD_TOO_LOW|RSI_NOT_BELOW_32|RSI_RECOVERY_NOT_CONFIRMED
2026-10-10T23:28:36.394476+00:00,SIE_OLD_MR_REGIME_EXHAUSTION_CONFIRM_V1,PAXG,PAXGUSDT,strategy-lab-v1.0.0:SIE_OLD_MR_REGIME_EXHAUSTION_CONFIRM_V1,1791673200000,2026-10-10T23:00:00+00:00,4180.99,4181.0,4180.99,4181.0,39.56043956043847,4182.635499999999,4180.840345689587,4153.7115,2.1128571428572025,0.0005053473195066258,39.23556942277429,1.2499999999998923,False,PLANNED_REWARD_TOO_LOW|RSI_NOT_BELOW_32
